1.633417659752166573e+00
1.633417698895845316e+00
1.633417899554783892e+00
1.633418261732071164e+00
1.633418785430315934e+00
1.633419470651649608e+00
1.633420317397723975e+00
1.633421325669710322e+00
1.633422495468300317e+00
1.633423826793705569e+00
1.633425319645655183e+00
1.633426974023399980e+00
1.633428789925706726e+00
1.633430767350861013e+00
1.633432906296666820e+00
1.633435206760445402e+00
1.633437668739033066e+00
1.633440292228786506e+00
1.633443077225575246e+00
1.633446023724787866e+00
1.633449131721325998e+00
1.633452401209608773e+00
1.633455832183569267e+00
1.633459424636654500e+00
1.633463178561828544e+00
1.633467093951567195e+00
1.633471170797861083e+00
1.633475409092213004e+00
1.633479808825641699e+00
1.633484369988676077e+00
1.633489092571358103e+00
1.633493976563244132e+00
1.633499021953398911e+00
1.633504228730401797e+00
1.633509596882342541e+00
1.633515126396822170e+00
1.633520817260952329e+00
1.633526669461354164e+00
1.633532682984161211e+00
1.633538857815015621e+00
1.633545193939069495e+00
1.633551691340985546e+00
1.633558350004932880e+00
1.633565169914591886e+00
1.633572151053150900e+00
1.633579293403306876e+00
1.633586596947265157e+00
1.633594061666738373e+00
1.633601687542946435e+00
1.633609474556618313e+00
1.633617422687988929e+00
1.633625531916799378e+00
1.633633802222299813e+00
1.633642233583244119e+00
1.633650825977894794e+00
1.633659579384019400e+00
1.633668493778890785e+00
1.633677569139288188e+00
1.633686805441496137e+00
1.633696202661303554e+00
1.633705760774004867e+00
1.633715479754400013e+00
1.633725359576791325e+00
1.633735400214988642e+00
1.633745601642302647e+00
1.633755963831550417e+00
1.633766486755050762e+00
1.633777170384628441e+00
1.633788014691609058e+00
1.633799019646824391e+00
1.633810185220605504e+00
1.633821511382789193e+00
1.633832998102714651e+00
1.633844645349222580e+00
1.633856453090656524e+00
1.633868421294861095e+00
1.633880549929185078e+00
1.633892838960478766e+00
1.633905288355091967e+00
1.633917898078878439e+00
1.633930668097191230e+00
1.633943598374886674e+00
1.633956688876321062e+00
1.633969939565352858e+00
1.633983350405339596e+00
1.633996921359140542e+00
1.634010652389115137e+00
1.634024543457125223e+00
1.634038594524529930e+00
1.634052805552190790e+00
1.634067176500467067e+00
1.634081707329221755e+00
1.634096397997814032e+00
1.634111248465105470e+00
1.634126258689455158e+00
1.634141428628723913e+00
1.634156758240270069e+00
1.634172247480952800e+00
1.634187896307129906e+00
1.634203704674657587e+00
1.634219672538892443e+00
1.634235799854689253e+00
1.634252086576402974e+00
1.634268532657884299e+00
1.634285138052488762e+00
1.634301902713061416e+00
1.634318826591955487e+00
1.634335909641015938e+00
1.634353151811590577e+00
1.634370553054522057e+00
1.634388113320154767e+00
1.634405832558328164e+00
1.634423710718382772e+00
1.634441747749156404e+00
1.634459943598983056e+00
1.634478298215698899e+00
1.634496811546633843e+00
1.634515483538619529e+00
1.634534314137983113e+00
1.634553303290549486e+00
1.634572450941645050e+00
1.634591757036089721e+00
1.634611221518203594e+00
1.634630844331805832e+00
1.634650625420210002e+00
1.634670564726229625e+00
1.634690662192177069e+00
1.634710917759861104e+00
1.634731331370587792e+00
1.634751902965162040e+00
1.634772632483885157e+00
1.634793519866560185e+00
1.634814565052483237e+00
1.634835767980450827e+00
1.634857128588756314e+00
1.634878646815191017e+00
1.634900322597045763e+00
1.634922155871106231e+00
1.634944146573659607e+00
1.634966294640487705e+00
1.634988600006871184e+00
1.635011062607590659e+00
1.635033682376922703e+00
1.635056459248641403e+00
1.635079393156022798e+00
1.635102484031835557e+00
1.635125731808351413e+00
1.635149136417336502e+00
1.635172697790058027e+00
1.635196415857280705e+00
1.635220290549265654e+00
1.635244321795776612e+00
1.635268509526071723e+00
1.635292853668909085e+00
1.635317354152547198e+00
1.635342010904740295e+00
1.635366823852743456e+00
1.635391792923309717e+00
1.635416918042691403e+00
1.635442199136639685e+00
1.635467636130404356e+00
1.635493228948736055e+00
1.635518977515882488e+00
1.635544881755590874e+00
1.635570941591109939e+00
1.635597156945185704e+00
1.635623527740065697e+00
1.635650053897494294e+00
1.635676735338720045e+00
1.635703571984486571e+00
1.635730563755041667e+00
1.635757710570130197e+00
1.635785012348999201e+00
1.635812469010395231e+00
1.635840080472565017e+00
1.635867846653258129e+00
1.635895767469721207e+00
1.635923842838704401e+00
1.635952072676457592e+00
1.635980456898732838e+00
1.636008995420783041e+00
1.636037688157361947e+00
1.636066535022725033e+00
1.636095535930630174e+00
1.636124690794334979e+00
1.636153999526602565e+00
1.636183462039694225e+00
1.636213078245376096e+00
1.636242848054916266e+00
1.636272771379084778e+00
1.636302848128153409e+00
1.636333078211899217e+00
1.636363461539601660e+00
1.636393998020041707e+00
1.636424687561504943e+00
1.636455530071781128e+00
1.636486525458162422e+00
1.636517673627444935e+00
1.636548974485930286e+00
1.636580427939422266e+00
1.636612033893231066e+00
1.636643792252170382e+00
1.636675702920558972e+00
1.636707765802219772e+00
1.636739980800482330e+00
1.636772347818181261e+00
1.636804866757656018e+00
1.636837537520752006e+00
1.636870360008820136e+00
1.636903334122719711e+00
1.636936459762813323e+00
1.636969736828973510e+00
1.637003165220575207e+00
1.637036744836505964e+00
1.637070475575154394e+00
1.637104357334421501e+00
1.637138390011714240e+00
1.637172573503947293e+00
1.637206907707543957e+00
1.637241392518434147e+00
1.637276027832058833e+00
1.637310813543366717e+00
1.637345749546814444e+00
1.637380835736369722e+00
1.637416072005510204e+00
1.637451458247220382e+00
1.637486994353998249e+00
1.637522680217848858e+00
1.637558515730290765e+00
1.637594500782351137e+00
1.637630635264568868e+00
1.637666919066993909e+00
1.637703352079189267e+00
1.637739934190227453e+00
1.637776665288694256e+00
1.637813545262688297e+00
1.637850573999819481e+00
1.637887751387210988e+00
1.637925077311499944e+00
1.637962551658836530e+00
1.638000174314884649e+00
1.638037945164821263e+00
1.638075864093338607e+00
1.638113930984643751e+00
1.638152145722457265e+00
1.638190508190015882e+00
1.638229018270072279e+00
1.638267675844893523e+00
1.638306480796262399e+00
1.638345433005480745e+00
1.638384532353363898e+00
1.638423778720245805e+00
1.638463171985976796e+00
1.638502712029925146e+00
1.638542398730977512e+00
1.638582231967538272e+00
1.638622211617529301e+00
1.638662337558392412e+00
1.638702609667088472e+00
1.638743027820097842e+00
1.638783591893420155e+00
1.638824301762574764e+00
1.638865157302602960e+00
1.638906158388064860e+00
1.638947304893043855e+00
1.638988596691142385e+00
1.639030033655486385e+00
1.639071615658722614e+00
1.639113342573021992e+00
1.639155214270077376e+00
1.639197230621102896e+00
1.639239391496839282e+00
1.639281696767548979e+00
1.639324146303019702e+00
1.639366739972563547e+00
1.639409477645016988e+00
1.639452359188741770e+00
1.639495384471625350e+00
1.639538553361082895e+00
1.639581865724052401e+00
1.639625321427002680e+00
1.639668920335926261e+00
1.639712662316344494e+00
1.639756547233307549e+00
1.639800574951392420e+00
1.639844745334704479e+00
1.639889058246880582e+00
1.639933513551083522e+00
1.639978111110008907e+00
1.640022850785879394e+00
1.640067732440452009e+00
1.640112755935011934e+00
1.640157921130375840e+00
1.640203227886894766e+00
1.640248676064448352e+00
1.640294265522450168e+00
1.640339996119848154e+00
1.640385867715121515e+00
1.640431880166285605e+00
1.640478033330887264e+00
1.640524327066010368e+00
1.640570761228270946e+00
1.640617335673823840e+00
1.640664050258358042e+00
1.640710904837098916e+00
1.640757899264808195e+00
1.640805033395785761e+00
1.640852307083868533e+00
1.640899720182430910e+00
1.640947272544386770e+00
1.640994964022188585e+00
1.641042794467826527e+00
1.641090763732834246e+00
1.641138871668281984e+00
1.641187118124781463e+00
1.641235502952486991e+00
1.641284026001093688e+00
1.641332687119837486e+00
1.641381486157498015e+00
1.641430422962397717e+00
1.641479497382402952e+00
1.641528709264921559e+00
1.641578058456909517e+00
1.641627544804863392e+00
1.641677168154827671e+00
1.641726928352392090e+00
1.641776825242692084e+00
1.641826858670409672e+00
1.641877028479774570e+00
1.641927334514563963e+00
1.641977776618102070e+00
1.642028354633263021e+00
1.642079068402469977e+00
1.642129917767694236e+00
1.642180902570457901e+00
1.642232022651835655e+00
1.642283277852448542e+00
1.642334668012472410e+00
1.642386192971635461e+00
1.642437852569216483e+00
1.642489646644047507e+00
1.642541575034516255e+00
1.642593637578561028e+00
1.642645834113677594e+00
1.642698164476914524e+00
1.642750628504877852e+00
1.642803226033727748e+00
1.642855956899182068e+00
1.642908820936516134e+00
1.642961817980561401e+00
1.643014947865708786e+00
1.643068210425906450e+00
1.643121605494663795e+00
1.643175132905047020e+00
1.643228792489684453e+00
1.643282584080765441e+00
1.643336507510039013e+00
1.643390562608818328e+00
1.643444749207975120e+00
1.643499067137949021e+00
1.643553516228737799e+00
1.643608096309906896e+00
1.643662807210585663e+00
1.643717648759467131e+00
1.643772620784810234e+00
1.643827723114441364e+00
1.643882955575752813e+00
1.643938317995703224e+00
1.643993810200820471e+00
1.644049432017200774e+00
1.644105183270507142e+00
1.644161063785975596e+00
1.644217073388408723e+00
1.644273211902181675e+00
1.644329479151240392e+00
1.644385874959103822e+00
1.644442399148860146e+00
1.644499051543173440e+00
1.644555831964279680e+00
1.644612740233989845e+00
1.644669776173688591e+00
1.644726939604336913e+00
1.644784230346470810e+00
1.644841648220202845e+00
1.644899193045222807e+00
1.644956864640797933e+00
1.645014662825773355e+00
1.645072587418574317e+00
1.645130638237203069e+00
1.645188815099243529e+00
1.645247117821860616e+00
1.645305546221797810e+00
1.645364100115385586e+00
1.645422779318530315e+00
1.645481583646725365e+00
1.645540512915047104e+00
1.645599566938156455e+00
1.645658745530298450e+00
1.645718048505302900e+00
1.645777475676586832e+00
1.645837026857154495e+00
1.645896701859596689e+00
1.645956500496091435e+00
1.646016422578406857e+00
1.646076467917899633e+00
1.646136636325515434e+00
1.646196927611792038e+00
1.646257341586856882e+00
1.646317878060430173e+00
1.646378536841824447e+00
1.646439317739944785e+00
1.646500220563290595e+00
1.646561245119954719e+00
1.646622391217626102e+00
1.646683658663588234e+00
1.646745047264721151e+00
1.646806556827503432e+00
1.646868187158009755e+00
1.646929938061911791e+00
1.646991809344483304e+00
1.647053800810594826e+00
1.647115912264720095e+00
1.647178143510929615e+00
1.647240494352900653e+00
1.647302964593908348e+00
1.647365554036833268e+00
1.647428262484157857e+00
1.647491089737971093e+00
1.647554035599964939e+00
1.647617099871438562e+00
1.647680282353296555e+00
1.647743582846051602e+00
1.647807001149821593e+00
1.647870537064336061e+00
1.647934190388931741e+00
1.647997960922555460e+00
1.648061848463765688e+00
1.648125852810730763e+00
1.648189973761232219e+00
1.648254211112662571e+00
1.648318564662028640e+00
1.648383034205952224e+00
1.648447619540668319e+00
1.648512320462027780e+00
1.648577136765499773e+00
1.648642068246167325e+00
1.648707114698732656e+00
1.648772275917515406e+00
1.648837551696456183e+00
1.648902941829113455e+00
1.648968446108668440e+00
1.649034064327921323e+00
1.649099796279296148e+00
1.649165641754838152e+00
1.649231600546217091e+00
1.649297672444726359e+00
1.649363857241286091e+00
1.649430154726440056e+00
1.649496564690359435e+00
1.649563086922842370e+00
1.649629721213315303e+00
1.649696467350834084e+00
1.649763325124082192e+00
1.649830294321375845e+00
1.649897374730659561e+00
1.649964566139512812e+00
1.650031868335144702e+00
1.650099281104399740e+00
1.650166804233756279e+00
1.650234437509325192e+00
1.650302180716857192e+00
1.650370033641735734e+00
1.650437996068984114e+00
1.650506067783261699e+00
1.650574248568867697e+00
1.650642538209741605e+00
1.650710936489462544e+00
1.650779443191249252e+00
1.650848058097965643e+00
1.650916780992116140e+00
1.650985611655849006e+00
1.651054549870958343e+00
1.651123595418881873e+00
1.651192748080704709e+00
1.651262007637157359e+00
1.651331373868618391e+00
1.651400846555116431e+00
1.651470425476326831e+00
1.651540110411576334e+00
1.651609901139843517e+00
1.651679797439757236e+00
1.651749799089599513e+00
1.651819905867306426e+00
1.651890117550467219e+00
1.651960433916326521e+00
1.652030854741786570e+00
1.652101379803402992e+00
1.652172008877391463e+00
1.652242741739626819e+00
1.652313578165640617e+00
1.652384517930627794e+00
1.652455560809441559e+00
1.652526706576597615e+00
1.652597955006275932e+00
1.652669305872319194e+00
1.652740758948233912e+00
1.652812314007191974e+00
1.652883970822033310e+00
1.652955729165262788e+00
1.653027588809054871e+00
1.653099549525251843e+00
1.653171611085365145e+00
1.653243773260579808e+00
1.653316035821749352e+00
1.653388398539400450e+00
1.653460861183733144e+00
1.653533423524623069e+00
1.653606085331619457e+00
1.653678846373947575e+00
1.653751706420510503e+00
1.653824665239887803e+00
1.653897722600338627e+00
1.653970878269802380e+00
1.654044132015897617e+00
1.654117483605924921e+00
1.654190932806868464e+00
1.654264479385393782e+00
1.654338123107851999e+00
1.654411863740278266e+00
1.654485701048395541e+00
1.654559634797612588e+00
1.654633664753025757e+00
1.654707790679420976e+00
1.654782012341274644e+00
1.654856329502754075e+00
1.654930741927715054e+00
1.655005249379710719e+00
1.655079851621984677e+00
1.655154548417477667e+00
1.655229339528822230e+00
1.655304224718351591e+00
1.655379203748094330e+00
1.655454276379777934e+00
1.655529442374827909e+00
1.655604701494373554e+00
1.655680053499241078e+00
1.655755498149964033e+00
1.655831035206774660e+00
1.655906664429612540e+00
1.655982385578121940e+00
1.656058198411654248e+00
1.656134102689264420e+00
1.656210098169720091e+00
1.656286184611496237e+00
1.656362361772778513e+00
1.656438629411463692e+00
1.656514987285161444e+00
1.656591435151193670e+00
1.656667972766596941e+00
1.656744599888124503e+00
1.656821316272245381e+00
1.656898121675143276e+00
1.656975015852725219e+00
1.657051998560613360e+00
1.657129069554152956e+00
1.657206228588409935e+00
1.657283475418172447e+00
1.657360809797952639e+00
1.657438231481987323e+00
1.657515740224238865e+00
1.657593335778396737e+00
1.657671017897876409e+00
1.657748786335825120e+00
1.657826640845117883e+00
1.657904581178360814e+00
1.657982607087893356e+00
1.658060718325786942e+00
1.658138914643845441e+00
1.658217195793612708e+00
1.658295561526363704e+00
1.658374011593114261e+00
1.658452545744617534e+00
1.658531163731364444e+00
1.658609865303588338e+00
1.658688650211265880e+00
1.658767518204112612e+00
1.658846469031591164e+00
1.658925502442907485e+00
1.659004618187013058e+00
1.659083816012608903e+00
1.659163095668141796e+00
1.659242456901808493e+00
1.659321899461556837e+00
1.659401423095087758e+00
1.659481027549849941e+00
1.659560712573050933e+00
1.659640477911651146e+00
1.659720323312366963e+00
1.659800248521671406e+00
1.659880253285798357e+00
1.659960337350737003e+00
1.660040500462240054e+00
1.660120742365822188e+00
1.660201062806757610e+00
1.660281461530089375e+00
1.660361938280620731e+00
1.660442492802924663e+00
1.660523124841339238e+00
1.660603834139972923e+00
1.660684620442703041e+00
1.660765483493176653e+00
1.660846423034815000e+00
1.660927438810810841e+00
1.661008530564130892e+00
1.661089698037520490e+00
1.661170940973495824e+00
1.661252259114357255e+00
1.661333652202179545e+00
1.661415119978819632e+00
1.661496662185915518e+00
1.661578278564887601e+00
1.661659968856939118e+00
1.661741732803059923e+00
1.661823570144024043e+00
1.661905480620393449e+00
1.661987463972519619e+00
1.662069519940542195e+00
1.662151648264391657e+00
1.662233848683790205e+00
1.662316120938255315e+00
1.662398464767096851e+00
1.662480879909420173e+00
1.662563366104128360e+00
1.662645923089923095e+00
1.662728550605301781e+00
1.662811248388567087e+00
1.662894016177820289e+00
1.662976853710965930e+00
1.663059760725711822e+00
1.663142736959573265e+00
1.663225782149870158e+00
1.663308896033731443e+00
1.663392078348092884e+00
1.663475328829702171e+00
1.663558647215117814e+00
1.663642033240711138e+00
1.663725486642667395e+00
1.663809007156985098e+00
1.663892594519482016e+00
1.663976248465791175e+00
1.664059968731365080e+00
1.664143755051476603e+00
1.664227607161218980e+00
1.664311524795508701e+00
1.664395507689085285e+00
1.664479555576513947e+00
1.664563668192185597e+00
1.664647845270318394e+00
1.664732086544959522e+00
1.664816391749986746e+00
1.664900760619107301e+00
1.664985192885862775e+00
1.665069688283626448e+00
1.665154246545608174e+00
1.665238867404854162e+00
1.665323550594246527e+00
1.665408295846507736e+00
1.665493102894198829e+00
1.665577971469723195e+00
1.665662901305326349e+00
1.665747892133096819e+00
1.665832943684968814e+00
1.665918055692725108e+00
1.666003227887990601e+00
1.666088460002244531e+00
1.666173751766813149e+00
1.666259102912875711e+00
1.666344513171461816e+00
1.666429982273457400e+00
1.666515509949602514e+00
1.666601095930493992e+00
1.666686739946585893e+00
1.666772441728192389e+00
1.666858201005485984e+00
1.666944017508503295e+00
1.667029890967141492e+00
1.667115821111162743e+00
1.667201807670195768e+00
1.667287850373734281e+00
1.667373948951139884e+00
1.667460103131645388e+00
1.667546312644352602e+00
1.667632577218234990e+00
1.667718896582138566e+00
1.667805270464786771e+00
1.667891698594775818e+00
1.667978180700578017e+00
1.668064716510547774e+00
1.668151305752916258e+00
1.668237948155794959e+00
1.668324643447179456e+00
1.668411391354946982e+00
1.668498191606860859e+00
1.668585043930568279e+00
1.668671948053606080e+00
1.668758903703398300e+00
1.668845910607258620e+00
1.668932968492392366e+00
1.669020077085897169e+00
1.669107236114763415e+00
1.669194445305877794e+00
1.669281704386022191e+00
1.669369013081876130e+00
1.669456371120018989e+00
1.669543778226928454e+00
1.669631234128985398e+00
1.669718738552472548e+00
1.669806291223575156e+00
1.669893891868385660e+00
1.669981540212903015e+00
1.670069235983032474e+00
1.670156978904588918e+00
1.670244768703298854e+00
1.670332605104798640e+00
1.670420487834638479e+00
1.670508416618281977e+00
1.670596391181109475e+00
1.670684411248417378e+00
1.670772476545420826e+00
1.670860586797251246e+00
1.670948741728965015e+00
1.671036941065537684e+00
1.671125184531868646e+00
1.671213471852781352e+00
1.671301802753025534e+00
1.671390176957277873e+00
1.671478594190142442e+00
1.671567054176153366e+00
1.671655556639775941e+00
1.671744101305406849e+00
1.671832687897376379e+00
1.671921316139949321e+00
1.672009985757326289e+00
1.672098696473645285e+00
1.672187448012982358e+00
1.672276240099352496e+00
1.672365072456713841e+00
1.672453944808964366e+00
1.672542856879946083e+00
1.672631808393446606e+00
1.672720799073197595e+00
1.672809828642880525e+00
1.672898896826122916e+00
1.672988003346503216e+00
1.673077147927550357e+00
1.673166330292745085e+00
1.673255550165522410e+00
1.673344807269271817e+00
1.673434101327338830e+00
1.673523432063024563e+00
1.673612799199591050e+00
1.673702202460257915e+00
1.673791641568207256e+00
1.673881116246581202e+00
1.673970626218487023e+00
1.674060171206996461e+00
1.674149750935145509e+00
1.674239365125937962e+00
1.674329013502347197e+00
1.674418695787314171e+00
1.674508411703751865e+00
1.674598160974544836e+00
1.674687943322549000e+00
1.674777758470596289e+00
1.674867606141494880e+00
1.674957486058028078e+00
1.675047397942958316e+00
1.675137341519026046e+00
1.675227316508952846e+00
1.675317322635440975e+00
1.675407359621177594e+00
1.675497427188830324e+00
1.675587525061056127e+00
1.675677652960494646e+00
1.675767810609774422e+00
1.675857997731512894e+00
1.675948214048317508e+00
1.676038459282786164e+00
1.676128733157508988e+00
1.676219035395070556e+00
1.676309365718048117e+00
1.676399723849015810e+00
1.676490109510545556e+00
1.676580522425206166e+00
1.676670962315566005e+00
1.676761428904192774e+00
1.676851921913657506e+00
1.676942441066532341e+00
1.677032986085395194e+00
1.677123556692826867e+00
1.677214152611414821e+00
1.677304773563754736e+00
1.677395419272449839e+00
1.677486089460112906e+00
1.677576783849368036e+00
1.677667502162850210e+00
1.677758244123207509e+00
1.677849009453103779e+00
1.677939797875214190e+00
1.678030609112233673e+00
1.678121442886873815e+00
1.678212298921863299e+00
1.678303176939951014e+00
1.678394076663908496e+00
1.678484997816526603e+00
1.678575940120617949e+00
1.678666903299023350e+00
1.678757887074604938e+00
1.678848891170253488e+00
1.678939915308886199e+00
1.679030959213446250e+00
1.679122022606909459e+00
1.679213105212279844e+00
1.679304206752594730e+00
1.679395326950923639e+00
1.679486465530367623e+00
1.679577622214066146e+00
1.679668796725189983e+00
1.679759988786951208e+00
1.679851198122595646e+00
1.679942424455411532e+00
1.680033667508724626e+00
1.680124927005901103e+00
1.680216202670352432e+00
1.680307494225530274e+00
1.680398801394930475e+00
1.680490123902095734e+00
1.680581461470613158e+00
1.680672813824117151e+00
1.680764180686290743e+00
1.680855561780865814e+00
1.680946956831624428e+00
1.681038365562398829e+00
1.681129787697075217e+00
1.681221222959591977e+00
1.681312671073940557e+00
1.681404131764169252e+00
1.681495604754380979e+00
1.681587089768735943e+00
1.681678586531452746e+00
1.681770094766808166e+00
1.681861614199141153e+00
1.681953144552849055e+00
1.682044685552390728e+00
1.682136236922290085e+00
1.682227798387132545e+00
1.682319369671571030e+00
1.682410950500321078e+00
1.682502540598165286e+00
1.682594139689956858e+00
1.682685747500612283e+00
1.682777363755121991e+00
1.682868988178544800e+00
1.682960620496009252e+00
1.683052260432718716e+00
1.683143907713947618e+00
1.683235562065045432e+00
1.683327223211435575e+00
1.683418890878618512e+00
1.683510564792168651e+00
1.683602244677741888e+00
1.683693930261068505e+00
1.683785621267960497e+00
1.683877317424310016e+00
1.683969018456087152e+00
1.684060724089349037e+00
1.684152434050231628e+00
1.684244148064955038e+00
1.684335865859825532e+00
1.684427587161232642e+00
1.684519311695653832e+00
1.684611039189653603e+00
1.684702769369881503e+00
1.684794501963080560e+00
1.684886236696078621e+00
1.684977973295797016e+00
1.685069711489246780e+00
1.685161451003532207e+00
1.685253191565849296e+00
1.685344932903488191e+00
1.685436674743834073e+00
1.685528416814366937e+00
1.685620158842661587e+00
1.685711900556392751e+00
1.685803641683330412e+00
1.685895381951342475e+00
1.685987121088400320e+00
1.686078858822570137e+00
1.686170594882022034e+00
1.686262328995028037e+00
1.686354060889961648e+00
1.686445790295298064e+00
1.686537516939619508e+00
1.686629240551611675e+00
1.686720960860064178e+00
1.686812677593875431e+00
1.686904390482048433e+00
1.686996099253697423e+00
1.687087803638040562e+00
1.687179503364409250e+00
1.687271198162242136e+00
1.687362887761090446e+00
1.687454571890616206e+00
1.687546250280592908e+00
1.687637922660908174e+00
1.687729588761561983e+00
1.687821248312670219e+00
1.687912901044462455e+00
1.688004546687285501e+00
1.688096184971600966e+00
1.688187815627988142e+00
1.688279438387145559e+00
1.688371052979888542e+00
1.688462659137152766e+00
1.688554256589992919e+00
1.688645845069586704e+00
1.688737424307230395e+00
1.688828994034343722e+00
1.688920553982468098e+00
1.689012103883270832e+00
1.689103643468540028e+00
1.689195172470190132e+00
1.689286690620262155e+00
1.689378197650921010e+00
1.689469693294459285e+00
1.689561177283297910e+00
1.689652649349983715e+00
1.689744109227193647e+00
1.689835556647734771e+00
1.689926991344541607e+00
1.690018413050681678e+00
1.690109821499352405e+00
1.690201216423883990e+00
1.690292597557738752e+00
1.690383964634512459e+00
1.690475317387932996e+00
1.690566655551866138e+00
1.690657978860308663e+00
1.690749287047395466e+00
1.690840579847397551e+00
1.690931856994722704e+00
1.691023118223915045e+00
1.691114363269658138e+00
1.691205591866773883e+00
1.691296803750222510e+00
1.691387998655106806e+00
1.691479176316666111e+00
1.691570336470284319e+00
1.691661478851484546e+00
1.691752603195934901e+00
1.691843709239443827e+00
1.691934796717963652e+00
1.692025865367591919e+00
1.692116914924570503e+00
1.692207945125284940e+00
1.692298955706268648e+00
1.692389946404200263e+00
1.692480916955904302e+00
1.692571867098355609e+00
1.692662796568673578e+00
1.692753705104129480e+00
1.692844592442140916e+00
1.692935458320278030e+00
1.693026302476257960e+00
1.693117124647952387e+00
1.693207924573381096e+00
1.693298701990717303e+00
1.693389456638286550e+00
1.693480188254568253e+00
1.693570896578194152e+00
1.693661581347949419e+00
1.693752242302777100e+00
1.693842879181771233e+00
1.693933491724185281e+00
1.694024079669426586e+00
1.694114642757061251e+00
1.694205180726809923e+00
1.694295693318554008e+00
1.694386180272332343e+00
1.694476641328341193e+00
1.694567076226938473e+00
1.694657484708641304e+00
1.694747866514127121e+00
1.694838221384233679e+00
1.694928549059961931e+00
1.695018849282473594e+00
1.695109121793093143e+00
1.695199366333308921e+00
1.695289582644772253e+00
1.695379770469298553e+00
1.695469929548867105e+00
1.695560059625625060e+00
1.695650160441881660e+00
1.695740231740115123e+00
1.695830273262968646e+00
1.695920284753253293e+00
1.696010265953947993e+00
1.696100216608199096e+00
1.696190136459322595e+00
1.696280025250802570e+00
1.696369882726293632e+00
1.696459708629620922e+00
1.696549502704778556e+00
1.696639264695933846e+00
1.696728994347424857e+00
1.696818691403761070e+00
1.696908355609625829e+00
1.696997986709874784e+00
1.697087584449538333e+00
1.697177148573819849e+00
1.697266678828098119e+00
1.697356174957926456e+00
1.697445636709034478e+00
1.697535063827326773e+00
1.697624456058886455e+00
1.697713813149971163e+00
1.697803134847018836e+00
1.697892420896643051e+00
1.697981671045637464e+00
1.698070885040974032e+00
1.698160062629805234e+00
1.698249203559461851e+00
1.698338307577456963e+00
1.698427374431483283e+00
1.698516403869416047e+00
1.698605395639311455e+00
1.698694349489408228e+00
1.698783265168129608e+00
1.698872142424079579e+00
1.698960981006048199e+00
1.699049780663009379e+00
1.699138541144121772e+00
1.699227262198728106e+00
1.699315943576359400e+00
1.699404585026731196e+00
1.699493186299746661e+00
1.699581747145495036e+00
1.699670267314254968e+00
1.699758746556493172e+00
1.699847184622863328e+00
1.699935581264210072e+00
1.700023936231567001e+00
1.700112249276158449e+00
1.700200520149399486e+00
1.700288748602895694e+00
1.700376934388444505e+00
1.700465077258035418e+00
1.700553176963851776e+00
1.700641233258267659e+00
1.700729245893853214e+00
1.700817214623371987e+00
1.700905139199780258e+00
1.700993019376231707e+00
1.701080854906075635e+00
1.701168645542854962e+00
1.701256391040312677e+00
1.701344091152385829e+00
1.701431745633209758e+00
1.701519354237119641e+00
1.701606916718646501e+00
1.701694432832522308e+00
1.701781902333677987e+00
1.701869324977244968e+00
1.701956700518555188e+00
1.702044028713138646e+00
1.702131309316732288e+00
1.702218542085270236e+00
1.702305726774893779e+00
1.702392863141942714e+00
1.702479950942962450e+00
1.702566989934702901e+00
1.702653979874118706e+00
1.702740920518368117e+00
1.702827811624815890e+00
1.702914652951033947e+00
1.703001444254798269e+00
1.703088185294094892e+00
1.703174875827115020e+00
1.703261515612259913e+00
1.703348104408138886e+00
1.703434641973570196e+00
1.703521128067581714e+00
1.703607562449412915e+00
1.703693944878511113e+00
1.703780275114539666e+00
1.703866552917368660e+00
1.703952778047084227e+00
1.704038950263983443e+00
1.704125069328578990e+00
1.704211135001594490e+00
1.704297147043970284e+00
1.704383105216862093e+00
1.704469009281638137e+00
1.704554858999887568e+00
1.704640654133413147e+00
1.704726394444233906e+00
1.704812079694590032e+00
1.704897709646937320e+00
1.704983284063951610e+00
1.705068802708528120e+00
1.705154265343781672e+00
1.705239671733048024e+00
1.705325021639884087e+00
1.705410314828068152e+00
1.705495551061601001e+00
1.705580730104706566e+00
1.705665851721831494e+00
1.705750915677647361e+00
1.705835921737049343e+00
1.705920869665157102e+00
1.706005759227318563e+00
1.706090590189105471e+00
1.706175362316318056e+00
1.706260075374982588e+00
1.706344729131353821e+00
1.706429323351916105e+00
1.706513857803381828e+00
1.706598332252693861e+00
1.706682746467025780e+00
1.706767100213781196e+00
1.706851393260596428e+00
1.706935625375337828e+00
1.707019796326108452e+00
1.707103905881241390e+00
1.707187953809305103e+00
1.707271939879102751e+00
1.707355863859672862e+00
1.707439725520288887e+00
1.707523524630462752e+00
1.707607260959942641e+00
1.707690934278712991e+00
1.707774544356999380e+00
1.707858090965264530e+00
1.707941573874211194e+00
1.708024992854783930e+00
1.708108347678165995e+00
1.708191638115783562e+00
1.708274863939306609e+00
1.708358024920643814e+00
1.708441120831952542e+00
1.708524151445630856e+00
1.708607116534322623e+00
1.708690015870918399e+00
1.708772849228554991e+00
1.708855616380612563e+00
1.708938317100724413e+00
1.709020951162767643e+00
1.709103518340871375e+00
1.709186018409412755e+00
1.709268451143018952e+00
1.709350816316569599e+00
1.709433113705195018e+00
1.709515343084277772e+00
1.709597504229454890e+00
1.709679596916616307e+00
1.709761620921905312e+00
1.709843576021722544e+00
1.709925461992723772e+00
1.710007278611821002e+00
1.710089025656184702e+00
1.710170702903242024e+00
1.710252310130678799e+00
1.710333847116442874e+00
1.710415313638740331e+00
1.710496709476037713e+00
1.710578034407065573e+00
1.710659288210814921e+00
1.710740470666542112e+00
1.710821581553764847e+00
1.710902620652267281e+00
1.710983587742098910e+00
1.711064482603575465e+00
1.711145305017279128e+00
1.711226054764060756e+00
1.711306731625039212e+00
1.711387335381602481e+00
1.711467865815409439e+00
1.711548322708388969e+00
1.711628705842742626e+00
1.711709015000942857e+00
1.711789249965737447e+00
1.711869410520146184e+00
1.711949496447463970e+00
1.712029507531263928e+00
1.712109443555392740e+00
1.712189304303974202e+00
1.712269089561411661e+00
1.712348799112387132e+00
1.712428432741861295e+00
1.712507990235076383e+00
1.712587471377555293e+00
1.712666875955104251e+00
1.712746203753809038e+00
1.712825454560044092e+00
1.712904628160464293e+00
1.712983724342011849e+00
1.713062742891915624e+00
1.713141683597691145e+00
1.713220546247141041e+00
1.713299330628358819e+00
1.713378036529724202e+00
1.713456663739912234e+00
1.713535212047885725e+00
1.713613681242900366e+00
1.713692071114505611e+00
1.713770381452545788e+00
1.713848612047157882e+00
1.713926762688775751e+00
1.714004833168131459e+00
1.714082823276251055e+00
1.714160732804462350e+00
1.714238561544390915e+00
1.714316309287962747e+00
1.714393975827403604e+00
1.714471560955244112e+00
1.714549064464314654e+00
1.714626486147752260e+00
1.714703825798996162e+00
1.714781083211792234e+00
1.714858258180194106e+00
1.714935350498559163e+00
1.715012359961556987e+00
1.715089286364164467e+00
1.715166129501669356e+00
1.715242889169670049e+00
1.715319565164076687e+00
1.715396157281113831e+00
1.715472665317317125e+00
1.715549089069539290e+00
1.715625428334949243e+00
1.715701682911030979e+00
1.715777852595586683e+00
1.715853937186736733e+00
1.715929936482923024e+00
1.716005850282903644e+00
1.716081678385763309e+00
1.716157420590904925e+00
1.716233076698057802e+00
1.716308646507273217e+00
1.716384129818929516e+00
1.716459526433728788e+00
1.716534836152703747e+00
1.716610058777212178e+00
1.716685194108943824e+00
1.716760241949914834e+00
1.716835202102475533e+00
1.716910074369307537e+00
1.716984858553424864e+00
1.717059554458175707e+00
1.717134161887243993e+00
1.717208680644648933e+00
1.717283110534746804e+00
1.717357451362231835e+00
1.717431702932136428e+00
1.717505865049833824e+00
1.717579937521038769e+00
1.717653920151806624e+00
1.717727812748536698e+00
1.717801615117970693e+00
1.717875327067195590e+00
1.717948948403646536e+00
1.718022478935102626e+00
1.718095918469692007e+00
1.718169266815892549e+00
1.718242523782529396e+00
1.718315689178781858e+00
1.718388762814179183e+00
1.718461744498604338e+00
1.718534634042292009e+00
1.718607431255836593e+00
1.718680135950181986e+00
1.718752747936634906e+00
1.718825267026856451e+00
1.718897693032868101e+00
1.718970025767050158e+00
1.719042265042144857e+00
1.719114410671257476e+00
1.719186462467853893e+00
1.719258420245765029e+00
1.719330283819187510e+00
1.719402053002682784e+00
1.719473727611179781e+00
1.719545307459976913e+00
1.719616792364738966e+00
1.719688182141501764e+00
1.719759476606675719e+00
1.719830675577037615e+00
1.719901778869741271e+00
1.719972786302312651e+00
1.720043697692654527e+00
1.720114512859044709e+00
1.720185231620137811e+00
1.720255853794968148e+00
1.720326379202947953e+00
1.720396807663871375e+00
1.720467138997910928e+00
1.720537373025623928e+00
1.720607509567948945e+00
1.720677548446210903e+00
1.720747489482119086e+00
1.720817332497767360e+00
1.720887077315640168e+00
1.720956723758606755e+00
1.721026271649928274e+00
1.721095720813254681e+00
1.721165071072629837e+00
1.721234322252484628e+00
1.721303474177648507e+00
1.721372526673341952e+00
1.721441479565182231e+00
1.721510332679182742e+00
1.721579085841753454e+00
1.721647738879704237e+00
1.721716291620241313e+00
1.721784743890973468e+00
1.721853095519910726e+00
1.721921346335464342e+00
1.721989496166448363e+00
1.722057544842081844e+00
1.722125492191989737e+00
1.722193338046201339e+00
1.722261082235154950e+00
1.722328724589695659e+00
1.722396264941076449e+00
1.722463703120963752e+00
1.722531038961431005e+00
1.722598272294967536e+00
1.722665402954472791e+00
1.722732430773259882e+00
1.722799355585058700e+00
1.722866177224014583e+00
1.722932895524687424e+00
1.722999510322057670e+00
1.723066021451521213e+00
1.723132428748896050e+00
1.723198732050421622e+00
1.723264931192755256e+00
1.723331026012978828e+00
1.723397016348596988e+00
1.723462902037539601e+00
1.723528682918159749e+00
1.723594358829237949e+00
1.723659929609981489e+00
1.723725395100026647e+00
1.723790755139435804e+00
1.723856009568703662e+00
1.723921158228754136e+00
1.723986200960942794e+00
1.724051137607058637e+00
1.724115968009322541e+00
1.724180692010389704e+00
1.724245309453352304e+00
1.724309820181736619e+00
1.724374224039507242e+00
1.724438520871063973e+00
1.724502710521247817e+00
1.724566792835337647e+00
1.724630767659054209e+00
1.724694634838557672e+00
1.724758394220452073e+00
1.724822045651782654e+00
1.724885588980039408e+00
1.724949024053156643e+00
1.725012350719513199e+00
1.725075568827936223e+00
1.725138678227698730e+00
1.725201678768521818e+00
1.725264570300574229e+00
1.725327352674475678e+00
1.725390025741296185e+00
1.725452589352555632e+00
1.725515043360228651e+00
1.725577387616739067e+00
1.725639621974966564e+00
1.725701746288244243e+00
1.725763760410361503e+00
1.725825664195562270e+00
1.725887457498548105e+00
1.725949140174477758e+00
1.726010712078967169e+00
1.726072173068093685e+00
1.726133522998391401e+00
1.726194761726857374e+00
1.726255889110948960e+00
1.726316905008584701e+00
1.726377809278147435e+00
1.726438601778482074e+00
1.726499282368897603e+00
1.726559850909169969e+00
1.726620307259538079e+00
1.726680651280708689e+00
1.726740882833854851e+00
1.726801001780617462e+00
1.726861007983106377e+00
1.726920901303899969e+00
1.726980681606044898e+00
1.727040348753062560e+00
1.727099902608940418e+00
1.727159343038141337e+00
1.727218669905597581e+00
1.727277883076717035e+00
1.727336982417381206e+00
1.727395967793943221e+00
1.727454839073235382e+00
1.727513596122560058e+00
1.727572238809702121e+00
1.727630767002918288e+00
1.727689180570945782e+00
1.727747479382998774e+00
1.727805663308770168e+00
1.727863732218430926e+00
1.727921685982635180e+00
1.727979524472512907e+00
1.728037247559679912e+00
1.728094855116229844e+00
1.728152347014740631e+00
1.728209723128272257e+00
1.728266983330366990e+00
1.728324127495052265e+00
1.728381155496839350e+00
1.728438067210725126e+00
1.728494862512191199e+00
1.728551541277204118e+00
1.728608103382217820e+00
1.728664548704174520e+00
1.728720877120501598e+00
1.728777088509116266e+00
1.728833182748421349e+00
1.728889159717312829e+00
1.728945019295173191e+00
1.729000761361874305e+00
1.729056385797780537e+00
1.729111892483744750e+00
1.729167281301114523e+00
1.729222552131725266e+00
1.729277704857905551e+00
1.729332739362478000e+00
1.729387655528757062e+00
1.729442453240551014e+00
1.729497132382161739e+00
1.729551692838384946e+00
1.729606134494511949e+00
1.729660457236328108e+00
1.729714660950113947e+00
1.729768745522647810e+00
1.729822710841200983e+00
1.729876556793544129e+00
1.729930283267944180e+00
1.729983890153163895e+00
1.730037377338464077e+00
1.730090744713605355e+00
1.730143992168844180e+00
1.730197119594935939e+00
1.730250126883137396e+00
1.730303013925201139e+00
1.730355780613380690e+00
1.730408426840430280e+00
1.730460952499602190e+00
1.730513357484652071e+00
1.730565641689832956e+00
1.730617805009901033e+00
1.730669847340112311e+00
1.730721768576225505e+00
1.730773568614500713e+00
1.730825247351699181e+00
1.730876804685085313e+00
1.730928240512425109e+00
1.730979554731987724e+00
1.731030747242545909e+00
1.731081817943374013e+00
1.731132766734249762e+00
1.731183593515456254e+00
1.731234298187778187e+00
1.731284880652504521e+00
1.731335340811429591e+00
1.731385678566851327e+00
1.731435893821568817e+00
1.731485986478890959e+00
1.731535956442628699e+00
1.731585803617096575e+00
1.731635527907117389e+00
1.731685129218014652e+00
1.731734607455621466e+00
1.731783962526272980e+00
1.731833194336810600e+00
1.731882302794582662e+00
1.731931287807441766e+00
1.731980149283745885e+00
1.732028887132359474e+00
1.732077501262653474e+00
1.732125991584501756e+00
1.732174358008289783e+00
1.732222600444901284e+00
1.732270718805733800e+00
1.732318713002685806e+00
1.732366582948163147e+00
1.732414328555079486e+00
1.732461949736852302e+00
1.732509446407406450e+00
1.732556818481172378e+00
1.732604065873088128e+00
1.732651188498595785e+00
1.732698186273645025e+00
1.732745059114691788e+00
1.732791806938696055e+00
1.732838429663126290e+00
1.732884927205955439e+00
1.732931299485663157e+00
1.732977546421234250e+00
1.733023667932159784e+00
1.733069663938436866e+00
1.733115534360567533e+00
1.733161279119559417e+00
1.733206898136925966e+00
1.733252391334685560e+00
1.733297758635363284e+00
1.733342999961986708e+00
1.733388115238091221e+00
1.733433104387714030e+00
1.733477967335400161e+00
1.733522704006197346e+00
1.733567314325658026e+00
1.733611798219838684e+00
1.733656155615301842e+00
1.733700386439110508e+00
1.733744490618835510e+00
1.733788468082546830e+00
1.733832318758821378e+00
1.733876042576736998e+00
1.733919639465876683e+00
1.733963109356324139e+00
1.734006452178666224e+00
1.734049667863992727e+00
1.734092756343894148e+00
1.734135717550465472e+00
1.734178551416298619e+00
1.734221257874492439e+00
1.734263836858642938e+00
1.734306288302847943e+00
1.734348612141705104e+00
1.734390808310314780e+00
1.734432876744274932e+00
1.734474817379682676e+00
1.734516630153136507e+00
1.734558315001732742e+00
1.734599871863067300e+00
1.734641300675232811e+00
1.734682601376820843e+00
1.734723773906922561e+00
1.734764818205122960e+00
1.734805734211506634e+00
1.734846521866654223e+00
1.734887181111641974e+00
1.734927711888042845e+00
1.734968114137924955e+00
1.735008387803851804e+00
1.735048532828881163e+00
1.735088549156565740e+00
1.735128436730952961e+00
1.735168195496582300e+00
1.735207825398486614e+00
1.735247326382191702e+00
1.735286698393716520e+00
1.735325941379570747e+00
1.735365055286755664e+00
1.735404040062763498e+00
1.735442895655578521e+00
1.735481622013672176e+00
1.735520219086007954e+00
1.735558686822036289e+00
1.735597025171699226e+00
1.735635234085423084e+00
1.735673313514125127e+00
1.735711263409208227e+00
1.735749083722561759e+00
1.735786774406561817e+00
1.735824335414069219e+00
1.735861766698430841e+00
1.735899068213477614e+00
1.735936239913524748e+00
1.735973281753369069e+00
1.736010193688292791e+00
1.736046975674060189e+00
1.736083627666915374e+00
1.736120149623584963e+00
1.736156541501276518e+00
1.736192803257676331e+00
1.736228934850951866e+00
1.736264936239747092e+00
1.736300807383186928e+00
1.736336548240872357e+00
1.736372158772880203e+00
1.736407638939766462e+00
1.736442988702561419e+00
1.736478208022771197e+00
1.736513296862373767e+00
1.736548255183824718e+00
1.736583082950050594e+00
1.736617780124451116e+00
1.736652346670897629e+00
1.736686782553733766e+00
1.736721087737771230e+00
1.736755262188294680e+00
1.736789305871057287e+00
1.736823218752277631e+00
1.736857000798645689e+00
1.736890651977318401e+00
1.736924172255916554e+00
1.736957561602528344e+00
1.736990819985706924e+00
1.737023947374470856e+00
1.737056943738299220e+00
1.737089809047136280e+00
1.737122543271388375e+00
1.737155146381921256e+00
1.737187618350063412e+00
1.737219959147602300e+00
1.737252168746785008e+00
1.737284247120314928e+00
1.737316194241355305e+00
1.737348010083526129e+00
1.737379694620900805e+00
1.737411247828010374e+00
1.737442669679839957e+00
1.737473960151828978e+00
1.737505119219866279e+00
1.737536146860296782e+00
1.737567043049914828e+00
1.737597807765965507e+00
1.737628440986142442e+00
1.737658942688589114e+00
1.737689312851898205e+00
1.737719551455106481e+00
1.737749658477698356e+00
1.737779633899605214e+00
1.737809477701201422e+00
1.737839189863304989e+00
1.737868770367176907e+00
1.737898219194521587e+00
1.737927536327483091e+00
1.737956721748646460e+00
1.737985775441034608e+00
1.738014697388113206e+00
1.738043487573781132e+00
1.738072145982374916e+00
1.738100672598669849e+00
1.738129067407873540e+00
1.738157330395628142e+00
1.738185461548009680e+00
1.738213460851526726e+00
1.738241328293118837e+00
1.738269063860156116e+00
1.738296667540436991e+00
1.738324139322192208e+00
1.738351479194076843e+00
1.738378687145173851e+00
1.738405763164992512e+00
1.738432707243467101e+00
1.738459519370956663e+00
1.738486199538240351e+00
1.738512747736524755e+00
1.738539163957431688e+00
1.738565448193008400e+00
1.738591600435718698e+00
1.738617620678445830e+00
1.738643508914489599e+00
1.738669265137567699e+00
1.738694889341812155e+00
1.738720381521770442e+00
1.738745741672403033e+00
1.738770969789083409e+00
1.738796065867595830e+00
1.738821029904137339e+00
1.738845861895313094e+00
1.738870561838137263e+00
1.738895129730032130e+00
1.738919565568825432e+00
1.738943869352752802e+00
1.738968041080453109e+00
1.738992080750970448e+00
1.739015988363750376e+00
1.739039763918640569e+00
1.739063407415890383e+00
1.739086918856148190e+00
1.739110298240460928e+00
1.739133545570274775e+00
1.739156660847431590e+00
1.739179644074168030e+00
1.739202495253118430e+00
1.739225214387308815e+00
1.739247801480158673e+00
1.739270256535478509e+00
1.739292579557470519e+00
1.739314770550726363e+00
1.739336829520226502e+00
1.739358756471338197e+00
1.739380551409817288e+00
1.739402214341802866e+00
1.739423745273819932e+00
1.739445144212778072e+00
1.739466411165967674e+00
1.739487546141060825e+00
1.739508549146112859e+00
1.739529420189553477e+00
1.739550159280195629e+00
1.739570766427228188e+00
1.739591241640214614e+00
1.739611584929095844e+00
1.739631796304186739e+00
1.739651875776174528e+00
1.739671823356119473e+00
1.739691639055453098e+00
1.739711322885976852e+00
1.739730874859861220e+00
1.739750294989644397e+00
1.739769583288232280e+00
1.739788739768896697e+00
1.739807764445274518e+00
1.739826657331366100e+00
1.739845418441534175e+00
1.739864047790504964e+00
1.739882545393364177e+00
1.739900911265557681e+00
1.739919145422889724e+00
1.739937247881521820e+00
1.739955218657974312e+00
1.739973057769120590e+00
1.739990765232189762e+00
1.740008341064763320e+00
1.740025785284777582e+00
1.740043097910517700e+00
1.740060278960620321e+00
1.740077328454071592e+00
1.740094246410206047e+00
1.740111032848703498e+00
1.740127687789592592e+00
1.740144211253246143e+00
1.740160603260381134e+00
1.740176863832056720e+00
1.740192992989674670e+00
1.740208990754977592e+00
1.740224857150049820e+00
1.740240592197311864e+00
1.740256195919523519e+00
1.740271668339780753e+00
1.740287009481515934e+00
1.740302219368496939e+00
1.740317298024823600e+00
1.740332245474928374e+00
1.740347061743578561e+00
1.740361746855867642e+00
1.740376300837221279e+00
1.740390723713393761e+00
1.740405015510466447e+00
1.740419176254846656e+00
1.740433205973267894e+00
1.740447104692787850e+00
1.740460872440787510e+00
1.740474509244970491e+00
1.740488015133361488e+00
1.740501390134306714e+00
1.740514634276469241e+00
1.740527747588833218e+00
1.740540730100698097e+00
1.740553581841680408e+00
1.740566302841713098e+00
1.740578893131040417e+00
1.740591352740222586e+00
1.740603681700130467e+00
1.740615880041947783e+00
1.740627947797167119e+00
1.740639884997589482e+00
1.740651691675326740e+00
1.740663367862795186e+00
1.740674913592718642e+00
1.740686328898127133e+00
1.740697613812351996e+00
1.740708768369031212e+00
1.740719792602103189e+00
1.740730686545807426e+00
1.740741450234682519e+00
1.740752083703569486e+00
1.740762586987604887e+00
1.740772960122224378e+00
1.740783203143157820e+00
1.740793316086432618e+00
1.740803298988368386e+00
1.740813151885580057e+00
1.740822874814973664e+00
1.740832467813747675e+00
1.740841930919388991e+00
1.740851264169676282e+00
1.740860467602675765e+00
1.740869541256740538e+00
1.740878485170511469e+00
1.740887299382913866e+00
1.740895983933158808e+00
1.740904538860740258e+00
1.740912964205435731e+00
1.740921260007302740e+00
1.740929426306682792e+00
1.740937463144192954e+00
1.740945370560733618e+00
1.740953148597480737e+00
1.740960797295887152e+00
1.740968316697683704e+00
1.740975706844873461e+00
1.740982967779737045e+00
1.740990099544825309e+00
1.740997102182965106e+00
1.741003975737251741e+00
1.741010720251050525e+00
1.741017335767999663e+00
1.741023822332004034e+00
1.741030179987234527e+00
1.741036408778133593e+00
1.741042508749406137e+00
1.741048479946022631e+00
1.741054322413217337e+00
1.741060036196488969e+00
1.741065621341598257e+00
1.741071077894566610e+00
1.741076405901677004e+00
1.741081605409470878e+00
1.741086676464749905e+00
1.741091619114571332e+00
1.741096433406251753e+00
1.741101119387363116e+00
1.741105677105732275e+00
1.741110106609439434e+00
1.741114407946821707e+00
1.741118581166464008e+00
1.741122626317205491e+00
1.741126543448137554e+00
1.741130332608598730e+00
1.741133993848178463e+00
1.741137527216713332e+00
1.741140932764288829e+00
1.741144210541234250e+00
1.741147360598127580e+00
1.741150382985790834e+00
1.741153277755288276e+00
1.741156044957929749e+00
1.741158684645264687e+00
1.741161196869086103e+00
1.741163581681427042e+00
1.741165839134560134e+00
1.741167969280996042e+00
1.741169972173486125e+00
1.741171847865016664e+00
1.741173596408810420e+00
1.741175217858326851e+00
1.741176712267260340e+00
1.741178079689537306e+00
1.741179320179319534e+00
1.741180433791001070e+00
1.741181420579205774e+00
1.741182280598789323e+00
1.741183013904836319e+00
1.741183620552662292e+00
1.741184100597811257e+00
1.741184454096052381e+00
1.741184681103382204e+00
