-8.896685493767496344e-02
-8.896665126193753492e-02
-8.896623705770360935e-02
-8.896561240096316492e-02
-8.896477736824152938e-02
-8.896373203659936613e-02
-8.896247648363338201e-02
-8.896101078747646607e-02
-8.895933502679831406e-02
-8.895744928080556724e-02
-8.895535362924252010e-02
-8.895304815239125917e-02
-8.895053293107227366e-02
-8.894780804664483009e-02
-8.894487358100730545e-02
-8.894172961659774224e-02
-8.893837623639441747e-02
-8.893481352391588435e-02
-8.893104156322191589e-02
-8.892706043891360213e-02
-8.892287023613407171e-02
-8.891847104056879725e-02
-8.891386293844626143e-02
-8.890904601653822070e-02
-8.890402036216032977e-02
-8.889878606317279386e-02
-8.889334320798056299e-02
-8.888769188553409528e-02
-8.888183218532982877e-02
-8.887576419741061162e-02
-8.886948801236640993e-02
-8.886300372133471015e-02
-8.885631141600101868e-02
-8.884941118859975007e-02
-8.884230313191437967e-02
-8.883498733927824853e-02
-8.882746390457503527e-02
-8.881973292223947769e-02
-8.881179448725777525e-02
-8.880364869516833848e-02
-8.879529564206230241e-02
-8.878673542458415113e-02
-8.877796813993239777e-02
-8.876899388586007023e-02
-8.875981276067536341e-02
-8.875042486324252744e-02
-8.874083029298215908e-02
-8.873102914987185397e-02
-8.872102153444727524e-02
-8.871080754780226452e-02
-8.870038729158991053e-02
-8.868976086802299319e-02
-8.867892837987478849e-02
-8.866788993047963752e-02
-8.865664562373366808e-02
-8.864519556409555801e-02
-8.863353985658717349e-02
-8.862167860679417974e-02
-8.860961192086708182e-02
-8.859733990552133565e-02
-8.858486266803876352e-02
-8.857218031626779009e-02
-8.855929295862441375e-02
-8.854620070409273402e-02
-8.853290366222599239e-02
-8.851940194314704413e-02
-8.850569565754921875e-02
-8.849178491669719426e-02
-8.847766983242746908e-02
-8.846335051714951381e-02
-8.844882708384613212e-02
-8.843409964607465423e-02
-8.841916831796738097e-02
-8.840403321423261074e-02
-8.838869445015526405e-02
-8.837315214159779941e-02
-8.835740640500094889e-02
-8.834145735738463401e-02
-8.832530511634867354e-02
-8.830894980007360229e-02
-8.829239152732161477e-02
-8.827563041743724526e-02
-8.825866659034826978e-02
-8.824150016656669149e-02
-8.822413126718933740e-02
-8.820656001389873269e-02
-8.818878652896422476e-02
-8.817081093524259394e-02
-8.815263335617896934e-02
-8.813425391580767543e-02
-8.811567273875324513e-02
-8.809688995023111369e-02
-8.807790567604860399e-02
-8.805872004260574537e-02
-8.803933317689627280e-02
-8.801974520650845957e-02
-8.799995625962596379e-02
-8.797996646502874440e-02
-8.795977595209412969e-02
-8.793938485079745571e-02
-8.791879329171323199e-02
-8.789800140601589096e-02
-8.787700932548075938e-02
-8.785581718248502980e-02
-8.783442511000867647e-02
-8.781283324163530191e-02
-8.779104171155312220e-02
-8.776905065455599397e-02
-8.774686020604426095e-02
-8.772447050202566987e-02
-8.770188167911639743e-02
-8.767909387454200787e-02
-8.765610722613832728e-02
-8.763292187235251218e-02
-8.760953795224386831e-02
-8.758595560548497472e-02
-8.756217497236257197e-02
-8.753819619377840866e-02
-8.751401941125050432e-02
-8.748964476691392655e-02
-8.746507240352167922e-02
-8.744030246444590981e-02
-8.741533509367881150e-02
-8.739017043583353905e-02
-8.736480863614519421e-02
-8.733924984047199136e-02
-8.731349419529600697e-02
-8.728754184772434532e-02
-8.726139294549004055e-02
-8.723504763695313913e-02
-8.720850607110160191e-02
-8.718176839755244212e-02
-8.715483476655251638e-02
-8.712770532897970432e-02
-8.710038023634385229e-02
-8.707285964078793905e-02
-8.704514369508871419e-02
-8.701723255265805812e-02
-8.698912636754381478e-02
-8.696082529443095732e-02
-8.693232948864233756e-02
-8.690363910614005982e-02
-8.687475430352607775e-02
-8.684567523804360978e-02
-8.681640206757788858e-02
-8.678693495065732677e-02
-8.675727404645446061e-02
-8.672741951478687983e-02
-8.669737151611850434e-02
-8.666713021156033370e-02
-8.663669576287164054e-02
-8.660606833246088654e-02
-8.657524808338681876e-02
-8.654423517935939947e-02
-8.651302978474095795e-02
-8.648163206454703711e-02
-8.645004218444748978e-02
-8.641826031076767223e-02
-8.638628661048909640e-02
-8.635412125125072058e-02
-8.632176440134994855e-02
-8.628921622974347616e-02
-8.625647690604847095e-02
-8.622354660054344644e-02
-8.619042548416948335e-02
-8.615711372853100680e-02
-8.612361150589691039e-02
-8.608991898920158314e-02
-8.605603635204579771e-02
-8.602196376869782057e-02
-8.598770141409443901e-02
-8.595324946384184928e-02
-8.591860809421668355e-02
-8.588377748216713403e-02
-8.584875780531367462e-02
-8.581354924195046252e-02
-8.577815197104589340e-02
-8.574256617224376709e-02
-8.570679202586442558e-02
-8.567082971290544691e-02
-8.563467941504288028e-02
-8.559834131463198159e-02
-8.556181559470846243e-02
-8.552510243898915621e-02
-8.548820203187325328e-02
-8.545111455844299486e-02
-8.541384020446490810e-02
-8.537637915639061104e-02
-8.533873160135772851e-02
-8.530089772719089136e-02
-8.526287772240273566e-02
-8.522467177619474921e-02
-8.518628007845827077e-02
-8.514770281977533661e-02
-8.510894019141967970e-02
-8.506999238535765950e-02
-8.503085959424916407e-02
-8.499154201144848431e-02
-8.495203983100520218e-02
-8.491235324766514825e-02
-8.487248245687148418e-02
-8.483242765476506353e-02
-8.479218903818588893e-02
-8.475176680467362555e-02
-8.471116115246879463e-02
-8.467037228051324527e-02
-8.462940038845133406e-02
-8.458824567663064675e-02
-8.454690834610288641e-02
-8.450538859862469221e-02
-8.446368663665856924e-02
-8.442180266337362404e-02
-8.437973688264635563e-02
-8.433748949906155756e-02
-8.429506071791320609e-02
-8.425245074520508470e-02
-8.420965978765160287e-02
-8.416668805267880915e-02
-8.412353574842497406e-02
-8.408020308374133944e-02
-8.403669026819302057e-02
-8.399299751205971387e-02
-8.394912502633643248e-02
-8.390507302273426948e-02
-8.386084171368113349e-02
-8.381643131232252575e-02
-8.377184203252215078e-02
-8.372707408886263802e-02
-8.368212769664651329e-02
-8.363700307189654570e-02
-8.359170043135652484e-02
-8.354621999249214892e-02
-8.350056197349135789e-02
-8.345472659326536036e-02
-8.340871407144895278e-02
-8.336252462840136601e-02
-8.331615848520687595e-02
-8.326961586367528922e-02
-8.322289698634274813e-02
-8.317600207647228572e-02
-8.312893135805429767e-02
-8.308168505580713903e-02
-8.303426339517795685e-02
-8.298666660234295389e-02
-8.293889490420801314e-02
-8.289094852840940553e-02
-8.284282770331398427e-02
-8.279453265802018402e-02
-8.274606362235809032e-02
-8.269742082689016116e-02
-8.264860450291161564e-02
-8.259961488245096128e-02
-8.255045219827067404e-02
-8.250111668386701791e-02
-8.245160857347134942e-02
-8.240192810204978457e-02
-8.235207550530407317e-02
-8.230205101967186243e-02
-8.225185488232709952e-02
-8.220148733118032292e-02
-8.215094860487925921e-02
-8.210023894280887857e-02
-8.204935858509208868e-02
-8.199830777258977632e-02
-8.194708674690116823e-02
-8.189569575036431681e-02
-8.184413502605625279e-02
-8.179240481779323502e-02
-8.174050537013115292e-02
-8.168843692836559589e-02
-8.163619973853228351e-02
-8.158379404740717655e-02
-8.153122010250665741e-02
-8.147847815208797417e-02
-8.142556844514899084e-02
-8.137249123142883955e-02
-8.131924676140765695e-02
-8.126583528630706987e-02
-8.121225705809005657e-02
-8.115851232946130756e-02
-8.110460135386700353e-02
-8.105052438549530114e-02
-8.099628167927598599e-02
-8.094187349088097228e-02
-8.088730007672385869e-02
-8.083256169396040025e-02
-8.077765860048810587e-02
-8.072259105494673792e-02
-8.066735931671767390e-02
-8.061196364592444763e-02
-8.055640430343229130e-02
-8.050068155084837140e-02
-8.044479565052137238e-02
-8.038874686554173254e-02
-8.033253545974129717e-02
-8.027616169769324905e-02
-8.021962584471212243e-02
-8.016292816685333111e-02
-8.010606893091325176e-02
-8.004904840442891856e-02
-7.999186685567782895e-02
-7.993452455367769383e-02
-7.987702176818617383e-02
-7.981935876970076837e-02
-7.976153582945827436e-02
-7.970355321943478621e-02
-7.964541121234508525e-02
-7.958711008164259804e-02
-7.952865010151877190e-02
-7.947003154690296389e-02
-7.941125469346185795e-02
-7.935231981759921505e-02
-7.929322719645540141e-02
-7.923397710790681947e-02
-7.917456983056568587e-02
-7.911500564377953182e-02
-7.905528482763039821e-02
-7.899540766293480787e-02
-7.893537443124297448e-02
-7.887518541483813650e-02
-7.881484089673630733e-02
-7.875434116068552592e-02
-7.869368649116520453e-02
-7.863287717338569849e-02
-7.857191349328750130e-02
-7.851079573754068952e-02
-7.844952419354418727e-02
-7.838809914942522494e-02
-7.832652089403834006e-02
-7.826478971696507192e-02
-7.820290590851276813e-02
-7.814086975971420990e-02
-7.807868156232661283e-02
-7.801634160883078040e-02
-7.795385019243056268e-02
-7.789120760705174618e-02
-7.782841414734124885e-02
-7.776547010866634302e-02
-7.770237578711372550e-02
-7.763913147948854621e-02
-7.757573748331357544e-02
-7.751219409682819084e-02
-7.744850161898723939e-02
-7.738466034946049621e-02
-7.732067058863122122e-02
-7.725653263759531264e-02
-7.719224679816018286e-02
-7.712781337284385641e-02
-7.706323266487367929e-02
-7.699850497818540307e-02
-7.693363061742185260e-02
-7.686860988793189908e-02
-7.680344309576940531e-02
-7.673813054769183795e-02
-7.667267255115911562e-02
-7.660706941433251260e-02
-7.654132144607327104e-02
-7.647542895594139356e-02
-7.640939225419432490e-02
-7.634321165178577229e-02
-7.627688746036428991e-02
-7.621041999227184949e-02
-7.614380956054268845e-02
-7.607705647890170009e-02
-7.601016106176324005e-02
-7.594312362422964147e-02
-7.587594448208963283e-02
-7.580862395181713065e-02
-7.574116235056953250e-02
-7.567355999618631535e-02
-7.560581720718762000e-02
-7.553793430277253029e-02
-7.546991160281744937e-02
-7.540174942787496171e-02
-7.533344809917169593e-02
-7.526500793860708971e-02
-7.519642926875148847e-02
-7.512771241284474377e-02
-7.505885769479433978e-02
-7.498986543917376957e-02
-7.492073597122070328e-02
-7.485146961683562805e-02
-7.478206670257957212e-02
-7.471252755567275861e-02
-7.464285250399241289e-02
-7.457304187607144419e-02
-7.450309600109612795e-02
-7.443301520890459322e-02
-7.436279982998469928e-02
-7.429245019547241202e-02
-7.422196663714965281e-02
-7.415134948744238341e-02
-7.408059907941889899e-02
-7.400971574678762155e-02
-7.393869982389501827e-02
-7.386755164572404719e-02
-7.379627154789157595e-02
-7.372485986664668867e-02
-7.365331693886854880e-02
-7.358164310206424807e-02
-7.350983869436665541e-02
-7.343790405453251569e-02
-7.336583952194010438e-02
-7.329364543658707654e-02
-7.322132213908834342e-02
-7.314886997067390761e-02
-7.307628927318658707e-02
-7.300358038907975300e-02
-7.293074366141504006e-02
-7.285777943386025080e-02
-7.278468805068688541e-02
-7.271146985676781027e-02
-7.263812519757520403e-02
-7.256465441917767101e-02
-7.249105786823852038e-02
-7.241733589201285182e-02
-7.234348883834545996e-02
-7.226951705566818374e-02
-7.219542089299771370e-02
-7.212120069993289972e-02
-7.204685682665236401e-02
-7.197238962391207251e-02
-7.189779944304275361e-02
-7.182308663594720588e-02
-7.174825155509799435e-02
-7.167329455353486922e-02
-7.159821598486197647e-02
-7.152301620324534592e-02
-7.144769556341039329e-02
-7.137225442063908909e-02
-7.129669313076734960e-02
-7.122101205018253889e-02
-7.114521153582042956e-02
-7.106929194516278803e-02
-7.099325363623452956e-02
-7.091709696760105375e-02
-7.084082229836520528e-02
-7.076442998816502572e-02
-7.068792039717029796e-02
-7.061129388608021473e-02
-7.053455081612038102e-02
-7.045769154903995524e-02
-7.038071644710890140e-02
-7.030362587311482503e-02
-7.022642019036041960e-02
-7.014909976266037184e-02
-7.007166495433832243e-02
-6.999411613022421541e-02
-6.991645365565105075e-02
-6.983867789645205326e-02
-6.976078921895760565e-02
-6.968278798999237578e-02
-6.960467457687208315e-02
-6.952644934740051519e-02
-6.944811266986661291e-02
-6.936966491304125126e-02
-6.929110644617413051e-02
-6.921243763899084800e-02
-6.913365886168945651e-02
-6.905477048493781356e-02
-6.897577287986980665e-02
-6.889666641808277203e-02
-6.881745147163388643e-02
-6.873812841303725274e-02
-6.865869761526054160e-02
-6.857915945172181338e-02
-6.849951429628614585e-02
-6.841976252326273378e-02
-6.833990450740108635e-02
-6.825994062388832107e-02
-6.817987124834533341e-02
-6.809969675682391033e-02
-6.801941752580310807e-02
-6.793903393218604647e-02
-6.785854635329661988e-02
-6.777795516687588895e-02
-6.769726075107894425e-02
-6.761646348447147847e-02
-6.753556374602617818e-02
-6.745456191511951805e-02
-6.737345837152820816e-02
-6.729225349542580781e-02
-6.721094766737928383e-02
-6.712954126834541624e-02
-6.704803467966739816e-02
-6.696642828307142192e-02
-6.688472246066291815e-02
-6.680291759492329451e-02
-6.672101406870625806e-02
-6.663901226523426258e-02
-6.655691256809499745e-02
-6.647471536123789049e-02
-6.639242102897024989e-02
-6.631002995595398908e-02
-6.622754252720185197e-02
-6.614495912807376310e-02
-6.606228014427334427e-02
-6.597950596184405658e-02
-6.589663696716570318e-02
-6.581367354695089045e-02
-6.573061608824097568e-02
-6.564746497840268091e-02
-6.556422060512440142e-02
-6.548088335641220892e-02
-6.539745362058659028e-02
-6.531393178627821483e-02
-6.523031824242467303e-02
-6.514661337826627152e-02
-6.506281758334271637e-02
-6.497893124748899130e-02
-6.489495476083174952e-02
-6.481088851378556670e-02
-6.472673289704901356e-02
-6.464248830160086723e-02
-6.455815511869650303e-02
-6.447373373986370337e-02
-6.438922455689921609e-02
-6.430462796186456331e-02
-6.421994434708253041e-02
-6.413517410513294714e-02
-6.405031762884913493e-02
-6.396537531131388232e-02
-6.388034754585555919e-02
-6.379523472604424483e-02
-6.371003724568778670e-02
-6.362475549882806725e-02
-6.353938987973681285e-02
-6.345394078291197171e-02
-6.336840860307352274e-02
-6.328279373515964534e-02
-6.319709657432284744e-02
-6.311131751592594097e-02
-6.302545695553803118e-02
-6.293951528893070024e-02
-6.285349291207391331e-02
-6.276739022113200783e-02
-6.268120761245989103e-02
-6.259494548259902924e-02
-6.250860422827313190e-02
-6.242218424638459190e-02
-6.233568593401020430e-02
-6.224910968839723197e-02
-6.216245590695941570e-02
-6.207572498727296356e-02
-6.198891732707240837e-02
-6.190203332424672189e-02
-6.181507337683519315e-02
-6.172803788302344552e-02
-6.164092724113937050e-02
-6.155374184964899215e-02
-6.146648210715260907e-02
-6.137914841238053393e-02
-6.129174116418917989e-02
-6.120426076155695283e-02
-6.111670760358011573e-02
-6.102908208946881269e-02
-6.094138461854300276e-02
-6.085361559022826883e-02
-6.076577540405189715e-02
-6.067786445963865849e-02
-6.058988315670679053e-02
-6.050183189506393167e-02
-6.041371107460295070e-02
-6.032552109529799172e-02
-6.023726235720020666e-02
-6.014893526043383482e-02
-6.006054020519201869e-02
-5.997207759173268926e-02
-5.988354782037454138e-02
-5.979495129149282190e-02
-5.970628840551541611e-02
-5.961755956291851788e-02
-5.952876516422278552e-02
-5.943990560998896333e-02
-5.935098130081398887e-02
-5.926199263732684352e-02
-5.917294002018442384e-02
-5.908382385006744064e-02
-5.899464452767633899e-02
-5.890540245372717643e-02
-5.881609802894759848e-02
-5.872673165407262669e-02
-5.863730372984064104e-02
-5.854781465698925130e-02
-5.845826483625126552e-02
-5.836865466835054056e-02
-5.827898455399787431e-02
-5.818925489388698802e-02
-5.809946608869039075e-02
-5.800961853905529930e-02
-5.791971264559963445e-02
-5.782974880890777436e-02
-5.773972742952670351e-02
-5.764964890796171748e-02
-5.755951364467257886e-02
-5.746932204006922895e-02
-5.737907449450794367e-02
-5.728877140828704528e-02
-5.719841318164312072e-02
-5.710800021474670557e-02
-5.701753290769841914e-02
-5.692701166052489131e-02
-5.683643687317461307e-02
-5.674580894551409932e-02
-5.665512827732371859e-02
-5.656439526829369624e-02
-5.647361031802014542e-02
-5.638277382600104942e-02
-5.629188619163218860e-02
-5.620094781420325453e-02
-5.610995909289373529e-02
-5.601892042676905048e-02
-5.592783221477651279e-02
-5.583669485574131036e-02
-5.574550874836264186e-02
-5.565427429120968494e-02
-5.556299188271766887e-02
-5.547166192118389155e-02
-5.538028480476393789e-02
-5.528886093146745395e-02
-5.519739069915456653e-02
-5.510587450553169897e-02
-5.501431274814781031e-02
-5.492270582439047477e-02
-5.483105413148195439e-02
-5.473935806647535485e-02
-5.464761802625076048e-02
-5.455583440751130692e-02
-5.446400760677942710e-02
-5.437213802039291694e-02
-5.428022604450118138e-02
-5.418827207506131394e-02
-5.409627650783439823e-02
-5.400423973838159447e-02
-5.391216216206039941e-02
-5.382004417402087154e-02
-5.372788616920182170e-02
-5.363568854232708683e-02
-5.354345168790174136e-02
-5.345117600020837106e-02
-5.335886187330336761e-02
-5.326650970101311222e-02
-5.317411987693046460e-02
-5.308169279441083549e-02
-5.298922884656865478e-02
-5.289672842627362453e-02
-5.280419192614714541e-02
-5.271161973855853500e-02
-5.261901225562154449e-02
-5.252636986919057699e-02
-5.243369297085723885e-02
-5.234098195194662045e-02
-5.224823720351373657e-02
-5.215545911633999443e-02
-5.206264808092960633e-02
-5.196980448750605081e-02
-5.187692872600851990e-02
-5.178402118608845667e-02
-5.169108225710598858e-02
-5.159811232812647891e-02
-5.150511178791702949e-02
-5.141208102494303211e-02
-5.131902042736473379e-02
-5.122593038303372565e-02
-5.113281127948967469e-02
-5.103966350395678503e-02
-5.094648744334046020e-02
-5.085328348422395173e-02
-5.076005201286495211e-02
-5.066679341519229884e-02
-5.057350807680266458e-02
-5.048019638295713624e-02
-5.038685871857807863e-02
-5.029349546824574829e-02
-5.020010701619499749e-02
-5.010669374631221418e-02
-5.001325604213185949e-02
-4.991979428683340769e-02
-4.982630886323807795e-02
-4.973280015380573266e-02
-4.963926854063158839e-02
-4.954571440544320443e-02
-4.945213812959725619e-02
-4.935854009407648901e-02
-4.926492067948656101e-02
-4.917128026605298297e-02
-4.907761923361814854e-02
-4.898393796163818398e-02
-4.889023682917988806e-02
-4.879651621491787328e-02
-4.870277649713149887e-02
-4.860901805370183154e-02
-4.851524126210884219e-02
-4.842144649942835277e-02
-4.832763414232913585e-02
-4.823380456707009045e-02
-4.813995814949728613e-02
-4.804609526504111799e-02
-4.795221628871350339e-02
-4.785832159510500922e-02
-4.776441155838210412e-02
-4.767048655228429965e-02
-4.757654695012150659e-02
-4.748259312477109279e-02
-4.738862544867539217e-02
-4.729464429383883201e-02
-4.720065003182525448e-02
-4.710664303375533546e-02
-4.701262367030389910e-02
-4.691859231169722561e-02
-4.682454932771051154e-02
-4.673049508766531634e-02
-4.663642996042684230e-02
-4.654235431440156834e-02
-4.644826851753459246e-02
-4.635417293730716148e-02
-4.626006794073420081e-02
-4.616595389436180946e-02
-4.607183116426488700e-02
-4.597770011604453144e-02
-4.588356111482588123e-02
-4.578941452525552708e-02
-4.569526071149925678e-02
-4.560110003723959193e-02
-4.550693286567359525e-02
-4.541275955951052518e-02
-4.531858048096946978e-02
-4.522439599177723035e-02
-4.513020645316592055e-02
-4.503601222587087782e-02
-4.494181367012837353e-02
-4.484761114567348966e-02
-4.475340501173792618e-02
-4.465919562704786377e-02
-4.456498334982190307e-02
-4.447076853776885802e-02
-4.437655154808580610e-02
-4.428233273745593723e-02
-4.418811246204659704e-02
-4.409389107750719822e-02
-4.399966893896735398e-02
-4.390544640103473395e-02
-4.381122381779326003e-02
-4.371700154280115658e-02
-4.362277992908897978e-02
-4.352855932915779963e-02
-4.343434009497730564e-02
-4.334012257798402351e-02
-4.324590712907939311e-02
-4.315169409862804062e-02
-4.305748383645601612e-02
-4.296327669184898945e-02
-4.286907301355059874e-02
-4.277487314976056304e-02
-4.268067744813323211e-02
-4.258648625577572677e-02
-4.249229991924637073e-02
-4.239811878455306687e-02
-4.230394319715163887e-02
-4.220977350194436012e-02
-4.211561004327824681e-02
-4.202145316494360766e-02
-4.192730321017251738e-02
-4.183316052163731091e-02
-4.173902544144905691e-02
-4.164489831115620461e-02
-4.155077947174302261e-02
-4.145666926362834293e-02
-4.136256802666402749e-02
-4.126847610013362200e-02
-4.117439382275105836e-02
-4.108032153265935016e-02
-4.098625956742915633e-02
-4.089220826405760845e-02
-4.079816795896704790e-02
-4.070413898800370051e-02
-4.061012168643648307e-02
-4.051611638895587925e-02
-4.042212342967266975e-02
-4.032814314211675272e-02
-4.023417585923610984e-02
-4.014022191339559897e-02
-4.004628163637589250e-02
-3.995235535937236016e-02
-3.985844341299409760e-02
-3.976454612726277454e-02
-3.967066383161176740e-02
-3.957679685488497273e-02
-3.948294552533598845e-02
-3.938911017062714931e-02
-3.929529111782845835e-02
-3.920148869341684439e-02
-3.910770322327514897e-02
-3.901393503269134228e-02
-3.892018444635757940e-02
-3.882645178836939548e-02
-3.873273738222497015e-02
-3.863904155082426017e-02
-3.854536461646818069e-02
-3.845170690085794596e-02
-3.835806872509435472e-02
-3.826445040967692279e-02
-3.817085227450341123e-02
-3.807727463886891039e-02
-3.798371782146532649e-02
-3.789018214038083338e-02
-3.779666791309898438e-02
-3.770317545649841395e-02
-3.760970508685202579e-02
-3.751625711982659039e-02
-3.742283187048212750e-02
-3.732942965327139262e-02
-3.723605078203939128e-02
-3.714269557002292110e-02
-3.704936432985004441e-02
-3.695605737353968578e-02
-3.686277501250118799e-02
-3.676951755753392337e-02
-3.667628531882690529e-02
-3.658307860595833017e-02
-3.648989772789542479e-02
-3.639674299299384269e-02
-3.630361470899755999e-02
-3.621051318303849381e-02
-3.611743872163622471e-02
-3.602439163069773298e-02
-3.593137221551714888e-02
-3.583838078077553752e-02
-3.574541763054070453e-02
-3.565248306826695329e-02
-3.555957739679491136e-02
-3.546670091835144728e-02
-3.537385393454944849e-02
-3.528103674638773113e-02
-3.518824965425092210e-02
-3.509549295790934109e-02
-3.500276695651902137e-02
-3.491007194862152246e-02
-3.481740823214398567e-02
-3.472477610439909934e-02
-3.463217586208502952e-02
-3.453960780128545460e-02
-3.444707221746962089e-02
-3.435456940549241195e-02
-3.426209965959428616e-02
-3.416966327340142939e-02
-3.407726053992585213e-02
-3.398489175156545195e-02
-3.389255720010420081e-02
-3.380025717671215901e-02
-3.370799197194575270e-02
-3.361576187574782243e-02
-3.352356717744794934e-02
-3.343140816576246205e-02
-3.333928512879482525e-02
-3.324719835403577850e-02
-3.315514812836350272e-02
-3.306313473804406433e-02
-3.297115846873147765e-02
-3.287921960546814903e-02
-3.278731843268506418e-02
-3.269545523420214900e-02
-3.260363029322862344e-02
-3.251184389236321665e-02
-3.242009631359470817e-02
-3.232838783830210144e-02
-3.223671874725515807e-02
-3.214508932061464763e-02
-3.205349983793290974e-02
-3.196195057815415935e-02
-3.187044181961491696e-02
-3.177897384004452902e-02
-3.168754691656559819e-02
-3.159616132569439961e-02
-3.150481734334146383e-02
-3.141351524481193064e-02
-3.132225530480624298e-02
-3.123103779742044186e-02
-3.113986299614694350e-02
-3.104873117387490014e-02
-3.095764260289082456e-02
-3.086659755487914866e-02
-3.077559630092282020e-02
-3.068463911150387871e-02
-3.059372625650401759e-02
-3.050285800520530916e-02
-3.041203462629070084e-02
-3.032125638784475066e-02
-3.023052355735417543e-02
-3.013983640170863135e-02
-3.004919518720128302e-02
-2.995860017952951815e-02
-2.986805164379561714e-02
-2.977754984450748516e-02
-2.968709504557936335e-02
-2.959668751033248460e-02
-2.950632750149588188e-02
-2.941601528120707867e-02
-2.932575111101285228e-02
-2.923553525186999361e-02
-2.914536796414609471e-02
-2.905524950762024272e-02
-2.896518014148391842e-02
-2.887516012434173870e-02
-2.878518971421221637e-02
-2.869526916852866913e-02
-2.860539874413995862e-02
-2.851557869731135078e-02
-2.842580928372536245e-02
-2.833609075848257663e-02
-2.824642337610253767e-02
-2.815680739052460121e-02
-2.806724305510874956e-02
-2.797773062263657004e-02
-2.788827034531205992e-02
-2.779886247476253888e-02
-2.770950726203956493e-02
-2.762020495761983302e-02
-2.753095581140607706e-02
-2.744176007272799978e-02
-2.735261799034324065e-02
-2.726352981243821555e-02
-2.717449578662915408e-02
-2.708551615996300163e-02
-2.699659117891835616e-02
-2.690772108940648125e-02
-2.681890613677221508e-02
-2.673014656579497661e-02
-2.664144262068975436e-02
-2.655279454510804313e-02
-2.646420258213887794e-02
-2.637566697430977769e-02
-2.628718796358783805e-02
-2.619876579138060227e-02
-2.611040069853717838e-02
-2.602209292534920018e-02
-2.593384271155189241e-02
-2.584565029632503175e-02
-2.575751591829399112e-02
-2.566943981553082219e-02
-2.558142222555524412e-02
-2.549346338533566014e-02
-2.540556353129027473e-02
-2.531772289928808928e-02
-2.522994172464996035e-02
-2.514222024214964046e-02
-2.505455868601488140e-02
-2.496695728992845420e-02
-2.487941628702923166e-02
-2.479193590991325344e-02
-2.470451639063474605e-02
-2.461715796070732334e-02
-2.452986085110493014e-02
-2.444262529226294556e-02
-2.435545151407935913e-02
-2.426833974591570409e-02
-2.418129021659826475e-02
-2.409430315441911039e-02
-2.400737878713717771e-02
-2.392051734197936375e-02
-2.383371904564164645e-02
-2.374698412429012556e-02
-2.366031280356216404e-02
-2.357370530856745319e-02
-2.348716186388911942e-02
-2.340068269358483791e-02
-2.331426802118786654e-02
-2.322791806970822895e-02
-2.314163306163375539e-02
-2.305541321893120332e-02
-2.296925876304732952e-02
-2.288316991491003149e-02
-2.279714689492943688e-02
-2.271118992299894779e-02
-2.262529921849641343e-02
-2.253947500028519527e-02
-2.245371748671525988e-02
-2.236802689562427185e-02
-2.228240344433870396e-02
-2.219684734967494744e-02
-2.211135882794036320e-02
-2.202593809493440594e-02
-2.194058536594970313e-02
-2.185530085577317566e-02
-2.177008477868707520e-02
-2.168493734847010135e-02
-2.159985877839850146e-02
-2.151484928124712884e-02
-2.142990906929051476e-02
-2.134503835430398913e-02
-2.126023734756476297e-02
-2.117550625985289980e-02
-2.109084530145255085e-02
-2.100625468215286396e-02
-2.092173461124919795e-02
-2.083728529754405243e-02
-2.075290694934824043e-02
-2.066859977448189112e-02
-2.058436398027550795e-02
-2.050019977357103382e-02
-2.041610736072288837e-02
-2.033208694759905052e-02
-2.024813873958204030e-02
-2.016426294157001170e-02
-2.008045975797775537e-02
-1.999672939273776720e-02
-1.991307204930120242e-02
-1.982948793063899970e-02
-1.974597723924280054e-02
-1.966254017712605606e-02
-1.957917694582496718e-02
-1.949588774639952546e-02
-1.941267277943451233e-02
-1.932953224504045664e-02
-1.924646634285472058e-02
-1.916347527204239135e-02
-1.908055923129729770e-02
-1.899771841884301954e-02
-1.891495303243380041e-02
-1.883226326935556749e-02
-1.874964932642686488e-02
-1.866711139999982852e-02
-1.858464968596111253e-02
-1.850226437973285717e-02
-1.841995567627364647e-02
-1.833772377007937548e-02
-1.825556885518427389e-02
-1.817349112516173856e-02
-1.809149077312530163e-02
-1.800956799172953246e-02
-1.792772297317095365e-02
-1.784595590918890487e-02
-1.776426699106646578e-02
-1.768265640963135113e-02
-1.760112435525674340e-02
-1.751967101786221920e-02
-1.743829658691459228e-02
-1.735700125142874278e-02
-1.727578519996856091e-02
-1.719464862064769284e-02
-1.711359170113041159e-02
-1.703261462863252251e-02
-1.695171758992206415e-02
-1.687090077132023455e-02
-1.679016435870214069e-02
-1.670950853749763806e-02
-1.662893349269209745e-02
-1.654843940882723061e-02
-1.646802647000183972e-02
-1.638769485987262922e-02
-1.630744476165493090e-02
-1.622727635812350536e-02
-1.614718983161328100e-02
-1.606718536402006181e-02
-1.598726313680136346e-02
-1.590742333097703437e-02
-1.582766612713004326e-02
-1.574799170540716609e-02
-1.566840024551973201e-02
-1.558889192674428603e-02
-1.550946692792326033e-02
-1.543012542746573235e-02
-1.535086760334803714e-02
-1.527169363311444740e-02
-1.519260369387786906e-02
-1.511359796232043806e-02
-1.503467661469420381e-02
-1.495583982682175544e-02
-1.487708777409684630e-02
-1.479842063148500454e-02
-1.471983857352416117e-02
-1.464134177432524497e-02
-1.456293040757277932e-02
-1.448460464652547366e-02
-1.440636466401676481e-02
-1.432821063245544313e-02
-1.425014272382619206e-02
-1.417216110969012587e-02
-1.409426596118532569e-02
-1.401645744902742415e-02
-1.393873574351008927e-02
-1.386110101450557103e-02
-1.378355343146517482e-02
-1.370609316341980452e-02
-1.362872037898044814e-02
-1.355143524633864796e-02
-1.347423793326696720e-02
-1.339712860711950691e-02
-1.332010743483232063e-02
-1.324317458292387402e-02
-1.316633021749551158e-02
-1.308957450423186945e-02
-1.301290760840129006e-02
-1.293632969485628871e-02
-1.285984092803389364e-02
-1.278344147195610743e-02
-1.270713149023027302e-02
-1.263091114604945192e-02
-1.255478060219281621e-02
-1.247874002102598856e-02
-1.240278956450144993e-02
-1.232692939415882052e-02
-1.225115967112525885e-02
-1.217548055611577563e-02
-1.209989220943355655e-02
-1.202439479097026746e-02
-1.194898846020638408e-02
-1.187367337621148163e-02
-1.179844969764453320e-02
-1.172331758275416656e-02
-1.164827718937897459e-02
-1.157332867494775472e-02
-1.149847219647979514e-02
-1.142370791058509166e-02
-1.134903597346460791e-02
-1.127445654091050777e-02
-1.119996976830638959e-02
-1.112557581062748741e-02
-1.105127482244088952e-02
-1.097706695790573277e-02
-1.090295237077341071e-02
-1.082893121438774191e-02
-1.075500364168516937e-02
-1.068116980519490111e-02
-1.060742985703910443e-02
-1.053378394893302733e-02
-1.046023223218518067e-02
-1.038677485769744051e-02
-1.031341197596521292e-02
-1.024014373707753112e-02
-1.016697029071719598e-02
-1.009389178616084196e-02
-1.002090837227909842e-02
-9.948020197536646889e-03
-9.875227409992288694e-03
-9.802530157299076813e-03
-9.729928586704338425e-03
-9.657422845049756441e-03
-9.585013078771456238e-03
-9.512699433899990051e-03
-9.440482056060449725e-03
-9.368361090472456312e-03
-9.296336681950201700e-03
-9.224408974902478103e-03
-9.152578113332695414e-03
-9.080844240838865586e-03
-9.009207500613628655e-03
-8.937668035444251008e-03
-8.866225987712583745e-03
-8.794881499395076560e-03
-8.723634712062730903e-03
-8.652485766881098245e-03
-8.581434804610205483e-03
-8.510481965604516780e-03
-8.439627389812930092e-03
-8.368871216778652269e-03
-8.298213585639195589e-03
-8.227654635126277136e-03
-8.157194503565747684e-03
-8.086833328877518837e-03
-8.016571248575497105e-03
-7.946408399767426051e-03
-7.876344919154870672e-03
-7.806380943033066483e-03
-7.736516607290818900e-03
-7.666752047410398292e-03
-7.597087398467409006e-03
-7.527522795130678346e-03
-7.458058371662115195e-03
-7.388694261916581643e-03
-7.319430599341751609e-03
-7.250267516977959917e-03
-7.181205147458066991e-03
-7.112243623007289718e-03
-7.043383075443052262e-03
-6.974623636174807385e-03
-6.905965436203892471e-03
-6.837408606123323088e-03
-6.768953276117652476e-03
-6.700599575962758181e-03
-6.632347635025668577e-03
-6.564197582264379854e-03
-6.496149546227646121e-03
-6.428203655054794650e-03
-6.360360036475504707e-03
-6.292618817809621061e-03
-6.224980125966944090e-03
-6.157444087446986049e-03
-6.090010828338791524e-03
-6.022680474320689370e-03
-5.955453150660089748e-03
-5.888328982213230853e-03
-5.821308093424968147e-03
-5.754390608328534967e-03
-5.687576650545295327e-03
-5.620866343284520138e-03
-5.554259809343128733e-03
-5.487757171105449479e-03
-5.421358550542973442e-03
-5.355064069214094183e-03
-5.288873848263857085e-03
-5.222788008423711291e-03
-5.156806670011236486e-03
-5.090929952929888758e-03
-5.025157976668737786e-03
-4.959490860302197962e-03
-4.893928722489764710e-03
-4.828471681475737798e-03
-4.763119855088956793e-03
-4.697873360742518302e-03
-4.632732315433516629e-03
-4.567696835742748006e-03
-4.502767037834452118e-03
-4.437943037456016336e-03
-4.373224949937696421e-03
-4.308612890192344176e-03
-4.244106972715120350e-03
-4.179707311583200600e-03
-4.115414020455507478e-03
-4.051227212572408587e-03
-3.987147000755439027e-03
-3.923173497407011698e-03
-3.859306814510125427e-03
-3.795547063628081346e-03
-3.731894355904188856e-03
-3.668348802061483296e-03
-3.604910512402429747e-03
-3.541579596808637227e-03
-3.478356164740562927e-03
-3.415240325237236824e-03
-3.352232186915948559e-03
-3.289331857971987232e-03
-3.226539446178324378e-03
-3.163855058885348993e-03
-3.101278803020560051e-03
-3.038810785088295885e-03
-2.976451111169433218e-03
-2.914199886921109602e-03
-2.852057217576436758e-03
-2.790023207944221720e-03
-2.728097962408668892e-03
-2.666281584929114205e-03
-2.604574179039735853e-03
-2.542975847849282371e-03
-2.481486694040779470e-03
-2.420106819871277633e-03
-2.358836327171554611e-03
-2.297675317345854781e-03
-2.236623891371618527e-03
-2.175682149799205989e-03
-2.114850192751639019e-03
-2.054128119924323193e-03
-1.993516030584798881e-03
-1.933014023572472793e-03
-1.872622197298360377e-03
-1.812340649744831030e-03
-1.752169478465353094e-03
-1.692108780584246873e-03
-1.632158652796431367e-03
-1.572319191367180756e-03
-1.512590492131885012e-03
-1.452972650495807901e-03
-1.393465761433846728e-03
-1.334069919490310291e-03
-1.274785218778675365e-03
-1.215611752981367267e-03
-1.156549615349539975e-03
-1.097598898702846276e-03
-1.038759695429230254e-03
-9.800320974847130488e-04
-9.214161963931797022e-04
-8.629120832461793398e-04
-8.045198487027197150e-04
-7.462395829890767140e-04
-6.880713758985944296e-04
-6.300153167914996537e-04
-5.720714945947175632e-04
-5.142399978016925013e-04
-4.565209144722109816e-04
-3.989143322322280527e-04
-3.414203382737071623e-04
-2.840390193544520508e-04
-2.267704617979551807e-04
-1.696147514932410684e-04
-1.125719738947190507e-04
-5.564221402204725688e-05
1.174443540012454882e-06
5.787791464172070764e-05
1.144681155684906251e-04
1.709449630410079645e-04
2.273083742153477686e-04
2.835582666830802935e-04
3.396945584713845115e-04
3.957171680431379639e-04
4.516260142970167520e-04
5.074210165675794269e-04
5.631020946253511780e-04
6.186691686768985886e-04
6.741221593648971276e-04
7.294609877682001588e-04
7.846855754018888145e-04
8.397958442173285906e-04
8.947917166022133651e-04
9.496731153806043215e-04
1.004439963812956294e-03
1.059092185596149319e-03
1.113629704863507500e-03
1.168052446184804100e-03
1.222360334566273583e-03
1.276553295450607054e-03
1.330631254716942722e-03
1.384594138680853752e-03
1.438441874094320517e-03
1.492174388145706739e-03
1.545791608459715907e-03
1.599293463097353979e-03
1.652679880555870621e-03
1.705950789768706077e-03
1.759106120105423084e-03
1.812145801371628376e-03
1.865069763808901559e-03
1.917877938094692761e-03
1.970570255342236551e-03
2.023146647100443514e-03
2.075607045353782508e-03
2.127951382522169210e-03
2.180179591460835141e-03
2.232291605460186290e-03
2.284287358245662165e-03
2.336166783977584004e-03
2.387929817250995183e-03
2.439576393095489477e-03
2.491106446975034118e-03
2.542519914787784614e-03
2.593816732865888292e-03
2.644996837975292607e-03
2.696060167315516599e-03
2.747006658519445324e-03
2.797836249653099568e-03
2.848548879215389087e-03
2.899144486137884488e-03
2.949623009784544010e-03
2.999984389951466761e-03
3.050228566866606920e-03
3.100355481189508763e-03
3.150365074011000042e-03
3.200257286852903164e-03
3.250032061667728137e-03
3.299689340838352081e-03
3.349229067177693104e-03
3.398651183928377232e-03
3.447955634762395801e-03
3.497142363780747672e-03
3.546211315513080140e-03
3.595162434917314239e-03
3.643995667379267868e-03
3.692710958712259843e-03
3.741308255156711778e-03
3.789787503379740859e-03
3.838148650474740037e-03
3.886391643960945223e-03
3.934516431783002463e-03
3.982522962310520824e-03
4.030411184337613119e-03
4.078181047082425799e-03
4.125832500186672747e-03
4.173365493715135675e-03
4.220779978155179274e-03
4.268075904416247270e-03
4.315253223829335939e-03
4.362311888146475428e-03
4.409251849540203258e-03
4.456073060603004884e-03
4.502775474346776795e-03
4.549359044202238439e-03
4.595823724018390129e-03
4.642169468061898077e-03
4.688396231016528880e-03
4.734503967982518075e-03
4.780492634475982938e-03
4.826362186428286710e-03
4.872112580185400214e-03
4.917743772507274756e-03
4.963255720567173387e-03
5.008648381951022119e-03
5.053921714656719501e-03
5.099075677093480898e-03
5.144110228081115108e-03
5.189025326849342618e-03
5.233820933037080896e-03
5.278497006691715808e-03
5.323053508268369566e-03
5.367490398629163467e-03
5.411807639042465895e-03
5.456005191182128171e-03
5.500083017126706532e-03
5.544041079358691913e-03
5.587879340763708506e-03
5.631597764629719255e-03
5.675196314646215739e-03
5.718674954903376836e-03
5.762033649891267276e-03
5.805272364498972014e-03
5.848391064013767036e-03
5.891389714120235516e-03
5.934268280899414327e-03
5.977026730827902402e-03
6.019665030776982957e-03
6.062183148011710161e-03
6.104581050190006214e-03
6.146858705361748013e-03
6.189016081967823463e-03
6.231053148839205136e-03
6.272969875195990100e-03
6.314766230646462301e-03
6.356442185186097701e-03
6.397997709196612780e-03
6.439432773444965334e-03
6.480747349082339667e-03
6.521941407643184682e-03
6.563014921044165242e-03
6.603967861583138685e-03
6.644800201938140007e-03
6.685511915166318479e-03
6.726102974702895081e-03
6.766573354360102578e-03
6.806923028326103929e-03
6.847151971163921956e-03
6.887260157810343869e-03
6.927247563574824053e-03
6.967114164138379050e-03
7.006859935552461720e-03
7.046484854237845818e-03
7.085988896983483679e-03
7.125372040945369100e-03
7.164634263645372481e-03
7.203775542970090699e-03
7.242795857169673571e-03
7.281695184856639899e-03
7.320473505004693529e-03
7.359130796947529855e-03
7.397667040377620649e-03
7.436082215345006692e-03
7.474376302256076528e-03
7.512549281872332209e-03
7.550601135309153306e-03
7.588531844034539231e-03
7.626341389867871516e-03
7.664029754978631849e-03
7.701596921885132258e-03
7.739042873453247026e-03
7.776367592895110786e-03
7.813571063767827882e-03
7.850653269972160050e-03
7.887614195751218443e-03
7.924453825689159112e-03
7.961172144709807372e-03
7.997769138075394926e-03
8.034244791385125248e-03
8.070599090573917639e-03
8.106832021910958738e-03
8.142943571998408417e-03
8.178933727769970366e-03
8.214802476489549421e-03
8.250549805749842966e-03
8.286175703470942747e-03
8.321680157898945357e-03
8.357063157604534970e-03
8.392324691481552190e-03
8.427464748745592399e-03
8.462483318932553789e-03
8.497380391897209687e-03
8.532155957811763530e-03
8.566810007164389965e-03
8.601342530757779409e-03
8.635753519707672216e-03
8.670042965441387625e-03
8.704210859696340577e-03
8.738257194518556786e-03
8.772181962261196495e-03
8.805985155583027912e-03
8.839666767446950971e-03
8.873226791118465559e-03
8.906665220164181399e-03
8.939982048450253321e-03
8.973177270140903286e-03
9.006250879696846984e-03
9.039202871873772485e-03
9.072033241720789398e-03
9.104741984578886699e-03
9.137329096079362806e-03
9.169794572142253922e-03
9.202138408974809211e-03
9.234360603069865364e-03
9.266461151204287081e-03
9.298440050437412757e-03
9.330297298109423848e-03
9.362032891839762797e-03
9.393646829525547498e-03
9.425139109339952803e-03
9.456509729730611102e-03
9.487758689417988625e-03
9.518885987393773881e-03
9.549891622919266104e-03
9.580775595523709914e-03
9.611537905002713253e-03
9.642178551416569904e-03
9.672697535088640997e-03
9.703094856603705284e-03
9.733370516806304218e-03
9.763524516799095693e-03
9.793556857941193919e-03
9.823467541846495413e-03
9.853256570382057031e-03
9.882923945666359511e-03
9.912469670067687241e-03
9.941893746202438639e-03
9.971196176933443470e-03
1.000037696536826108e-02
1.002943611485752895e-02
1.005837362899325051e-02
1.008718951160709858e-02
1.011588376676873097e-02
1.014445639878408523e-02
1.017290741219366301e-02
1.020123681177084740e-02
1.022944460252016990e-02
1.025753078967562432e-02
1.028549537869893546e-02
1.031333837527782619e-02
1.034105978532434515e-02
1.036865961497309210e-02
1.039613787057953008e-02
1.042349455871822289e-02
1.045072968618115765e-02
1.047784325997595453e-02
1.050483528732416155e-02
1.053170577565954238e-02
1.055845473262627919e-02
1.058508216607727953e-02
1.061158808407243297e-02
1.063797249487683644e-02
1.066423540695907168e-02
1.069037682898946184e-02
1.071639676983830031e-02
1.074229523857413160e-02
1.076807224446196462e-02
1.079372779696155180e-02
1.081926190572560925e-02
1.084467458059809250e-02
1.086996583161239233e-02
1.089513566898963649e-02
1.092018410313686828e-02
1.094511114464533953e-02
1.096991680428872212e-02
1.099460109302136113e-02
1.101916402197649324e-02
1.104360560246450337e-02
1.106792584597115527e-02
1.109212476415583071e-02
1.111620236884974626e-02
1.114015867205423241e-02
1.116399368593892077e-02
1.118770742284000939e-02
1.121129989525848289e-02
1.123477111585836040e-02
1.125812109746492269e-02
1.128134985306294795e-02
1.130445739579494062e-02
1.132744373895939322e-02
1.135030889600897701e-02
1.137305288054883158e-02
1.139567570633475378e-02
1.141817738727146300e-02
1.144055793741083349e-02
1.146281737095013013e-02
1.148495570223024079e-02
1.150697294573393981e-02
1.152886911608408914e-02
1.155064422804192616e-02
1.157229829650526648e-02
1.159383133650676925e-02
1.161524336321218681e-02
1.163653439191858138e-02
1.165770443805261118e-02
1.167875351716874538e-02
1.169968164494753458e-02
1.172048883719385703e-02
1.174117510983515786e-02
1.176174047891972822e-02
1.178218496061494633e-02
1.180250857120553748e-02
1.182271132709181681e-02
1.184279324478800313e-02
1.186275434092040441e-02
1.188259463222574724e-02
1.190231413554942649e-02
1.192191286784375151e-02
1.194139084616625129e-02
1.196074808767792937e-02
1.197998460964152558e-02
1.199910042941983342e-02
1.201809556447394796e-02
1.203697003236156408e-02
1.205572385073525737e-02
1.207435703734075980e-02
1.209286961001528049e-02
1.211126158668577799e-02
1.212953298536725150e-02
1.214768382416105998e-02
1.216571412125319954e-02
1.218362389491265026e-02
1.220141316348962064e-02
1.221908194541391872e-02
1.223663025919322772e-02
1.225405812341145463e-02
1.227136555672701627e-02
1.228855257787118960e-02
1.230561920564642725e-02
1.232256545892468705e-02
1.233939135664578746e-02
1.235609691781570582e-02
1.237268216150495641e-02
1.238914710684690945e-02
1.240549177303615531e-02
1.242171617932686517e-02
1.243782034503111526e-02
1.245380428951727708e-02
1.246966803220837458e-02
1.248541159258043272e-02
1.250103499016087978e-02
1.251653824452690460e-02
1.253192137530383631e-02
1.254718440216354147e-02
1.256232734482278825e-02
1.257735022304168164e-02
1.259225305662201207e-02
1.260703586540568889e-02
1.262169866927313928e-02
1.263624148814171747e-02
1.265066434196410877e-02
1.266496725072678055e-02
1.267915023444836711e-02
1.269321331317812759e-02
1.270715650699436906e-02
1.272097983600289223e-02
1.273468332033541629e-02
1.274826698014806456e-02
1.276173083561976673e-02
1.277507490695076880e-02
1.278829921436105965e-02
1.280140377808885489e-02
1.281438861838906686e-02
1.282725375553180579e-02
1.283999920980081512e-02
1.285262500149199696e-02
1.286513115091192025e-02
1.287751767837628201e-02
1.288978460420842943e-02
1.290193194873788356e-02
1.291395973229884052e-02
1.292586797522870569e-02
1.293765669786659661e-02
1.294932592055191185e-02
1.296087566362284262e-02
1.297230594741493638e-02
1.298361679225963107e-02
1.299480821848280829e-02
1.300588024640338992e-02
1.301683289633186885e-02
1.302766618856889165e-02
1.303838014340384828e-02
1.304897478111344787e-02
1.305945012196032748e-02
1.306980618619161573e-02
1.308004299403758494e-02
1.309016056571021824e-02
1.310015892140184435e-02
1.311003808128376191e-02
1.311979806550486911e-02
1.312943889419028627e-02
1.313896058744001838e-02
1.314836316532756906e-02
1.315764664789864126e-02
1.316681105516975467e-02
1.317585640712693601e-02
1.318478272372438850e-02
1.319359002488317868e-02
1.320227833048988504e-02
1.321084766039536118e-02
1.321929803441337058e-02
1.322762947231931330e-02
1.323584199384896486e-02
1.324393561869714395e-02
1.325191036651650160e-02
1.325976625691619760e-02
1.326750330946066536e-02
1.327512154366837852e-02
1.328262097901055858e-02
1.329000163490996929e-02
1.329726353073967804e-02
1.330440668582181900e-02
1.331143111942638402e-02
1.331833685077001179e-02
1.332512389901476316e-02
1.333179228326695533e-02
1.333834202257594241e-02
1.334477313593294794e-02
1.335108564226987829e-02
1.335727956045815699e-02
1.336335490930755029e-02
1.336931170756503612e-02
1.337514997391363140e-02
1.338086972697126627e-02
1.338647098528962867e-02
1.339195376735306461e-02
1.339731809157742627e-02
1.340256397630900861e-02
1.340769143982336285e-02
1.341270050032428683e-02
1.341759117594266276e-02
1.342236348473542853e-02
1.342701744468445882e-02
1.343155307369550688e-02
1.343597038959715335e-02
1.344026941013974803e-02
1.344445015299434651e-02
1.344851263575168841e-02
1.345245687592114617e-02
1.345628289092972232e-02
1.345999069812100352e-02
1.346358031475417688e-02
1.346705175800300483e-02
1.347040504495482585e-02
1.347364019260959001e-02
1.347675721787885451e-02
1.347975613758481753e-02
1.348263696845935014e-02
1.348539972714303189e-02
1.348804443018421229e-02
1.349057109403803932e-02
1.349297973506555400e-02
1.349527036953273446e-02
1.349744301360958181e-02
1.349949768336921457e-02
1.350143439478693717e-02
1.350325316373936907e-02
1.350495400600352017e-02
1.350653693725592172e-02
1.350800197307175377e-02
1.350934912892395867e-02
1.351057842018238593e-02
1.351168986211292826e-02
1.351268346987668199e-02
1.351355925852909708e-02
1.351431724301915653e-02
1.351495743818852645e-02
1.351547985877074413e-02
1.351588451939042014e-02
1.351617143456241947e-02
1.351634061869107228e-02
