-3.614456049227180223e+00
-3.614456049108080382e+00
-3.614456048630843910e+00
-3.614456047797122373e+00
-3.614456046608549133e+00
-3.614456045066729573e+00
-3.614456043173252642e+00
-3.614456040929682423e+00
-3.614456038337563903e+00
-3.614456035398419420e+00
-3.614456032113753103e+00
-3.614456028485041106e+00
-3.614456024513748034e+00
-3.614456020201310515e+00
-3.614456015549148304e+00
-3.614456010558661170e+00
-3.614456005231227120e+00
-3.614455999568206401e+00
-3.614455993570938386e+00
-3.614455987240741575e+00
-3.614455980578917593e+00
-3.614455973586748527e+00
-3.614455966265494702e+00
-3.614455958616403564e+00
-3.614455950640695026e+00
-3.614455942339579675e+00
-3.614455933714242786e+00
-3.614455924765855865e+00
-3.614455915495569549e+00
-3.614455905904518929e+00
-3.614455895993820889e+00
-3.614455885764572329e+00
-3.614455875217855496e+00
-3.614455864354736203e+00
-3.614455853176259392e+00
-3.614455841683457127e+00
-3.614455829877342818e+00
-3.614455817758913003e+00
-3.614455805329149118e+00
-3.614455792589016614e+00
-3.614455779539462288e+00
-3.614455766181419616e+00
-3.614455752515805642e+00
-3.614455738543522312e+00
-3.614455724265455139e+00
-3.614455709682473206e+00
-3.614455694795436713e+00
-3.614455679605181881e+00
-3.614455664112536049e+00
-3.614455648318311010e+00
-3.614455632223303017e+00
-3.614455615828294999e+00
-3.614455599134055674e+00
-3.614455582141339995e+00
-3.614455564850886926e+00
-3.614455547263423885e+00
-3.614455529379666299e+00
-3.614455511200311388e+00
-3.614455492726048824e+00
-3.614455473957549625e+00
-3.614455454895475484e+00
-3.614455435540474770e+00
-3.614455415893183421e+00
-3.614455395954225825e+00
-3.614455375724209496e+00
-3.614455355203735287e+00
-3.614455334393389840e+00
-3.614455313293746919e+00
-3.614455291905371848e+00
-3.614455270228813522e+00
-3.614455248264615506e+00
-3.614455226013302713e+00
-3.614455203475396061e+00
-3.614455180651400923e+00
-3.614455157541814678e+00
-3.614455134147122273e+00
-3.614455110467798882e+00
-3.614455086504309911e+00
-3.614455062257108331e+00
-3.614455037726640452e+00
-3.614455012913337928e+00
-3.614454987817628417e+00
-3.614454962439928032e+00
-3.614454936780639560e+00
-3.614454910840159574e+00
-3.614454884618877983e+00
-3.614454858117170488e+00
-3.614454831335406571e+00
-3.614454804273949051e+00
-3.614454776933146984e+00
-3.614454749313346316e+00
-3.614454721414882332e+00
-3.614454693238080552e+00
-3.614454664783258941e+00
-3.614454636050730585e+00
-3.614454607040799683e+00
-3.614454577753760667e+00
-3.614454548189900862e+00
-3.614454518349503154e+00
-3.614454488232840212e+00
-3.614454457840179380e+00
-3.614454427171781337e+00
-3.614454396227897437e+00
-3.614454365008774150e+00
-3.614454333514652618e+00
-3.614454301745767317e+00
-3.614454269702343403e+00
-3.614454237384602475e+00
-3.614454204792760805e+00
-3.614454171927028003e+00
-3.614454138787607906e+00
-3.614454105374698578e+00
-3.614454071688493642e+00
-3.614454037729178726e+00
-3.614454003496937684e+00
-3.614453968991950372e+00
-3.614453934214386432e+00
-3.614453899164413730e+00
-3.614453863842197912e+00
-3.614453828247896627e+00
-3.614453792381663533e+00
-3.614453756243650062e+00
-3.614453719834002765e+00
-3.614453683152864194e+00
-3.614453646200370684e+00
-3.614453608976661236e+00
-3.614453571481860639e+00
-3.614453533716104339e+00
-3.614453495679510020e+00
-3.614453457372205136e+00
-3.614453418794303818e+00
-3.614453379945923306e+00
-3.614453340827175953e+00
-3.614453301438172783e+00
-3.614453261779019044e+00
-3.614453221849820874e+00
-3.614453181650683078e+00
-3.614453141181704243e+00
-3.614453100442983402e+00
-3.614453059434617810e+00
-3.614453018156700281e+00
-3.614452976609327184e+00
-3.614452934792589556e+00
-3.614452892706576215e+00
-3.614452850351376423e+00
-3.614452807727080330e+00
-3.614452764833773646e+00
-3.614452721671542079e+00
-3.614452678240470895e+00
-3.614452634540643583e+00
-3.614452590572147184e+00
-3.614452546335061189e+00
-3.614452501829471753e+00
-3.614452457055462364e+00
-3.614452412013113403e+00
-3.614452366702508801e+00
-3.614452321123731604e+00
-3.614452275276865745e+00
-3.614452229161993824e+00
-3.614452182779203326e+00
-3.614452136128575521e+00
-3.614452089210196561e+00
-3.614452042024155709e+00
-3.614451994570536009e+00
-3.614451946849430275e+00
-3.614451898860925994e+00
-3.614451850605114647e+00
-3.614451802082089049e+00
-3.614451753291942016e+00
-3.614451704234769913e+00
-3.614451654910671774e+00
-3.614451605319743965e+00
-3.614451555462090848e+00
-3.614451505337813675e+00
-3.614451454947018139e+00
-3.614451404289812597e+00
-3.614451353366307629e+00
-3.614451302176614700e+00
-3.614451250720850162e+00
-3.614451198999132142e+00
-3.614451147011582322e+00
-3.614451094758325045e+00
-3.614451042239485545e+00
-3.614450989455194829e+00
-3.614450936405587456e+00
-3.614450883090797539e+00
-3.614450829510969410e+00
-3.614450775666243398e+00
-3.614450721556770940e+00
-3.614450667182700361e+00
-3.614450612544187535e+00
-3.614450557641393225e+00
-3.614450502474478633e+00
-3.614450447043614290e+00
-3.614450391348969838e+00
-3.614450335390722469e+00
-3.614450279169052926e+00
-3.614450222684148617e+00
-3.614450165936196502e+00
-3.614450108925393756e+00
-3.614450051651938889e+00
-3.614449994116036180e+00
-3.614449936317899237e+00
-3.614449878257739890e+00
-3.614449819935779296e+00
-3.614449761352243939e+00
-3.614449702507363416e+00
-3.614449643401379308e+00
-3.614449584034527430e+00
-3.614449524407060466e+00
-3.614449464519230215e+00
-3.614449404371299579e+00
-3.614449343963532790e+00
-3.614449283296201632e+00
-3.614449222369585879e+00
-3.614449161183968862e+00
-3.614449099739644122e+00
-3.614449038036906980e+00
-3.614448976076061193e+00
-3.614448913857418955e+00
-3.614448851381298677e+00
-3.614448788648022770e+00
-3.614448725657922523e+00
-3.614448662411338997e+00
-3.614448598908614585e+00
-3.614448535150102781e+00
-3.614448471136165075e+00
-3.614448406867165176e+00
-3.614448342343481002e+00
-3.614448277565494028e+00
-3.614448212533591054e+00
-3.614448147248173537e+00
-3.614448081709644267e+00
-3.614448015918416246e+00
-3.614447949874909582e+00
-3.614447883579555043e+00
-3.614447817032787835e+00
-3.614447750235054269e+00
-3.614447683186805094e+00
-3.614447615888505272e+00
-3.614447548340621985e+00
-3.614447480543633073e+00
-3.614447412498028367e+00
-3.614447344204300361e+00
-3.614447275662953984e+00
-3.614447206874501717e+00
-3.614447137839466251e+00
-3.614447068558376497e+00
-3.614446999031771579e+00
-3.614446929260201724e+00
-3.614446859244222487e+00
-3.614446788984401415e+00
-3.614446718481312715e+00
-3.614446647735545248e+00
-3.614446576747689210e+00
-3.614446505518349895e+00
-3.614446434048139700e+00
-3.614446362337681684e+00
-3.614446290387612226e+00
-3.614446218198567706e+00
-3.614446145771202712e+00
-3.614446073106177604e+00
-3.614446000204164733e+00
-3.614445927065844444e+00
-3.614445853691908184e+00
-3.614445780083056725e+00
-3.614445706240002831e+00
-3.614445632163466815e+00
-3.614445557854180979e+00
-3.614445483312885621e+00
-3.614445408540333915e+00
-3.614445333537288807e+00
-3.614445258304523012e+00
-3.614445182842818127e+00
-3.614445107152969516e+00
-3.614445031235780537e+00
-3.614444955092067424e+00
-3.614444878722653964e+00
-3.614444802128378154e+00
-3.614444725310085094e+00
-3.614444648268634097e+00
-3.614444571004893803e+00
-3.614444493519740398e+00
-3.614444415814069611e+00
-3.614444337888777170e+00
-3.614444259744779675e+00
-3.614444181382998611e+00
-3.614444102804367454e+00
-3.614444024009831224e+00
-3.614443945000349601e+00
-3.614443865776888032e+00
-3.614443786340425735e+00
-3.614443706691951697e+00
-3.614443626832470446e+00
-3.614443546762991843e+00
-3.614443466484541734e+00
-3.614443385998157066e+00
-3.614443305304880560e+00
-3.614443224405773147e+00
-3.614443143301905081e+00
-3.614443061994356388e+00
-3.614442980484220413e+00
-3.614442898772603829e+00
-3.614442816860618635e+00
-3.614442734749395036e+00
-3.614442652440069903e+00
-3.614442569933797866e+00
-3.614442487231736667e+00
-3.614442404335063586e+00
-3.614442321244963008e+00
-3.614442237962633531e+00
-3.614442154489282633e+00
-3.614442070826134223e+00
-3.614441986974419319e+00
-3.614441902935381368e+00
-3.614441818710278032e+00
-3.614441734300376297e+00
-3.614441649706957804e+00
-3.614441564931313078e+00
-3.614441479974745963e+00
-3.614441394838570076e+00
-3.614441309524114132e+00
-3.614441224032718836e+00
-3.614441138365731998e+00
-3.614441052524517861e+00
-3.614440966510449993e+00
-3.614440880324916172e+00
-3.614440793969313503e+00
-3.614440707445051970e+00
-3.614440620753554434e+00
-3.614440533896253971e+00
-3.614440446874596535e+00
-3.614440359690039184e+00
-3.614440272344051408e+00
-3.614440184838114245e+00
-3.614440097173720723e+00
-3.614440009352375416e+00
-3.614439921375594444e+00
-3.614439833244905920e+00
-3.614439744961850387e+00
-3.614439656527979938e+00
-3.614439567944857323e+00
-3.614439479214057727e+00
-3.614439390337168767e+00
-3.614439301315788278e+00
-3.614439212151526526e+00
-3.614439122846006658e+00
-3.614439033400861145e+00
-3.614438943817734451e+00
-3.614438854098284359e+00
-3.614438764244178870e+00
-3.614438674257097528e+00
-3.614438584138731425e+00
-3.614438493890784976e+00
-3.614438403514970588e+00
-3.614438313013013104e+00
-3.614438222386651578e+00
-3.614438131637632612e+00
-3.614438040767717464e+00
-3.614437949778675829e+00
-3.614437858672289838e+00
-3.614437767450353611e+00
-3.614437676114671039e+00
-3.614437584667056225e+00
-3.614437493109339705e+00
-3.614437401443356457e+00
-3.614437309670955667e+00
-3.614437217793997181e+00
-3.614437125814352392e+00
-3.614437033733901572e+00
-3.614436941554539207e+00
-3.614436849278164665e+00
-3.614436756906693304e+00
-3.614436664442052471e+00
-3.614436571886175287e+00
-3.614436479241005973e+00
-3.614436386508502519e+00
-3.614436293690631796e+00
-3.614436200789367781e+00
-3.614436107806702658e+00
-3.614436014744632608e+00
-3.614435921605163582e+00
-3.614435828390315297e+00
-3.614435735102117242e+00
-3.614435641742604677e+00
-3.614435548313828406e+00
-3.614435454817846782e+00
-3.614435361256726154e+00
-3.614435267632546633e+00
-3.614435173947392332e+00
-3.614435080203366013e+00
-3.614434986402569994e+00
-3.614434892547122136e+00
-3.614434798639149626e+00
-3.614434704680785870e+00
-3.614434610674176263e+00
-3.614434516621476412e+00
-3.614434422524845480e+00
-3.614434328386458617e+00
-3.614434234208495411e+00
-3.614434139993146555e+00
-3.614434045742611623e+00
-3.614433951459098626e+00
-3.614433857144821349e+00
-3.614433762802006012e+00
-3.614433668432886826e+00
-3.614433574039705555e+00
-3.614433479624711065e+00
-3.614433385190165104e+00
-3.614433290738331639e+00
-3.614433196271484405e+00
-3.614433101791910463e+00
-3.614433007301896872e+00
-3.614432912803744458e+00
-3.614432818299758043e+00
-3.614432723792253555e+00
-3.614432629283550469e+00
-3.614432534775978034e+00
-3.614432440271874825e+00
-3.614432345773582522e+00
-3.614432251283453024e+00
-3.614432156803842666e+00
-3.614432062337116669e+00
-3.614431967885650021e+00
-3.614431873451817712e+00
-3.614431779038007164e+00
-3.614431684646608023e+00
-3.614431590280019702e+00
-3.614431495940647832e+00
-3.614431401630900709e+00
-3.614431307353199507e+00
-3.614431213109964069e+00
-3.614431118903625340e+00
-3.614431024736617371e+00
-3.614430930611381321e+00
-3.614430836530362789e+00
-3.614430742496014037e+00
-3.614430648510793986e+00
-3.614430554577163335e+00
-3.614430460697591219e+00
-3.614430366874548550e+00
-3.614430273110515568e+00
-3.614430179407974286e+00
-3.614430085769409384e+00
-3.614429992197317087e+00
-3.614429898694192289e+00
-3.614429805262536544e+00
-3.614429711904854070e+00
-3.614429618623653973e+00
-3.614429525421453349e+00
-3.614429432300763967e+00
-3.614429339264111807e+00
-3.614429246314017519e+00
-3.614429153453014187e+00
-3.614429060683630457e+00
-3.614428968008402521e+00
-3.614428875429868793e+00
-3.614428782950573016e+00
-3.614428690573055380e+00
-3.614428598299865847e+00
-3.614428506133553043e+00
-3.614428414076673146e+00
-3.614428322131777449e+00
-3.614428230301424350e+00
-3.614428138588172690e+00
-3.614428046994586641e+00
-3.614427955523228597e+00
-3.614427864176663618e+00
-3.614427772957458540e+00
-3.614427681868182862e+00
-3.614427590911406529e+00
-3.614427500089701262e+00
-3.614427409405641889e+00
-3.614427318861797467e+00
-3.614427228460745933e+00
-3.614427138205062562e+00
-3.614427048097322626e+00
-3.614426958140103618e+00
-3.614426868335982146e+00
-3.614426778687535702e+00
-3.614426689197341336e+00
-3.614426599867977874e+00
-3.614426510702021922e+00
-3.614426421702050529e+00
-3.614426332870639857e+00
-3.614426244210370065e+00
-3.614426155723809320e+00
-3.614426067413537336e+00
-3.614425979282127610e+00
-3.614425891332152752e+00
-3.614425803566183593e+00
-3.614425715986790522e+00
-3.614425628596542595e+00
-3.614425541398008868e+00
-3.614425454393750847e+00
-3.614425367586335369e+00
-3.614425280978322164e+00
-3.614425194572271849e+00
-3.614425108370741491e+00
-3.614425022376285490e+00
-3.614424936591456028e+00
-3.614424851018802620e+00
-3.614424765660870786e+00
-3.614424680520207822e+00
-3.614424595599350809e+00
-3.614424510900838161e+00
-3.614424426427204740e+00
-3.614424342180981409e+00
-3.614424258164692372e+00
-3.614424174380864940e+00
-3.614424090832014436e+00
-3.614424007520658844e+00
-3.614423924449307712e+00
-3.614423841620468369e+00
-3.614423759036642370e+00
-3.614423676700328603e+00
-3.614423594614019297e+00
-3.614423512780202241e+00
-3.614423431201360781e+00
-3.614423349879973824e+00
-3.614423268818512724e+00
-3.614423188019445288e+00
-3.614423107485234876e+00
-3.614423027218333306e+00
-3.614422947221194171e+00
-3.614422867496263070e+00
-3.614422788045975388e+00
-3.614422708872765178e+00
-3.614422629979057611e+00
-3.614422551367270309e+00
-3.614422473039818229e+00
-3.614422394999108334e+00
-3.614422317247536931e+00
-3.614422239787494995e+00
-3.614422162621371282e+00
-3.614422085751541225e+00
-3.614422009180377593e+00
-3.614421932910238500e+00
-3.614421856943482503e+00
-3.614421781282456614e+00
-3.614421705929498962e+00
-3.614421630886942793e+00
-3.614421556157108029e+00
-3.614421481742312814e+00
-3.614421407644862860e+00
-3.614421333867054109e+00
-3.614421260411177617e+00
-3.614421187279512893e+00
-3.614421114474331009e+00
-3.614421041997895490e+00
-3.614420969852458310e+00
-3.614420898040263452e+00
-3.614420826563545130e+00
-3.614420755424527787e+00
-3.614420684625427427e+00
-3.614420614168447621e+00
-3.614420544055786610e+00
-3.614420474289626650e+00
-3.614420404872142001e+00
-3.614420335805500262e+00
-3.614420267091854377e+00
-3.614420198733348411e+00
-3.614420130732113545e+00
-3.614420063090273860e+00
-3.614419995809940556e+00
-3.614419928893212841e+00
-3.614419862342179268e+00
-3.614419796158918174e+00
-3.614419730345497683e+00
-3.614419664903971707e+00
-3.614419599836382169e+00
-3.614419535144761220e+00
-3.614419470831128578e+00
-3.614419406897491083e+00
-3.614419343345847579e+00
-3.614419280178177818e+00
-3.614419217396454442e+00
-3.614419155002635886e+00
-3.614419092998668592e+00
-3.614419031386485681e+00
-3.614418970168008283e+00
-3.614418909345143316e+00
-3.614418848919787042e+00
-3.614418788893820622e+00
-3.614418729269115005e+00
-3.614418670047520266e+00
-3.614418611230882927e+00
-3.614418552821031305e+00
-3.614418494819778616e+00
-3.614418437228927861e+00
-3.614418380050263391e+00
-3.614418323285562007e+00
-3.614418266936581858e+00
-3.614418211005067327e+00
-3.614418155492753471e+00
-3.614418100401353140e+00
-3.614418045732569862e+00
-3.614417991488092063e+00
-3.614417937669593517e+00
-3.614417884278731563e+00
-3.614417831317151997e+00
-3.614417778786482405e+00
-3.614417726688337940e+00
-3.614417675024317766e+00
-3.614417623796005508e+00
-3.614417573004968354e+00
-3.614417522652760617e+00
-3.614417472740921067e+00
-3.614417423270971597e+00
-3.614417374244419001e+00
-3.614417325662754532e+00
-3.614417277527451677e+00
-3.614417229839971935e+00
-3.614417182601759482e+00
-3.614417135814239845e+00
-3.614417089478824785e+00
-3.614417043596910961e+00
-3.614416998169876827e+00
-3.614416953199083515e+00
-3.614416908685879282e+00
-3.614416864631593729e+00
-3.614416821037538252e+00
-3.614416777905011369e+00
-3.614416735235291167e+00
-3.614416693029643746e+00
-3.614416651289310334e+00
-3.614416610015522835e+00
-3.614416569209495833e+00
-3.614416528872419043e+00
-3.614416489005475075e+00
-3.614416449609822557e+00
-3.614416410686605463e+00
-3.614416372236948671e+00
-3.614416334261963293e+00
-3.614416296762737790e+00
-3.614416259740347748e+00
-3.614416223195847877e+00
-3.614416187130276903e+00
-3.614416151544658007e+00
-3.614416116439989057e+00
-3.614416081817259041e+00
-3.614416047677432964e+00
-3.614416014021460732e+00
-3.614415980850274046e+00
-3.614415948164783732e+00
-3.614415915965886850e+00
-3.614415884254459144e+00
-3.614415853031359926e+00
-3.614415822297428083e+00
-3.614415792053486065e+00
-3.614415762300337231e+00
-3.614415733038766732e+00
-3.614415704269541063e+00
-3.614415675993407628e+00
-3.614415648211096954e+00
-3.614415620923319139e+00
-3.614415594130766518e+00
-3.614415567834110998e+00
-3.614415542034011164e+00
-3.614415516731098954e+00
-3.614415491925992097e+00
-3.614415467619291444e+00
-3.614415443811574313e+00
-3.614415420503401144e+00
-3.614415397695313281e+00
-3.614415375387833418e+00
-3.614415353581466039e+00
-3.614415332276692538e+00
-3.614415311473980985e+00
-3.614415291173778133e+00
-3.614415271376505867e+00
-3.614415252082576746e+00
-3.614415233292378016e+00
-3.614415215006279158e+00
-3.614415197224628784e+00
-3.614415179947757295e+00
-3.614415163175979551e+00
-3.614415146909585097e+00
-3.614415131148845717e+00
-3.614415115894015873e+00
-3.614415101145329157e+00
-3.614415086903000951e+00
-3.614415073167224879e+00
-3.614415059938177244e+00
-3.614415047216013921e+00
-3.614415035000872134e+00
-3.614415023292868678e+00
-3.614415012092100810e+00
-3.614415001398648020e+00
-3.614414991212566264e+00
-3.614414981533896398e+00
-3.614414972362658851e+00
-3.614414963698851402e+00
-3.614414955542454511e+00
-3.614414947893431318e+00
-3.614414940751720096e+00
-3.614414934117244904e+00
-3.614414927989905824e+00
-3.614414922369587391e+00
-3.614414917256148385e+00
-3.614414912649437817e+00
-3.614414908549276717e+00
-3.614414904955468355e+00
-3.614414901867797791e+00
-3.614414899286030991e+00
-3.614414897209913047e+00
-3.614414895639168623e+00
-3.614414894573504622e+00
-3.614414894012609292e+00
