-3.796594225708516124e+00
-3.796594225091185937e+00
-3.796594223703077198e+00
-3.796594221546369496e+00
-3.796594218623266848e+00
-3.796594214935991918e+00
-3.796594210486800236e+00
-3.796594205277965983e+00
-3.796594199311790430e+00
-3.796594192590594385e+00
-3.796594185116728859e+00
-3.796594176892564843e+00
-3.796594167920497753e+00
-3.796594158202945657e+00
-3.796594147742353265e+00
-3.796594136541185716e+00
-3.796594124601931686e+00
-3.796594111927106052e+00
-3.796594098519240568e+00
-3.796594084380898071e+00
-3.796594069514659164e+00
-3.796594053923126655e+00
-3.796594037608925998e+00
-3.796594020574708850e+00
-3.796594002823146408e+00
-3.796593984356932960e+00
-3.796593965178781893e+00
-3.796593945291435013e+00
-3.796593924697650557e+00
-3.796593903400208081e+00
-3.796593881401913340e+00
-3.796593858705591185e+00
-3.796593835314084675e+00
-3.796593811230264404e+00
-3.796593786457017394e+00
-3.796593760997252431e+00
-3.796593734853900504e+00
-3.796593708029913028e+00
-3.796593680528260073e+00
-3.796593652351934356e+00
-3.796593623503945469e+00
-3.796593593987330539e+00
-3.796593563805139127e+00
-3.796593532960443884e+00
-3.796593501456338338e+00
-3.796593469295931111e+00
-3.796593436482355699e+00
-3.796593403018760693e+00
-3.796593368908317334e+00
-3.796593334154214627e+00
-3.796593298759656676e+00
-3.796593262727875118e+00
-3.796593226062110471e+00
-3.796593188765629900e+00
-3.796593150841711672e+00
-3.796593112293657590e+00
-3.796593073124785001e+00
-3.796593033338430345e+00
-3.796592992937946498e+00
-3.796592951926705872e+00
-3.796592910308095536e+00
-3.796592868085522543e+00
-3.796592825262409931e+00
-3.796592781842195397e+00
-3.796592737828338837e+00
-3.796592693224312587e+00
-3.796592648033605411e+00
-3.796592602259726057e+00
-3.796592555906196154e+00
-3.796592508976553315e+00
-3.796592461474352920e+00
-3.796592413403164556e+00
-3.796592364766574690e+00
-3.796592315568185771e+00
-3.796592265811613576e+00
-3.796592215500488088e+00
-3.796592164638459721e+00
-3.796592113229185550e+00
-3.796592061276345742e+00
-3.796592008783626238e+00
-3.796591955754736514e+00
-3.796591902193394041e+00
-3.796591848103330946e+00
-3.796591793488294453e+00
-3.796591738352046441e+00
-3.796591682698357673e+00
-3.796591626531019337e+00
-3.796591569853831061e+00
-3.796591512670604462e+00
-3.796591454985167147e+00
-3.796591396801359597e+00
-3.796591338123030734e+00
-3.796591278954046800e+00
-3.796591219298284248e+00
-3.796591159159629303e+00
-3.796591098541982845e+00
-3.796591037449257300e+00
-3.796590975885375752e+00
-3.796590913854274607e+00
-3.796590851359897378e+00
-3.796590788406199568e+00
-3.796590724997153554e+00
-3.796590661136733047e+00
-3.796590596828929964e+00
-3.796590532077744662e+00
-3.796590466887184157e+00
-3.796590401261268344e+00
-3.796590335204028221e+00
-3.796590268719501893e+00
-3.796590201811739895e+00
-3.796590134484796764e+00
-3.796590066742743019e+00
-3.796589998589652293e+00
-3.796589930029612869e+00
-3.796589861066716587e+00
-3.796589791705064609e+00
-3.796589721948770091e+00
-3.796589651801949739e+00
-3.796589581268733138e+00
-3.796589510353251651e+00
-3.796589439059649962e+00
-3.796589367392077197e+00
-3.796589295354690918e+00
-3.796589222951653575e+00
-3.796589150187139605e+00
-3.796589077065324780e+00
-3.796589003590395084e+00
-3.796588929766541831e+00
-3.796588855597962109e+00
-3.796588781088860554e+00
-3.796588706243446687e+00
-3.796588631065934916e+00
-3.796588555560548972e+00
-3.796588479731513033e+00
-3.796588403583061044e+00
-3.796588327119429618e+00
-3.796588250344860693e+00
-3.796588173263602428e+00
-3.796588095879904312e+00
-3.796588018198024717e+00
-3.796587940222222457e+00
-3.796587861956763899e+00
-3.796587783405914962e+00
-3.796587704573951338e+00
-3.796587625465147386e+00
-3.796587546083780573e+00
-3.796587466434138580e+00
-3.796587386520503316e+00
-3.796587306347166013e+00
-3.796587225918416575e+00
-3.796587145238552008e+00
-3.796587064311868431e+00
-3.796586983142664184e+00
-3.796586901735240716e+00
-3.796586820093902581e+00
-3.796586738222954338e+00
-3.796586656126704984e+00
-3.796586573809460408e+00
-3.796586491275532271e+00
-3.796586408529230905e+00
-3.796586325574867526e+00
-3.796586242416757795e+00
-3.796586159059214260e+00
-3.796586075506549918e+00
-3.796585991763081314e+00
-3.796585907833121443e+00
-3.796585823720987740e+00
-3.796585739430993645e+00
-3.796585654967454371e+00
-3.796585570334683801e+00
-3.796585485536996707e+00
-3.796585400578704750e+00
-3.796585315464121368e+00
-3.796585230197556449e+00
-3.796585144783321653e+00
-3.796585059225724201e+00
-3.796584973529072204e+00
-3.796584887697670219e+00
-3.796584801735824133e+00
-3.796584715647834063e+00
-3.796584629437998792e+00
-3.796584543110618881e+00
-3.796584456669987784e+00
-3.796584370120396734e+00
-3.796584283466136966e+00
-3.796584196711497494e+00
-3.796584109860757561e+00
-3.796584022918201740e+00
-3.796583935888106609e+00
-3.796583848774746084e+00
-3.796583761582391414e+00
-3.796583674315308521e+00
-3.796583586977761104e+00
-3.796583499574007092e+00
-3.796583412108303079e+00
-3.796583324584899444e+00
-3.796583237008038569e+00
-3.796583149381964617e+00
-3.796583061710915530e+00
-3.796582973999119925e+00
-3.796582886250806421e+00
-3.796582798470196085e+00
-3.796582710661506432e+00
-3.796582622828946985e+00
-3.796582534976721490e+00
-3.796582447109032366e+00
-3.796582359230071813e+00
-3.796582271344027593e+00
-3.796582183455082138e+00
-3.796582095567408555e+00
-3.796582007685175952e+00
-3.796581919812549444e+00
-3.796581831953683039e+00
-3.796581744112724977e+00
-3.796581656293816831e+00
-3.796581568501094850e+00
-3.796581480738685066e+00
-3.796581393010710404e+00
-3.796581305321280908e+00
-3.796581217674501740e+00
-3.796581130074474508e+00
-3.796581042525283500e+00
-3.796580955031013005e+00
-3.796580867595737541e+00
-3.796580780223520524e+00
-3.796580692918420485e+00
-3.796580605684484411e+00
-3.796580518525755288e+00
-3.796580431446261450e+00
-3.796580344450025901e+00
-3.796580257541062320e+00
-3.796580170723374614e+00
-3.796580084000959587e+00
-3.796579997377802496e+00
-3.796579910857878826e+00
-3.796579824445156515e+00
-3.796579738143591509e+00
-3.796579651957131762e+00
-3.796579565889714569e+00
-3.796579479945267455e+00
-3.796579394127709062e+00
-3.796579308440944711e+00
-3.796579222888869953e+00
-3.796579137475376342e+00
-3.796579052204333227e+00
-3.796578967079608624e+00
-3.796578882105057229e+00
-3.796578797284519968e+00
-3.796578712621831553e+00
-3.796578628120811150e+00
-3.796578543785271265e+00
-3.796578459619006640e+00
-3.796578375625806245e+00
-3.796578291809444838e+00
-3.796578208173689628e+00
-3.796578124722287839e+00
-3.796578041458982700e+00
-3.796577958387501450e+00
-3.796577875511559341e+00
-3.796577792834862297e+00
-3.796577710361101587e+00
-3.796577628093955603e+00
-3.796577546037092077e+00
-3.796577464194164975e+00
-3.796577382568817161e+00
-3.796577301164676399e+00
-3.796577219985358020e+00
-3.796577139034466697e+00
-3.796577058315593334e+00
-3.796576977832312849e+00
-3.796576897588190835e+00
-3.796576817586776009e+00
-3.796576737831606430e+00
-3.796576658326206832e+00
-3.796576579074084190e+00
-3.796576500078739258e+00
-3.796576421343652363e+00
-3.796576342872291399e+00
-3.796576264668111378e+00
-3.796576186734554881e+00
-3.796576109075048500e+00
-3.796576031693003284e+00
-3.796575954591818736e+00
-3.796575877774877927e+00
-3.796575801245553716e+00
-3.796575725007197200e+00
-3.796575649063151037e+00
-3.796575573416739235e+00
-3.796575498071276034e+00
-3.796575423030056129e+00
-3.796575348296360453e+00
-3.796575273873456169e+00
-3.796575199764593567e+00
-3.796575125973011833e+00
-3.796575052501929726e+00
-3.796574979354554902e+00
-3.796574906534075478e+00
-3.796574834043668467e+00
-3.796574761886494453e+00
-3.796574690065695812e+00
-3.796574618584401151e+00
-3.796574547445725312e+00
-3.796574476652763597e+00
-3.796574406208598429e+00
-3.796574336116294468e+00
-3.796574266378902607e+00
-3.796574196999455530e+00
-3.796574127980971269e+00
-3.796574059326450978e+00
-3.796573991038879381e+00
-3.796573923121224770e+00
-3.796573855576442558e+00
-3.796573788407466843e+00
-3.796573721617217956e+00
-3.796573655208599796e+00
-3.796573589184497166e+00
-3.796573523547784212e+00
-3.796573458301311543e+00
-3.796573393447916001e+00
-3.796573328990417107e+00
-3.796573264931621949e+00
-3.796573201274314080e+00
-3.796573138021262395e+00
-3.796573075175222467e+00
-3.796573012738925446e+00
-3.796572950715093153e+00
-3.796572889106426540e+00
-3.796572827915608794e+00
-3.796572767145308447e+00
-3.796572706798172270e+00
-3.796572646876836377e+00
-3.796572587383912012e+00
-3.796572528322000206e+00
-3.796572469693680230e+00
-3.796572411501512700e+00
-3.796572353748045359e+00
-3.796572296435803739e+00
-3.796572239567300500e+00
-3.796572183145025647e+00
-3.796572127171454536e+00
-3.796572071649044755e+00
-3.796572016580235687e+00
-3.796571961967447173e+00
-3.796571907813084845e+00
-3.796571854119532130e+00
-3.796571800889159576e+00
-3.796571748124314194e+00
-3.796571695827328785e+00
-3.796571644000517498e+00
-3.796571592646176274e+00
-3.796571541766583291e+00
-3.796571491363997186e+00
-3.796571441440659278e+00
-3.796571391998794454e+00
-3.796571343040606727e+00
-3.796571294568283683e+00
-3.796571246583992476e+00
-3.796571199089885162e+00
-3.796571152088092926e+00
-3.796571105580728300e+00
-3.796571059569889606e+00
-3.796571014057652960e+00
-3.796570969046076272e+00
-3.796570924537200131e+00
-3.796570880533046033e+00
-3.796570837035618151e+00
-3.796570794046898900e+00
-3.796570751568857816e+00
-3.796570709603440452e+00
-3.796570668152576822e+00
-3.796570627218179617e+00
-3.796570586802138436e+00
-3.796570546906326005e+00
-3.796570507532600391e+00
-3.796570468682795685e+00
-3.796570430358730430e+00
-3.796570392562203189e+00
-3.796570355294993426e+00
-3.796570318558865509e+00
-3.796570282355558934e+00
-3.796570246686800765e+00
-3.796570211554295415e+00
-3.796570176959730425e+00
-3.796570142904772904e+00
-3.796570109391072201e+00
-3.796570076420259898e+00
-3.796570043993947152e+00
-3.796570012113728243e+00
-3.796569980781174358e+00
-3.796569949997844251e+00
-3.796569919765273582e+00
-3.796569890084980248e+00
-3.796569860958462161e+00
-3.796569832387202137e+00
-3.796569804372660784e+00
-3.796569776916279171e+00
-3.796569750019484157e+00
-3.796569723683677733e+00
-3.796569697910248120e+00
-3.796569672700563558e+00
-3.796569648055971857e+00
-3.796569623977802621e+00
-3.796569600467366801e+00
-3.796569577525958472e+00
-3.796569555154849507e+00
-3.796569533355294457e+00
-3.796569512128529666e+00
-3.796569491475772828e+00
-3.796569471398222095e+00
-3.796569451897056524e+00
-3.796569432973438740e+00
-3.796569414628508721e+00
-3.796569396863390899e+00
-3.796569379679188394e+00
-3.796569363076989667e+00
-3.796569347057859645e+00
-3.796569331622846377e+00
-3.796569316772982816e+00
-3.796569302509275712e+00
-3.796569288832722044e+00
-3.796569275744290373e+00
-3.796569263244937709e+00
-3.796569251335602413e+00
-3.796569240017199753e+00
-3.796569229290630343e+00
-3.796569219156773922e+00
-3.796569209616491136e+00
-3.796569200670626643e+00
-3.796569192320006003e+00
-3.796569184565432575e+00
-3.796569177407698170e+00
-3.796569170847567065e+00
-3.796569164885792880e+00
-3.796569159523107029e+00
-3.796569154760223164e+00
-3.796569150597837172e+00
-3.796569147036624958e+00
-3.796569144077244662e+00
-3.796569141720337548e+00
-3.796569139966525341e+00
-3.796569138816409783e+00
