-1.281860634232375507e+00
-1.281860624087627798e+00
-1.281860573170357620e+00
-1.281860481442782973e+00
-1.281860348867292387e+00
-1.281860175406445812e+00
-1.281859961022975058e+00
-1.281859705679785355e+00
-1.281859409339959122e+00
-1.281859071966753083e+00
-1.281858693523603820e+00
-1.281858273974124662e+00
-1.281857813282110348e+00
-1.281857311411537026e+00
-1.281856768326564255e+00
-1.281856183991534781e+00
-1.281855558370976533e+00
-1.281854891429604848e+00
-1.281854183132321356e+00
-1.281853433444217982e+00
-1.281852642330575831e+00
-1.281851809756867633e+00
-1.281850935688758852e+00
-1.281850020092107467e+00
-1.281849062932967298e+00
-1.281848064177589341e+00
-1.281847023792418883e+00
-1.281845941744100381e+00
-1.281844817999479247e+00
-1.281843652525598953e+00
-1.281842445289707033e+00
-1.281841196259251969e+00
-1.281839905401886304e+00
-1.281838572685467081e+00
-1.281837198078059181e+00
-1.281835781547931541e+00
-1.281834323063562264e+00
-1.281832822593640620e+00
-1.281831280107061710e+00
-1.281829695572936467e+00
-1.281828068960582545e+00
-1.281826400239535868e+00
-1.281824689379542415e+00
-1.281822936350564879e+00
-1.281821141122782670e+00
-1.281819303666590137e+00
-1.281817423952601231e+00
-1.281815501951646619e+00
-1.281813537634778566e+00
-1.281811530973268054e+00
-1.281809481938609885e+00
-1.281807390502518906e+00
-1.281805256636933343e+00
-1.281803080314016130e+00
-1.281800861506155575e+00
-1.281798600185963588e+00
-1.281796296326280782e+00
-1.281793949900173368e+00
-1.281791560880936931e+00
-1.281789129242094427e+00
-1.281786654957397964e+00
-1.281784138000833240e+00
-1.281781578346612438e+00
-1.281778975969183332e+00
-1.281776330843223288e+00
-1.281773642943645486e+00
-1.281770912245594252e+00
-1.281768138724449946e+00
-1.281765322355826964e+00
-1.281762463115577511e+00
-1.281759560979788048e+00
-1.281756615924783516e+00
-1.281753627927123551e+00
-1.281750596963611155e+00
-1.281747523011283141e+00
-1.281744406047417684e+00
-1.281741246049533656e+00
-1.281738042995388627e+00
-1.281734796862981085e+00
-1.281731507630552658e+00
-1.281728175276584336e+00
-1.281724799779802249e+00
-1.281721381119172998e+00
-1.281717919273906992e+00
-1.281714414223459553e+00
-1.281710865947527589e+00
-1.281707274426054699e+00
-1.281703639639228953e+00
-1.281699961567482671e+00
-1.281696240191494196e+00
-1.281692475492188787e+00
-1.281688667450735286e+00
-1.281684816048551889e+00
-1.281680921267303042e+00
-1.281676983088899213e+00
-1.281673001495498232e+00
-1.281668976469507726e+00
-1.281664907993580238e+00
-1.281660796050617668e+00
-1.281656640623771271e+00
-1.281652441696439437e+00
-1.281648199252270359e+00
-1.281643913275158919e+00
-1.281639583749251132e+00
-1.281635210658940816e+00
-1.281630793988872030e+00
-1.281626333723938194e+00
-1.281621829849279859e+00
-1.281617282350290044e+00
-1.281612691212609123e+00
-1.281608056422128383e+00
-1.281603377964988688e+00
-1.281598655827579369e+00
-1.281593889996540003e+00
-1.281589080458759522e+00
-1.281584227201376214e+00
-1.281579330211779277e+00
-1.281574389477604603e+00
-1.281569404986740324e+00
-1.281564376727321708e+00
-1.281559304687733380e+00
-1.281554188856611320e+00
-1.281549029222837088e+00
-1.281543825775541601e+00
-1.281538578504105796e+00
-1.281533287398158194e+00
-1.281527952447574892e+00
-1.281522573642479568e+00
-1.281517150973245922e+00
-1.281511684430491016e+00
-1.281506174005083487e+00
-1.281500619688134890e+00
-1.281495021471005247e+00
-1.281489379345301938e+00
-1.281483693302875260e+00
-1.281477963335823533e+00
-1.281472189436488662e+00
-1.281466371597459020e+00
-1.281460509811565229e+00
-1.281454604071884384e+00
-1.281448654371735163e+00
-1.281442660704679826e+00
-1.281436623064523328e+00
-1.281430541445314431e+00
-1.281424415841342146e+00
-1.281418246247135739e+00
-1.281412032657467170e+00
-1.281405775067347541e+00
-1.281399473472028427e+00
-1.281393127866998993e+00
-1.281386738247987767e+00
-1.281380304610962417e+00
-1.281373826952126871e+00
-1.281367305267920420e+00
-1.281360739555021722e+00
-1.281354129810339915e+00
-1.281347476031024613e+00
-1.281340778214455689e+00
-1.281334036358247275e+00
-1.281327250460246647e+00
-1.281320420518533565e+00
-1.281313546531416936e+00
-1.281306628497437705e+00
-1.281299666415366190e+00
-1.281292660284202078e+00
-1.281285610103172878e+00
-1.281278515871732360e+00
-1.281271377589562777e+00
-1.281264195256569760e+00
-1.281256968872886093e+00
-1.281249698438865714e+00
-1.281242383955089048e+00
-1.281235025422354790e+00
-1.281227622841686120e+00
-1.281220176214324491e+00
-1.281212685541731178e+00
-1.281205150825586170e+00
-1.281197572067787727e+00
-1.281189949270448158e+00
-1.281182282435897601e+00
-1.281174571566678910e+00
-1.281166816665549435e+00
-1.281159017735478356e+00
-1.281151174779646462e+00
-1.281143287801445041e+00
-1.281135356804472325e+00
-1.281127381792538822e+00
-1.281119362769657544e+00
-1.281111299740050891e+00
-1.281103192708143990e+00
-1.281095041678565805e+00
-1.281086846656147138e+00
-1.281078607645922407e+00
-1.281070324653123427e+00
-1.281061997683182296e+00
-1.281053626741727847e+00
-1.281045211834585640e+00
-1.281036752967777970e+00
-1.281028250147517422e+00
-1.281019703380212871e+00
-1.281011112672462149e+00
-1.281002478031054492e+00
-1.280993799462968319e+00
-1.280985076975367454e+00
-1.280976310575603572e+00
-1.280967500271212201e+00
-1.280958646069914053e+00
-1.280949747979609477e+00
-1.280940806008381339e+00
-1.280931820164492141e+00
-1.280922790456379357e+00
-1.280913716892659870e+00
-1.280904599482125539e+00
-1.280895438233741634e+00
-1.280886233156643517e+00
-1.280876984260139295e+00
-1.280867691553706944e+00
-1.280858355046991637e+00
-1.280848974749803970e+00
-1.280839550672119964e+00
-1.280830082824079508e+00
-1.280820571215984138e+00
-1.280811015858295709e+00
-1.280801416761633282e+00
-1.280791773936775790e+00
-1.280782087394655600e+00
-1.280772357146360729e+00
-1.280762583203130633e+00
-1.280752765576354646e+00
-1.280742904277575311e+00
-1.280732999318477505e+00
-1.280723050710896649e+00
-1.280713058466810494e+00
-1.280703022598340235e+00
-1.280692943117747173e+00
-1.280682820037433167e+00
-1.280672653369938407e+00
-1.280662443127937866e+00
-1.280652189324239965e+00
-1.280641891971790791e+00
-1.280631551083661446e+00
-1.280621166673057365e+00
-1.280610738753307665e+00
-1.280600267337870024e+00
-1.280589752440325135e+00
-1.280579194074376481e+00
-1.280568592253850335e+00
-1.280557946992686658e+00
-1.280547258304947755e+00
-1.280536526204809400e+00
-1.280525750706560828e+00
-1.280514931824603631e+00
-1.280504069573449311e+00
-1.280493163967717063e+00
-1.280482215022133774e+00
-1.280471222751530025e+00
-1.280460187170839426e+00
-1.280449108295097949e+00
-1.280437986139438378e+00
-1.280426820719092973e+00
-1.280415612049388141e+00
-1.280404360145744658e+00
-1.280393065023674781e+00
-1.280381726698782474e+00
-1.280370345186756964e+00
-1.280358920503375852e+00
-1.280347452664499786e+00
-1.280335941686073120e+00
-1.280324387584120815e+00
-1.280312790374745990e+00
-1.280301150074127703e+00
-1.280289466698522949e+00
-1.280277740264258668e+00
-1.280265970787735741e+00
-1.280254158285421440e+00
-1.280242302773852758e+00
-1.280230404269631084e+00
-1.280218462789422640e+00
-1.280206478349952270e+00
-1.280194450968009656e+00
-1.280182380660437325e+00
-1.280170267444136423e+00
-1.280158111336061388e+00
-1.280145912353218840e+00
-1.280133670512664690e+00
-1.280121385831505254e+00
-1.280109058326890370e+00
-1.280096688016017392e+00
-1.280084274916122311e+00
-1.280071819044485304e+00
-1.280059320418423408e+00
-1.280046779055289186e+00
-1.280034194972471395e+00
-1.280021568187392100e+00
-1.280008898717503119e+00
-1.279996186580284023e+00
-1.279983431793245918e+00
-1.279970634373917449e+00
-1.279957794339857902e+00
-1.279944911708643440e+00
-1.279931986497870877e+00
-1.279919018725153013e+00
-1.279906008408119966e+00
-1.279892955564414070e+00
-1.279879860211690090e+00
-1.279866722367610787e+00
-1.279853542049847581e+00
-1.279840319276078553e+00
-1.279827054063984004e+00
-1.279813746431247568e+00
-1.279800396395551987e+00
-1.279787003974577786e+00
-1.279773569186003268e+00
-1.279760092047499631e+00
-1.279746572576730745e+00
-1.279733010791352044e+00
-1.279719406709005192e+00
-1.279705760347321863e+00
-1.279692071723916191e+00
-1.279678340856385210e+00
-1.279664567762308858e+00
-1.279650752459244645e+00
-1.279636894964728766e+00
-1.279622995296271215e+00
-1.279609053471357116e+00
-1.279595069507442950e+00
-1.279581043421955444e+00
-1.279566975232288240e+00
-1.279552864955803226e+00
-1.279538712609824103e+00
-1.279524518211640816e+00
-1.279510281778500458e+00
-1.279496003327612152e+00
-1.279481682876139503e+00
-1.279467320441203482e+00
-1.279452916039878652e+00
-1.279438469689190505e+00
-1.279423981406114130e+00
-1.279409451207574655e+00
-1.279394879110443695e+00
-1.279380265131535577e+00
-1.279365609287610006e+00
-1.279350911595366735e+00
-1.279336172071444677e+00
-1.279321390732423014e+00
-1.279306567594814092e+00
-1.279291702675067421e+00
-1.279276795989563675e+00
-1.279261847554614251e+00
-1.279246857386461933e+00
-1.279231825501275344e+00
-1.279216751915151162e+00
-1.279201636644108353e+00
-1.279186479704089940e+00
-1.279171281110961012e+00
-1.279156040880505163e+00
-1.279140759028423391e+00
-1.279125435570334313e+00
-1.279110070521771947e+00
-1.279094663898182160e+00
-1.279079215714922668e+00
-1.279063725987262146e+00
-1.279048194730377119e+00
-1.279032621959352412e+00
-1.279017007689177365e+00
-1.279001351934746067e+00
-1.278985654710853792e+00
-1.278969916032199228e+00
-1.278954135913378920e+00
-1.278938314368888829e+00
-1.278922451413120331e+00
-1.278906547060361332e+00
-1.278890601324793153e+00
-1.278874614220490091e+00
-1.278858585761417199e+00
-1.278842515961428727e+00
-1.278826404834268349e+00
-1.278810252393565827e+00
-1.278794058652837240e+00
-1.278777823625482313e+00
-1.278761547324786196e+00
-1.278745229763911917e+00
-1.278728870955907038e+00
-1.278712470913694332e+00
-1.278696029650078003e+00
-1.278679547177737019e+00
-1.278663023509226671e+00
-1.278646458656975460e+00
-1.278629852633286657e+00
-1.278613205450332968e+00
-1.278596517120161424e+00
-1.278579787654684941e+00
-1.278563017065686980e+00
-1.278546205364818000e+00
-1.278529352563593680e+00
-1.278512458673396024e+00
-1.278495523705471149e+00
-1.278478547670927057e+00
-1.278461530580734085e+00
-1.278444472445723790e+00
-1.278427373276588064e+00
-1.278410233083876246e+00
-1.278393051877996456e+00
-1.278375829669214481e+00
-1.278358566467649560e+00
-1.278341262283279267e+00
-1.278323917125933740e+00
-1.278306531005294566e+00
-1.278289103930900339e+00
-1.278271635912135329e+00
-1.278254126958239478e+00
-1.278236577078298852e+00
-1.278218986281251190e+00
-1.278201354575879023e+00
-1.278183681970817442e+00
-1.278165968474543224e+00
-1.278148214095381263e+00
-1.278130418841501470e+00
-1.278112582720917434e+00
-1.278094705741487758e+00
-1.278076787910912948e+00
-1.278058829236735638e+00
-1.278040829726340366e+00
-1.278022789386955349e+00
-1.278004708225644936e+00
-1.277986586249315382e+00
-1.277968423464713954e+00
-1.277950219878424054e+00
-1.277931975496868322e+00
-1.277913690326306639e+00
-1.277895364372837461e+00
-1.277876997642394707e+00
-1.277858590140747541e+00
-1.277840141873503477e+00
-1.277821652846103717e+00
-1.277803123063824264e+00
-1.277784552531776585e+00
-1.277765941254906279e+00
-1.277747289237990191e+00
-1.277728596485642631e+00
-1.277709863002307378e+00
-1.277691088792263674e+00
-1.277672273859622454e+00
-1.277653418208326785e+00
-1.277634521842150761e+00
-1.277615584764700607e+00
-1.277596606979417349e+00
-1.277577588489568594e+00
-1.277558529298255863e+00
-1.277539429408410809e+00
-1.277520288822797223e+00
-1.277501107544007475e+00
-1.277481885574466292e+00
-1.277462622916428314e+00
-1.277443319571979874e+00
-1.277423975543036327e+00
-1.277404590831342945e+00
-1.277385165438478687e+00
-1.277365699365848428e+00
-1.277346192614691622e+00
-1.277326645186075194e+00
-1.277307057080898200e+00
-1.277287428299890726e+00
-1.277267758843612766e+00
-1.277248048712454898e+00
-1.277228297906639387e+00
-1.277208506426220858e+00
-1.277188674271082292e+00
-1.277168801440941470e+00
-1.277148887935345645e+00
-1.277128933753675311e+00
-1.277108938895142209e+00
-1.277088903358792438e+00
-1.277068827143502894e+00
-1.277048710247984609e+00
-1.277028552670782080e+00
-1.277008354410273716e+00
-1.276988115464672058e+00
-1.276967835832024001e+00
-1.276947515510211018e+00
-1.276927154496950934e+00
-1.276906752789796373e+00
-1.276886310386137646e+00
-1.276865827283199195e+00
-1.276845303478046922e+00
-1.276824738967580419e+00
-1.276804133748539627e+00
-1.276783487817502838e+00
-1.276762801170887363e+00
-1.276742073804951971e+00
-1.276721305715794452e+00
-1.276700496899354054e+00
-1.276679647351412372e+00
-1.276658757067594463e+00
-1.276637826043366175e+00
-1.276616854274039703e+00
-1.276595841754769367e+00
-1.276574788480556943e+00
-1.276553694446249887e+00
-1.276532559646540665e+00
-1.276511384075973643e+00
-1.276490167728935976e+00
-1.276468910599669160e+00
-1.276447612682261479e+00
-1.276426273970653336e+00
-1.276404894458637029e+00
-1.276383474139857199e+00
-1.276362013007813490e+00
-1.276340511055858107e+00
-1.276318968277199595e+00
-1.276297384664903722e+00
-1.276275760211892152e+00
-1.276254094910946435e+00
-1.276232388754706459e+00
-1.276210641735673557e+00
-1.276188853846209614e+00
-1.276167025078540185e+00
-1.276145155424753819e+00
-1.276123244876803176e+00
-1.276101293426508132e+00
-1.276079301065554894e+00
-1.276057267785497995e+00
-1.276035193577760740e+00
-1.276013078433638093e+00
-1.275990922344296452e+00
-1.275968725300772100e+00
-1.275946487293981191e+00
-1.275924208314709762e+00
-1.275901888353624614e+00
-1.275879527401267532e+00
-1.275857125448061069e+00
-1.275834682484307869e+00
-1.275812198500193118e+00
-1.275789673485783871e+00
-1.275767107431032832e+00
-1.275744500325778130e+00
-1.275721852159745762e+00
-1.275699162922549368e+00
-1.275676432603693566e+00
-1.275653661192575283e+00
-1.275630848678482421e+00
-1.275607995050598964e+00
-1.275585100298004093e+00
-1.275562164409675736e+00
-1.275539187374488126e+00
-1.275516169181219350e+00
-1.275493109818547133e+00
-1.275470009275053274e+00
-1.275446867539225870e+00
-1.275423684599458429e+00
-1.275400460444052753e+00
-1.275377195061221602e+00
-1.275353888439087591e+00
-1.275330540565688953e+00
-1.275307151428976882e+00
-1.275283721016819749e+00
-1.275260249317004435e+00
-1.275236736317236330e+00
-1.275213182005144441e+00
-1.275189586368278727e+00
-1.275165949394116538e+00
-1.275142271070060396e+00
-1.275118551383441989e+00
-1.275094790321522620e+00
-1.275070987871496975e+00
-1.275047144020491796e+00
-1.275023258755571209e+00
-1.274999332063736501e+00
-1.274975363931927230e+00
-1.274951354347024557e+00
-1.274927303295853243e+00
-1.274903210765182759e+00
-1.274879076741728401e+00
-1.274854901212155722e+00
-1.274830684163079209e+00
-1.274806425581067160e+00
-1.274782125452641246e+00
-1.274757783764279395e+00
-1.274733400502418679e+00
-1.274708975653455312e+00
-1.274684509203749316e+00
-1.274660001139622079e+00
-1.274635451447364565e+00
-1.274610860113231992e+00
-1.274586227123454041e+00
-1.274561552464229086e+00
-1.274536836121730854e+00
-1.274512078082108424e+00
-1.274487278331490892e+00
-1.274462436855986258e+00
-1.274437553641685872e+00
-1.274412628674663761e+00
-1.274387661940982408e+00
-1.274362653426691638e+00
-1.274337603117832840e+00
-1.274312511000438297e+00
-1.274287377060537407e+00
-1.274262201284155571e+00
-1.274236983657317079e+00
-1.274211724166048887e+00
-1.274186422796378171e+00
-1.274161079534341434e+00
-1.274135694365980953e+00
-1.274110267277348774e+00
-1.274084798254509376e+00
-1.274059287283541231e+00
-1.274033734350539682e+00
-1.274008139441618725e+00
-1.273982502542911677e+00
-1.273956823640576497e+00
-1.273931102720796238e+00
-1.273905339769780820e+00
-1.273879534773768363e+00
-1.273853687719031180e+00
-1.273827798591875116e+00
-1.273801867378641983e+00
-1.273775894065712455e+00
-1.273749878639506505e+00
-1.273723821086489405e+00
-1.273697721393169724e+00
-1.273671579546105326e+00
-1.273645395531902480e+00
-1.273619169337220525e+00
-1.273592900948772311e+00
-1.273566590353327754e+00
-1.273540237537715836e+00
-1.273513842488825931e+00
-1.273487405193612254e+00
-1.273460925639092967e+00
-1.273434403812355065e+00
-1.273407839700556821e+00
-1.273381233290926895e+00
-1.273354584570772108e+00
-1.273327893527472554e+00
-1.273301160148489597e+00
-1.273274384421367422e+00
-1.273247566333733038e+00
-1.273220705873300940e+00
-1.273193803027872661e+00
-1.273166857785340333e+00
-1.273139870133692009e+00
-1.273112840061009665e+00
-1.273085767555473424e+00
-1.273058652605362218e+00
-1.273031495199060004e+00
-1.273004295325053770e+00
-1.272977052971937972e+00
-1.272949768128416093e+00
-1.272922440783305076e+00
-1.272895070925532890e+00
-1.272867658544145630e+00
-1.272840203628308409e+00
-1.272812706167306240e+00
-1.272785166150546710e+00
-1.272757583567565964e+00
-1.272729958408023165e+00
-1.272702290661710478e+00
-1.272674580318553073e+00
-1.272646827368608680e+00
-1.272619031802073364e+00
-1.272591193609280857e+00
-1.272563312780706779e+00
-1.272535389306973075e+00
-1.272507423178843355e+00
-1.272479414387232444e+00
-1.272451362923204377e+00
-1.272423268777976180e+00
-1.272395131942919644e+00
-1.272366952409565322e+00
-1.272338730169600973e+00
-1.272310465214876674e+00
-1.272282157537408587e+00
-1.272253807129375636e+00
-1.272225413983127273e+00
-1.272196978091182817e+00
-1.272168499446236112e+00
-1.272139978041152641e+00
-1.272111413868977525e+00
-1.272082806922934850e+00
-1.272054157196430335e+00
-1.272025464683052887e+00
-1.271996729376578150e+00
-1.271967951270968955e+00
-1.271939130360378867e+00
-1.271910266639154630e+00
-1.271881360101835723e+00
-1.271852410743159911e+00
-1.271823418558062579e+00
-1.271794383541681395e+00
-1.271765305689355641e+00
-1.271736184996630881e+00
-1.271707021459259845e+00
-1.271677815073202433e+00
-1.271648565834633704e+00
-1.271619273739938993e+00
-1.271589938785720131e+00
-1.271560560968797438e+00
-1.271531140286209727e+00
-1.271501676735218522e+00
-1.271472170313306727e+00
-1.271442621018186614e+00
-1.271413028847794280e+00
-1.271383393800298744e+00
-1.271353715874098844e+00
-1.271323995067827006e+00
-1.271294231380351691e+00
-1.271264424810779614e+00
-1.271234575358455965e+00
-1.271204683022967963e+00
-1.271174747804145078e+00
-1.271144769702063471e+00
-1.271114748717045773e+00
-1.271084684849663526e+00
-1.271054578100739185e+00
-1.271024428471348999e+00
-1.270994235962821683e+00
-1.270964000576743080e+00
-1.270933722314959713e+00
-1.270903401179575454e+00
-1.270873037172956188e+00
-1.270842630297733145e+00
-1.270812180556801119e+00
-1.270781687953323136e+00
-1.270751152490731339e+00
-1.270720574172728101e+00
-1.270689953003288464e+00
-1.270659288986660806e+00
-1.270628582127370176e+00
-1.270597832430219176e+00
-1.270567039900288853e+00
-1.270536204542941139e+00
-1.270505326363821963e+00
-1.270474405368857918e+00
-1.270443441564265141e+00
-1.270412434956544656e+00
-1.270381385552487918e+00
-1.270350293359173710e+00
-1.270319158383976577e+00
-1.270287980634563940e+00
-1.270256760118895878e+00
-1.270225496845230451e+00
-1.270194190822123481e+00
-1.270162842058432551e+00
-1.270131450563313003e+00
-1.270100016346223493e+00
-1.270068539416927988e+00
-1.270037019785495325e+00
-1.270005457462298981e+00
-1.269973852458022856e+00
-1.269942204783659934e+00
-1.269910514450512506e+00
-1.269878781470196394e+00
-1.269847005854642052e+00
-1.269815187616091468e+00
-1.269783326767105036e+00
-1.269751423320561345e+00
-1.269719477289654730e+00
-1.269687488687901489e+00
-1.269655457529138776e+00
-1.269623383827523933e+00
-1.269591267597541595e+00
-1.269559108853999030e+00
-1.269526907612028355e+00
-1.269494663887089203e+00
-1.269462377694971389e+00
-1.269430049051791576e+00
-1.269397677973995942e+00
-1.269365264478365951e+00
-1.269332808582011252e+00
-1.269300310302377444e+00
-1.269267769657244083e+00
-1.269235186664725124e+00
-1.269202561343273583e+00
-1.269169893711676655e+00
-1.269137183789062817e+00
-1.269104431594898275e+00
-1.269071637148989851e+00
-1.269038800471484985e+00
-1.269005921582875729e+00
-1.268973000503993420e+00
-1.268940037256014897e+00
-1.268907031860462498e+00
-1.268873984339202066e+00
-1.268840894714447387e+00
-1.268807763008757972e+00
-1.268774589245041495e+00
-1.268741373446555132e+00
-1.268708115636903777e+00
-1.268674815840042047e+00
-1.268641474080277387e+00
-1.268608090382266518e+00
-1.268574664771017657e+00
-1.268541197271893628e+00
-1.268507687910609194e+00
-1.268474136713232392e+00
-1.268440543706186752e+00
-1.268406908916249964e+00
-1.268373232370554549e+00
-1.268339514096591847e+00
-1.268305754122206697e+00
-1.268271952475600983e+00
-1.268238109185335860e+00
-1.268204224280329084e+00
-1.268170297789858347e+00
-1.268136329743555946e+00
-1.268102320171417663e+00
-1.268068269103797885e+00
-1.268034176571409821e+00
-1.268000042605325950e+00
-1.267965867236981570e+00
-1.267931650498172136e+00
-1.267897392421053704e+00
-1.267863093038143818e+00
-1.267828752382320845e+00
-1.267794370486825528e+00
-1.267759947385262764e+00
-1.267725483111597828e+00
-1.267690977700155708e+00
-1.267656431185629762e+00
-1.267621843603070841e+00
-1.267587214987895949e+00
-1.267552545375884243e+00
-1.267517834803176591e+00
-1.267483083306278013e+00
-1.267448290922056131e+00
-1.267413457687744049e+00
-1.267378583640932810e+00
-1.267343668819583824e+00
-1.267308713262013997e+00
-1.267273717006908385e+00
-1.267238680093314196e+00
-1.267203602560639464e+00
-1.267168484448658372e+00
-1.267133325797504373e+00
-1.267098126647675516e+00
-1.267062887040031560e+00
-1.267027607015795310e+00
-1.266992286616550167e+00
-1.266956925884243690e+00
-1.266921524861181592e+00
-1.266886083590033296e+00
-1.266850602113829272e+00
-1.266815080475959920e+00
-1.266779518720177578e+00
-1.266743916890592514e+00
-1.266708275031676711e+00
-1.266672593188259643e+00
-1.266636871405533160e+00
-1.266601109729043495e+00
-1.266565308204699702e+00
-1.266529466878765220e+00
-1.266493585797862309e+00
-1.266457665008970501e+00
-1.266421704559424599e+00
-1.266385704496916675e+00
-1.266349664869493630e+00
-1.266313585725557633e+00
-1.266277467113865463e+00
-1.266241309083526057e+00
-1.266205111684002738e+00
-1.266168874965112545e+00
-1.266132598977022683e+00
-1.266096283770253406e+00
-1.266059929395673134e+00
-1.266023535904503339e+00
-1.265987103348313214e+00
-1.265950631779019675e+00
-1.265914121248890689e+00
-1.265877571810537505e+00
-1.265840983516921092e+00
-1.265804356421345922e+00
-1.265767690577461968e+00
-1.265730986039263817e+00
-1.265694242861088226e+00
-1.265657461097615233e+00
-1.265620640803865715e+00
-1.265583782035203164e+00
-1.265546884847326803e+00
-1.265509949296278025e+00
-1.265472975438435066e+00
-1.265435963330514779e+00
-1.265398913029566197e+00
-1.265361824592977191e+00
-1.265324698078468035e+00
-1.265287533544091625e+00
-1.265250331048235033e+00
-1.265213090649613514e+00
-1.265175812407274725e+00
-1.265138496380593391e+00
-1.265101142629272868e+00
-1.265063751213342469e+00
-1.265026322193159691e+00
-1.264988855629403108e+00
-1.264951351583076145e+00
-1.264913810115505077e+00
-1.264876231288335262e+00
-1.264838615163534241e+00
-1.264800961803386192e+00
-1.264763271270492373e+00
-1.264725543627773341e+00
-1.264687778938461626e+00
-1.264649977266102843e+00
-1.264612138674558128e+00
-1.264574263227996154e+00
-1.264536350990898228e+00
-1.264498402028052304e+00
-1.264460416404553422e+00
-1.264422394185803267e+00
-1.264384335437508167e+00
-1.264346240225676654e+00
-1.264308108616618354e+00
-1.264269940676943094e+00
-1.264231736473562018e+00
-1.264193496073680478e+00
-1.264155219544801367e+00
-1.264116906954721786e+00
-1.264078558371531047e+00
-1.264040173863611116e+00
-1.264001753499633507e+00
-1.263963297348558168e+00
-1.263924805479631930e+00
-1.263886277962386284e+00
-1.263847714866639160e+00
-1.263809116262486931e+00
-1.263770482220310631e+00
-1.263731812810768407e+00
-1.263693108104795071e+00
-1.263654368173602993e+00
-1.263615593088679878e+00
-1.263576782921782993e+00
-1.263537937744942719e+00
-1.263499057630458999e+00
-1.263460142650898677e+00
-1.263421192879094601e+00
-1.263382208388144967e+00
-1.263343189251409315e+00
-1.263304135542509421e+00
-1.263265047335325519e+00
-1.263225924703995640e+00
-1.263186767722913828e+00
-1.263147576466725486e+00
-1.263108351010333585e+00
-1.263069091428886681e+00
-1.263029797797785347e+00
-1.262990470192673520e+00
-1.262951108689443602e+00
-1.262911713364229360e+00
-1.262872284293407033e+00
-1.262832821553592444e+00
-1.262793325221637009e+00
-1.262753795374631283e+00
-1.262714232089898081e+00
-1.262674635444992921e+00
-1.262635005517701581e+00
-1.262595342386037434e+00
-1.262555646128241671e+00
-1.262515916822780415e+00
-1.262476154548340057e+00
-1.262436359383831253e+00
-1.262396531408381373e+00
-1.262356670701334282e+00
-1.262316777342250784e+00
-1.262276851410903733e+00
-1.262236892987276704e+00
-1.262196902151563993e+00
-1.262156878984164177e+00
-1.262116823565684776e+00
-1.262076735976933151e+00
-1.262036616298920721e+00
-1.261996464612855862e+00
-1.261956281000147007e+00
-1.261916065542393994e+00
-1.261875818321393394e+00
-1.261835539419130958e+00
-1.261795228917783174e+00
-1.261754886899712380e+00
-1.261714513447466324e+00
-1.261674108643776382e+00
-1.261633672571554898e+00
-1.261593205313892296e+00
-1.261552706954058634e+00
-1.261512177575494942e+00
-1.261471617261817890e+00
-1.261431026096814234e+00
-1.261390404164440149e+00
-1.261349751548816567e+00
-1.261309068334230732e+00
-1.261268354605131758e+00
-1.261227610446129521e+00
-1.261186835941990880e+00
-1.261146031177641236e+00
-1.261105196238157644e+00
-1.261064331208771261e+00
-1.261023436174861789e+00
-1.260982511221957481e+00
-1.260941556435732913e+00
-1.260900571902004552e+00
-1.260859557706732303e+00
-1.260818513936013741e+00
-1.260777440676084549e+00
-1.260736338013316971e+00
-1.260695206034213145e+00
-1.260654044825410658e+00
-1.260612854473671218e+00
-1.260571635065886875e+00
-1.260530386689071802e+00
-1.260489109430365184e+00
-1.260447803377024556e+00
-1.260406468616426690e+00
-1.260365105236064487e+00
-1.260323713323544093e+00
-1.260282292966585560e+00
-1.260240844253016856e+00
-1.260199367270773863e+00
-1.260157862107898818e+00
-1.260116328852538103e+00
-1.260074767592937572e+00
-1.260033178417444333e+00
-1.259991561414500749e+00
-1.259949916672645331e+00
-1.259908244280509404e+00
-1.259866544326816662e+00
-1.259824816900376510e+00
-1.259783062090087169e+00
-1.259741279984930129e+00
-1.259699470673971256e+00
-1.259657634246355684e+00
-1.259615770791305822e+00
-1.259573880398121570e+00
-1.259531963156176548e+00
-1.259490019154917428e+00
-1.259448048483859051e+00
-1.259406051232585533e+00
-1.259364027490747162e+00
-1.259321977348054844e+00
-1.259279900894286763e+00
-1.259237798219274396e+00
-1.259195669412912721e+00
-1.259153514565148901e+00
-1.259111333765984053e+00
-1.259069127105470365e+00
-1.259026894673711983e+00
-1.258984636560857018e+00
-1.258942352857101321e+00
-1.258900043652683598e+00
-1.258857709037884520e+00
-1.258815349103022063e+00
-1.258772963938454614e+00
-1.258730553634572757e+00
-1.258688118281803492e+00
-1.258645657970603127e+00
-1.258603172791458391e+00
-1.258560662834882216e+00
-1.258518128191415064e+00
-1.258475568951619827e+00
-1.258432985206080934e+00
-1.258390377045403463e+00
-1.258347744560208259e+00
-1.258305087841133485e+00
-1.258262406978831960e+00
-1.258219702063966494e+00
-1.258176973187210779e+00
-1.258134220439247608e+00
-1.258091443910764440e+00
-1.258048643692454283e+00
-1.258005819875013032e+00
-1.257962972549135250e+00
-1.257920101805516389e+00
-1.257877207734849012e+00
-1.257834290427819468e+00
-1.257791349975106554e+00
-1.257748386467383739e+00
-1.257705399995311613e+00
-1.257662390649538997e+00
-1.257619358520701169e+00
-1.257576303699418530e+00
-1.257533226276291938e+00
-1.257490126341904713e+00
-1.257447003986817302e+00
-1.257403859301570170e+00
-1.257360692376676914e+00
-1.257317503302626482e+00
-1.257274292169877850e+00
-1.257231059068862233e+00
-1.257187804089978211e+00
-1.257144527323592831e+00
-1.257101228860036279e+00
-1.257057908789604106e+00
-1.257014567202552335e+00
-1.256971204189099467e+00
-1.256927819839419147e+00
-1.256884414243645942e+00
-1.256840987491867567e+00
-1.256797539674124220e+00
-1.256754070880412577e+00
-1.256710581200676025e+00
-1.256667070724807544e+00
-1.256623539542648826e+00
-1.256579987743987825e+00
-1.256536415418555874e+00
-1.256492822656026354e+00
-1.256449209546015133e+00
-1.256405576178078132e+00
-1.256361922641709539e+00
-1.256318249026338041e+00
-1.256274555421332151e+00
-1.256230841915990215e+00
-1.256187108599544189e+00
-1.256143355561158970e+00
-1.256099582889927069e+00
-1.256055790674869055e+00
-1.256011979004933554e+00
-1.255968147968994142e+00
-1.255924297655846456e+00
-1.255880428154212858e+00
-1.255836539552733777e+00
-1.255792631939970150e+00
-1.255748705404402976e+00
-1.255704760034427325e+00
-1.255660795918358330e+00
-1.255616813144423860e+00
-1.255572811800764743e+00
-1.255528791975434322e+00
-1.255484753756398009e+00
-1.255440697231528624e+00
-1.255396622488609948e+00
-1.255352529615331170e+00
-1.255308418699288442e+00
-1.255264289827982660e+00
-1.255220143088816576e+00
-1.255175978569099238e+00
-1.255131796356036666e+00
-1.255087596536738070e+00
-1.255043379198210740e+00
-1.254999144427360269e+00
-1.254954892310987669e+00
-1.254910622935791809e+00
-1.254866336388364312e+00
-1.254822032755192218e+00
-1.254777712122652877e+00
-1.254733374577017502e+00
-1.254689020204445171e+00
-1.254644649090987274e+00
-1.254600261322582622e+00
-1.254555856985055451e+00
-1.254511436164118976e+00
-1.254466998945371392e+00
-1.254422545414295653e+00
-1.254378075656256364e+00
-1.254333589756503553e+00
-1.254289087800168456e+00
-1.254244569872261517e+00
-1.254200036057673939e+00
-1.254155486441178358e+00
-1.254110921107421950e+00
-1.254066340140931324e+00
-1.254021743626111407e+00
-1.253977131647238119e+00
-1.253932504288467920e+00
-1.253887861633828260e+00
-1.253843203767218251e+00
-1.253798530772415543e+00
-1.253753842733062784e+00
-1.253709139732678945e+00
-1.253664421854651323e+00
-1.253619689182235541e+00
-1.253574941798559328e+00
-1.253530179786616294e+00
-1.253485403229268602e+00
-1.253440612209245186e+00
-1.253395806809140423e+00
-1.253350987111415682e+00
-1.253306153198396666e+00
-1.253261305152273852e+00
-1.253216443055100271e+00
-1.253171566988794394e+00
-1.253126677035135028e+00
-1.253081773275764199e+00
-1.253036855792185156e+00
-1.252991924665762147e+00
-1.252946979977719977e+00
-1.252902021809144228e+00
-1.252857050240977044e+00
-1.252812065354022009e+00
-1.252767067228941489e+00
-1.252722055946254409e+00
-1.252677031586336698e+00
-1.252631994229423285e+00
-1.252586943955604992e+00
-1.252541880844828537e+00
-1.252496804976896083e+00
-1.252451716431466577e+00
-1.252406615288053304e+00
-1.252361501626022777e+00
-1.252316375524598735e+00
-1.252271237062857479e+00
-1.252226086319728537e+00
-1.252180923373995780e+00
-1.252135748304294083e+00
-1.252090561189114437e+00
-1.252045362106797954e+00
-1.252000151135538752e+00
-1.251954928353381735e+00
-1.251909693838225701e+00
-1.251864447667817570e+00
-1.251819189919760156e+00
-1.251773920671503282e+00
-1.251728640000348891e+00
-1.251683347983450156e+00
-1.251638044697811258e+00
-1.251592730220284055e+00
-1.251547404627572746e+00
-1.251502067996232315e+00
-1.251456720402665423e+00
-1.251411361923124854e+00
-1.251365992633715951e+00
-1.251320612610388627e+00
-1.251275221928946912e+00
-1.251229820665042070e+00
-1.251184408894174815e+00
-1.251138986691695321e+00
-1.251093554132802987e+00
-1.251048111292547338e+00
-1.251002658245826682e+00
-1.250957195067386563e+00
-1.250911721831824863e+00
-1.250866238613587145e+00
-1.250820745486967311e+00
-1.250775242526111608e+00
-1.250729729805012846e+00
-1.250684207397513736e+00
-1.250638675377306885e+00
-1.250593133817935465e+00
-1.250547582792790102e+00
-1.250502022375112654e+00
-1.250456452637996207e+00
-1.250410873654380417e+00
-1.250365285497058165e+00
-1.250319688238670901e+00
-1.250274081951710414e+00
-1.250228466708521724e+00
-1.250182842581295972e+00
-1.250137209642080416e+00
-1.250091567962769989e+00
-1.250045917615111746e+00
-1.250000258670704856e+00
-1.249954591201000609e+00
-1.249908915277301080e+00
-1.249863230970761574e+00
-1.249817538352389956e+00
-1.249771837493046656e+00
-1.249726128463444885e+00
-1.249680411334151975e+00
-1.249634686175588261e+00
-1.249588953058028196e+00
-1.249543212051601238e+00
-1.249497463226290961e+00
-1.249451706651934835e+00
-1.249405942398226221e+00
-1.249360170534716596e+00
-1.249314391130808444e+00
-1.249268604255765913e+00
-1.249222809978705939e+00
-1.249177008368604014e+00
-1.249131199494293520e+00
-1.249085383424465956e+00
-1.249039560227669154e+00
-1.248993729972312172e+00
-1.248947892726661735e+00
-1.248902048558844013e+00
-1.248856197536847290e+00
-1.248810339728518182e+00
-1.248764475201564750e+00
-1.248718604023556722e+00
-1.248672726261925936e+00
-1.248626841983966562e+00
-1.248580951256835325e+00
-1.248535054147553280e+00
-1.248489150723004038e+00
-1.248443241049937091e+00
-1.248397325194964935e+00
-1.248351403224567724e+00
-1.248305475205090831e+00
-1.248259541202745737e+00
-1.248213601283611585e+00
-1.248167655513635177e+00
-1.248121703958631423e+00
-1.248075746684283782e+00
-1.248029783756147593e+00
-1.247983815239643191e+00
-1.247937841200066789e+00
-1.247891861702583371e+00
-1.247845876812229138e+00
-1.247799886593915275e+00
-1.247753891112423297e+00
-1.247707890432409927e+00
-1.247661884618406436e+00
-1.247615873734818859e+00
-1.247569857845928221e+00
-1.247523837015892978e+00
-1.247477811308747908e+00
-1.247431780788406108e+00
-1.247385745518658773e+00
-1.247339705563176082e+00
-1.247293660985506536e+00
-1.247247611849082283e+00
-1.247201558217214235e+00
-1.247155500153095620e+00
-1.247109437719801539e+00
-1.247063370980293184e+00
-1.247017299997411399e+00
-1.246971224833886227e+00
-1.246925145552329584e+00
-1.246879062215241918e+00
-1.246832974885008882e+00
-1.246786883623906883e+00
-1.246740788494096863e+00
-1.246694689557631630e+00
-1.246648586876451859e+00
-1.246602480512392752e+00
-1.246556370527176272e+00
-1.246510256982420684e+00
-1.246464139939634563e+00
-1.246418019460221904e+00
-1.246371895605481450e+00
-1.246325768436606252e+00
-1.246279638014687219e+00
-1.246233504400711123e+00
-1.246187367655562594e+00
-1.246141227840025012e+00
-1.246095085014782722e+00
-1.246048939240418152e+00
-1.246002790577416253e+00
-1.245956639086164497e+00
-1.245910484826951548e+00
-1.245864327859969922e+00
-1.245818168245318658e+00
-1.245772006043000202e+00
-1.245725841312922633e+00
-1.245679674114902991e+00
-1.245633504508665279e+00
-1.245587332553841575e+00
-1.245541158309973806e+00
-1.245494981836515302e+00
-1.245448803192828802e+00
-1.245402622438190887e+00
-1.245356439631791323e+00
-1.245310254832730834e+00
-1.245264068100027988e+00
-1.245217879492616753e+00
-1.245171689069344945e+00
-1.245125496888980221e+00
-1.245079303010208305e+00
-1.245033107491631874e+00
-1.244986910391776558e+00
-1.244940711769085384e+00
-1.244894511681926552e+00
-1.244848310188588547e+00
-1.244802107347283693e+00
-1.244755903216149928e+00
-1.244709697853249031e+00
-1.244663491316569726e+00
-1.244617283664027241e+00
-1.244571074953463974e+00
-1.244524865242652822e+00
-1.244478654589296518e+00
-1.244432443051026072e+00
-1.244386230685406325e+00
-1.244340017549932620e+00
-1.244293803702033907e+00
-1.244247589199075854e+00
-1.244201374098354407e+00
-1.244155158457106225e+00
-1.244108942332501355e+00
-1.244062725781649226e+00
-1.244016508861596426e+00
-1.243970291629331149e+00
-1.243924074141780078e+00
-1.243877856455811948e+00
-1.243831638628237757e+00
-1.243785420715810552e+00
-1.243739202775229202e+00
-1.243692984863135287e+00
-1.243646767036116429e+00
-1.243600549350708739e+00
-1.243554331863392370e+00
-1.243508114630599737e+00
-1.243461897708708852e+00
-1.243415681154051100e+00
-1.243369465022906128e+00
-1.243323249371506956e+00
-1.243277034256037750e+00
-1.243230819732637604e+00
-1.243184605857401426e+00
-1.243138392686376159e+00
-1.243092180275565894e+00
-1.243045968680934532e+00
-1.242999757958400009e+00
-1.242953548163841182e+00
-1.242907339353097163e+00
-1.242861131581965983e+00
-1.242814924906207263e+00
-1.242768719381543541e+00
-1.242722515063659605e+00
-1.242676312008205386e+00
-1.242630110270793287e+00
-1.242583909907003958e+00
-1.242537710972382525e+00
-1.242491513522442803e+00
-1.242445317612665301e+00
-1.242399123298500108e+00
-1.242352930635368002e+00
-1.242306739678657568e+00
-1.242260550483732295e+00
-1.242214363105924368e+00
-1.242168177600542656e+00
-1.242121994022867604e+00
-1.242075812428154125e+00
-1.242029632871632927e+00
-1.241983455408511183e+00
-1.241937280093973861e+00
-1.241891106983182835e+00
-1.241844936131278443e+00
-1.241798767593380592e+00
-1.241752601424589431e+00
-1.241706437679986230e+00
-1.241660276414634945e+00
-1.241614117683579543e+00
-1.241567961541849785e+00
-1.241521808044458997e+00
-1.241475657246403186e+00
-1.241429509202667925e+00
-1.241383363968219911e+00
-1.241337221598016738e+00
-1.241291082147004232e+00
-1.241244945670113786e+00
-1.241198812222267245e+00
-1.241152681858376905e+00
-1.241106554633346848e+00
-1.241060430602070275e+00
-1.241014309819433503e+00
-1.240968192340315968e+00
-1.240922078219591551e+00
-1.240875967512125477e+00
-1.240829860272780749e+00
-1.240783756556415707e+00
-1.240737656417883805e+00
-1.240691559912035613e+00
-1.240645467093720367e+00
-1.240599378017785526e+00
-1.240553292739075886e+00
-1.240507211312439129e+00
-1.240461133792720938e+00
-1.240415060234766775e+00
-1.240368990693427209e+00
-1.240322925223552364e+00
-1.240276863879996805e+00
-1.240230806717618206e+00
-1.240184753791276906e+00
-1.240138705155840793e+00
-1.240092660866181307e+00
-1.240046620977176328e+00
-1.240000585543709066e+00
-1.239954554620672278e+00
-1.239908528262966270e+00
-1.239862506525496899e+00
-1.239816489463182236e+00
-1.239770477130948345e+00
-1.239724469583731059e+00
-1.239678466876478202e+00
-1.239632469064146925e+00
-1.239586476201708143e+00
-1.239540488344144098e+00
-1.239494505546449910e+00
-1.239448527863634242e+00
-1.239402555350718860e+00
-1.239356588062741737e+00
-1.239310626054753506e+00
-1.239264669381822781e+00
-1.239218718099032612e+00
-1.239172772261481814e+00
-1.239126831924287186e+00
-1.239080897142584181e+00
-1.239034967971524015e+00
-1.238989044466277445e+00
-1.238943126682033657e+00
-1.238897214674000935e+00
-1.238851308497409098e+00
-1.238805408207504621e+00
-1.238759513859559291e+00
-1.238713625508862215e+00
-1.238667743210726035e+00
-1.238621867020484713e+00
-1.238575996993493522e+00
-1.238530133185133497e+00
-1.238484275650806987e+00
-1.238438424445938546e+00
-1.238392579625978929e+00
-1.238346741246403537e+00
-1.238300909362710867e+00
-1.238255084030425390e+00
-1.238209265305096674e+00
-1.238163453242302037e+00
-1.238117647897641005e+00
-1.238071849326745300e+00
-1.238026057585268624e+00
-1.237980272728894438e+00
-1.237934494813332620e+00
-1.237888723894323251e+00
-1.237842960027631722e+00
-1.237797203269053847e+00
-1.237751453674413415e+00
-1.237705711299563971e+00
-1.237659976200388812e+00
-1.237614248432799879e+00
-1.237568528052740202e+00
-1.237522815116181896e+00
-1.237477109679129050e+00
-1.237431411797617065e+00
-1.237385721527709537e+00
-1.237340038925504704e+00
-1.237294364047130113e+00
-1.237248696948745952e+00
-1.237203037686545049e+00
-1.237157386316750873e+00
-1.237111742895622424e+00
-1.237066107479446675e+00
-1.237020480124548794e+00
-1.236974860887282812e+00
-1.236929249824038957e+00
-1.236883646991238539e+00
-1.236838052445338176e+00
-1.236792466242827793e+00
-1.236746888440231507e+00
-1.236701319094107188e+00
-1.236655758261047344e+00
-1.236610205997678902e+00
-1.236564662360663425e+00
-1.236519127406696228e+00
-1.236473601192509042e+00
-1.236428083774867570e+00
-1.236382575210572821e+00
-1.236337075556460441e+00
-1.236291584869403160e+00
-1.236246103206305902e+00
-1.236200630624113339e+00
-1.236155167179800785e+00
-1.236109712930383520e+00
-1.236064267932909688e+00
-1.236018832244464294e+00
-1.235973405922167645e+00
-1.235927989023177576e+00
-1.235882581604685448e+00
-1.235837183723919042e+00
-1.235791795438143881e+00
-1.235746416804658354e+00
-1.235701047880800374e+00
-1.235655688723941825e+00
-1.235610339391490120e+00
-1.235564999940889308e+00
-1.235519670429620964e+00
-1.235474350915199748e+00
-1.235429041455178734e+00
-1.235383742107144522e+00
-1.235338452928723241e+00
-1.235293173977572767e+00
-1.235247905311388505e+00
-1.235202646987902275e+00
-1.235157399064881645e+00
-1.235112161600127489e+00
-1.235066934651479542e+00
-1.235021718276809510e+00
-1.234976512534028181e+00
-1.234931317481078317e+00
-1.234886133175939094e+00
-1.234840959676625216e+00
-1.234795797041186249e+00
-1.234750645327706398e+00
-1.234705504594304060e+00
-1.234660374899132274e+00
-1.234615256300379160e+00
-1.234570148856267702e+00
-1.234525052625053076e+00
-1.234479967665026212e+00
-1.234434894034510899e+00
-1.234389831791865122e+00
-1.234344780995479729e+00
-1.234299741703779096e+00
-1.234254713975221351e+00
-1.234209697868296596e+00
-1.234164693441528238e+00
-1.234119700753473214e+00
-1.234074719862717329e+00
-1.234029750827882133e+00
-1.233984793707619820e+00
-1.233939848560613006e+00
-1.233894915445578055e+00
-1.233849994421260199e+00
-1.233805085546436642e+00
-1.233760188879914788e+00
-1.233715304480533126e+00
-1.233670432407159456e+00
-1.233625572718692665e+00
-1.233580725474058948e+00
-1.233535890732216034e+00
-1.233491068552149850e+00
-1.233446258992874078e+00
-1.233401462113432601e+00
-1.233356677972895277e+00
-1.233311906630361499e+00
-1.233267148144957304e+00
-1.233222402575835375e+00
-1.233177669982176594e+00
-1.233132950423186713e+00
-1.233088243958099017e+00
-1.233043550646170994e+00
-1.232998870546685666e+00
-1.232954203718952924e+00
-1.232909550222306194e+00
-1.232864910116101109e+00
-1.232820283459721500e+00
-1.232775670312571181e+00
-1.232731070734078394e+00
-1.232686484783694247e+00
-1.232641912520891836e+00
-1.232597354005166013e+00
-1.232552809296033391e+00
-1.232508278453031458e+00
-1.232463761535719682e+00
-1.232419258603675516e+00
-1.232374769716497953e+00
-1.232330294933804193e+00
-1.232285834315231643e+00
-1.232241387920435249e+00
-1.232196955809087724e+00
-1.232152538040880874e+00
-1.232108134675521161e+00
-1.232063745772733698e+00
-1.232019371392258700e+00
-1.231975011593852587e+00
-1.231930666437287991e+00
-1.231886335982349312e+00
-1.231842020288837158e+00
-1.231797719416565906e+00
-1.231753433425362365e+00
-1.231709162375066446e+00
-1.231664906325530495e+00
-1.231620665336616849e+00
-1.231576439468200945e+00
-1.231532228780167770e+00
-1.231488033332413856e+00
-1.231443853184841730e+00
-1.231399688397366132e+00
-1.231355539029910240e+00
-1.231311405142401449e+00
-1.231267286794779592e+00
-1.231223184046986496e+00
-1.231179096958972874e+00
-1.231135025590694987e+00
-1.231090970002112872e+00
-1.231046930253191451e+00
-1.231002906403899866e+00
-1.230958898514211031e+00
-1.230914906644098306e+00
-1.230870930853539047e+00
-1.230826971202511055e+00
-1.230783027750994352e+00
-1.230739100558968069e+00
-1.230695189686410451e+00
-1.230651295193299299e+00
-1.230607417139612414e+00
-1.230563555585322044e+00
-1.230519710590400884e+00
-1.230475882214815631e+00
-1.230432070518529875e+00
-1.230388275561502542e+00
-1.230344497403687010e+00
-1.230300736105029102e+00
-1.230256991725471316e+00
-1.230213264324945044e+00
-1.230169553963375684e+00
-1.230125860700679974e+00
-1.230082184596763772e+00
-1.230038525711524056e+00
-1.229994884104847142e+00
-1.229951259836607580e+00
-1.229907652966667264e+00
-1.229864063554876763e+00
-1.229820491661071991e+00
-1.229776937345074872e+00
-1.229733400666692456e+00
-1.229689881685717801e+00
-1.229646380461924204e+00
-1.229602897055071864e+00
-1.229559431524900992e+00
-1.229515983931133594e+00
-1.229472554333475243e+00
-1.229429142791607310e+00
-1.229385749365193847e+00
-1.229342374113877367e+00
-1.229299017097277291e+00
-1.229255678374992167e+00
-1.229212358006594785e+00
-1.229169056051635289e+00
-1.229125772569639619e+00
-1.229082507620107734e+00
-1.229039261262512062e+00
-1.228996033556299050e+00
-1.228952824560887391e+00
-1.228909634335667578e+00
-1.228866462939998794e+00
-1.228823310433214688e+00
-1.228780176874613828e+00
-1.228737062323463691e+00
-1.228693966839002893e+00
-1.228650890480433411e+00
-1.228607833306926134e+00
-1.228564795377614649e+00
-1.228521776751600125e+00
-1.228478777487946871e+00
-1.228435797645680339e+00
-1.228392837283792227e+00
-1.228349896461233159e+00
-1.228306975236915788e+00
-1.228264073669711909e+00
-1.228221191818454239e+00
-1.228178329741933084e+00
-1.228135487498897227e+00
-1.228092665148052376e+00
-1.228049862748059606e+00
-1.228007080357538472e+00
-1.227964318035060121e+00
-1.227921575839151069e+00
-1.227878853828291428e+00
-1.227836152060912900e+00
-1.227793470595399672e+00
-1.227750809490085970e+00
-1.227708168803258948e+00
-1.227665548593150469e+00
-1.227622948917945100e+00
-1.227580369835772123e+00
-1.227537811404711743e+00
-1.227495273682786214e+00
-1.227452756727966054e+00
-1.227410260598165159e+00
-1.227367785351243024e+00
-1.227325331044998968e+00
-1.227282897737178802e+00
-1.227240485485465493e+00
-1.227198094347487833e+00
-1.227155724380811108e+00
-1.227113375642940207e+00
-1.227071048191318958e+00
-1.227028742083329904e+00
-1.226986457376290973e+00
-1.226944194127456589e+00
-1.226901952394017448e+00
-1.226859732233096967e+00
-1.226817533701754837e+00
-1.226775356856981025e+00
-1.226733201755699332e+00
-1.226691068454765610e+00
-1.226648957010964436e+00
-1.226606867481011331e+00
-1.226564799921552318e+00
-1.226522754389158587e+00
-1.226480730940331387e+00
-1.226438729631498692e+00
-1.226396750519012313e+00
-1.226354793659152120e+00
-1.226312859108120934e+00
-1.226270946922044747e+00
-1.226229057156974056e+00
-1.226187189868878979e+00
-1.226145345113655694e+00
-1.226103522947115332e+00
-1.226061723424991978e+00
-1.226019946602939559e+00
-1.225978192536528066e+00
-1.225936461281246004e+00
-1.225894752892499717e+00
-1.225853067425609622e+00
-1.225811404935813309e+00
-1.225769765478260220e+00
-1.225728149108017417e+00
-1.225686555880061590e+00
-1.225644985849283719e+00
-1.225603439070484857e+00
-1.225561915598377905e+00
-1.225520415487585169e+00
-1.225478938792638361e+00
-1.225437485567977935e+00
-1.225396055867951306e+00
-1.225354649746814628e+00
-1.225313267258727246e+00
-1.225271908457757686e+00
-1.225230573397876332e+00
-1.225189262132959200e+00
-1.225147974716785937e+00
-1.225106711203038268e+00
-1.225065471645299331e+00
-1.225024256097052344e+00
-1.224983064611684824e+00
-1.224941897242480149e+00
-1.224900754042621553e+00
-1.224859635065191688e+00
-1.224818540363170394e+00
-1.224777469989433598e+00
-1.224736423996753532e+00
-1.224695402437798286e+00
-1.224654405365130705e+00
-1.224613432831206605e+00
-1.224572484888377222e+00
-1.224531561588884099e+00
-1.224490662984861311e+00
-1.224449789128334132e+00
-1.224408940071219032e+00
-1.224368115865322126e+00
-1.224327316562338952e+00
-1.224286542213851359e+00
-1.224245792871331728e+00
-1.224205068586137868e+00
-1.224164369409514341e+00
-1.224123695392592248e+00
-1.224083046586385892e+00
-1.224042423041796113e+00
-1.224001824809606287e+00
-1.223961251940483885e+00
-1.223920704484976252e+00
-1.223880182493514823e+00
-1.223839686016412687e+00
-1.223799215103860805e+00
-1.223758769805932234e+00
-1.223718350172578351e+00
-1.223677956253628629e+00
-1.223637588098790863e+00
-1.223597245757651164e+00
-1.223556929279669747e+00
-1.223516638714185367e+00
-1.223476374110410658e+00
-1.223436135517433687e+00
-1.223395922984216178e+00
-1.223355736559592843e+00
-1.223315576292273610e+00
-1.223275442230838728e+00
-1.223235334423740550e+00
-1.223195252919302645e+00
-1.223155197765718682e+00
-1.223115169011053549e+00
-1.223075166703239791e+00
-1.223035190890080948e+00
-1.222995241619245999e+00
-1.222955318938273805e+00
-1.222915422894568005e+00
-1.222875553535402116e+00
-1.222835710907912210e+00
-1.222795895059101801e+00
-1.222756106035837176e+00
-1.222716343884851398e+00
-1.222676608652739638e+00
-1.222636900385960512e+00
-1.222597219130834967e+00
-1.222557564933546947e+00
-1.222517937840141400e+00
-1.222478337896524936e+00
-1.222438765148462503e+00
-1.222399219641582491e+00
-1.222359701421370293e+00
-1.222320210533170082e+00
-1.222280747022186365e+00
-1.222241310933480207e+00
-1.222201902311971455e+00
-1.222162521202434293e+00
-1.222123167649503905e+00
-1.222083841697667150e+00
-1.222044543391268112e+00
-1.222005272774507656e+00
-1.221966029891438987e+00
-1.221926814785969873e+00
-1.221887627501862861e+00
-1.221848468082732841e+00
-1.221809336572048377e+00
-1.221770233013129259e+00
-1.221731157449148508e+00
-1.221692109923129932e+00
-1.221653090477949677e+00
-1.221614099156332012e+00
-1.221575136000854656e+00
-1.221536201053942561e+00
-1.221497294357872354e+00
-1.221458415954767895e+00
-1.221419565886604053e+00
-1.221380744195201373e+00
-1.221341950922230302e+00
-1.221303186109208294e+00
-1.221264449797499152e+00
-1.221225742028315464e+00
-1.221187062842714832e+00
-1.221148412281601647e+00
-1.221109790385725313e+00
-1.221071197195682023e+00
-1.221032632751912095e+00
-1.220994097094700859e+00
-1.220955590264178214e+00
-1.220917112300319296e+00
-1.220878663242941808e+00
-1.220840243131706915e+00
-1.220801852006119903e+00
-1.220763489905528854e+00
-1.220725156869125749e+00
-1.220686852935941147e+00
-1.220648578144853502e+00
-1.220610332534577847e+00
-1.220572116143674224e+00
-1.220533929010544139e+00
-1.220495771173427446e+00
-1.220457642670407905e+00
-1.220419543539408513e+00
-1.220381473818193285e+00
-1.220343433544365919e+00
-1.220305422755371350e+00
-1.220267441488493310e+00
-1.220229489780854992e+00
-1.220191567669421495e+00
-1.220153675190993159e+00
-1.220115812382213338e+00
-1.220077979279561742e+00
-1.220040175919358871e+00
-1.220002402337762915e+00
-1.219964658570768856e+00
-1.219926944654213585e+00
-1.219889260623769456e+00
-1.219851606514949172e+00
-1.219813982363099791e+00
-1.219776388203411610e+00
-1.219738824070906835e+00
-1.219701290000449800e+00
-1.219663786026740970e+00
-1.219626312184318051e+00
-1.219588868507555324e+00
-1.219551455030667197e+00
-1.219514071787701992e+00
-1.219476718812548599e+00
-1.219439396138930487e+00
-1.219402103800409920e+00
-1.219364841830385293e+00
-1.219327610262092687e+00
-1.219290409128605202e+00
-1.219253238462834066e+00
-1.219216098297525086e+00
-1.219178988665263308e+00
-1.219141909598470352e+00
-1.219104861129405526e+00
-1.219067843290163600e+00
-1.219030856112679473e+00
-1.218993899628721733e+00
-1.218956973869899096e+00
-1.218920078867657297e+00
-1.218883214653277314e+00
-1.218846381257881584e+00
-1.218809578712426678e+00
-1.218772807047707518e+00
-1.218736066294359377e+00
-1.218699356482852769e+00
-1.218662677643495451e+00
-1.218626029806437527e+00
-1.218589413001663457e+00
-1.218552827258998716e+00
-1.218516272608104911e+00
-1.218479749078483998e+00
-1.218443256699477395e+00
-1.218406795500264428e+00
-1.218370365509863884e+00
-1.218333966757134457e+00
-1.218297599270774523e+00
-1.218261263079321477e+00
-1.218224958211153952e+00
-1.218188684694490265e+00
-1.218152442557389081e+00
-1.218116231827749418e+00
-1.218080052533313307e+00
-1.218043904701662017e+00
-1.218007788360218724e+00
-1.217971703536248507e+00
-1.217935650256859459e+00
-1.217899628549000468e+00
-1.217863638439464102e+00
-1.217827679954885278e+00
-1.217791753121742593e+00
-1.217755857966357436e+00
-1.217719994514896653e+00
-1.217684162793368996e+00
-1.217648362827630226e+00
-1.217612594643378898e+00
-1.217576858266159912e+00
-1.217541153721363623e+00
-1.217505481034225845e+00
-1.217469840229829847e+00
-1.217434231333104799e+00
-1.217398654368826216e+00
-1.217363109361619067e+00
-1.217327596335954665e+00
-1.217292115316153112e+00
-1.217256666326383296e+00
-1.217221249390664228e+00
-1.217185864532862594e+00
-1.217150511776696975e+00
-1.217115191145734743e+00
-1.217079902663395830e+00
-1.217044646352951842e+00
-1.217009422237524285e+00
-1.216974230340088337e+00
-1.216939070683472179e+00
-1.216903943290357004e+00
-1.216868848183279672e+00
-1.216833785384627387e+00
-1.216798754916647018e+00
-1.216763756801436891e+00
-1.216728791060952775e+00
-1.216693857717008997e+00
-1.216658956791274226e+00
-1.216624088305275908e+00
-1.216589252280398270e+00
-1.216554448737888094e+00
-1.216519677698845836e+00
-1.216484939184237613e+00
-1.216450233214885657e+00
-1.216415559811474756e+00
-1.216380918994552474e+00
-1.216346310784527374e+00
-1.216311735201671462e+00
-1.216277192266119078e+00
-1.216242681997871555e+00
-1.216208204416791672e+00
-1.216173759542610311e+00
-1.216139347394922909e+00
-1.216104967993190789e+00
-1.216070621356745818e+00
-1.216036307504785308e+00
-1.216002026456376450e+00
-1.215967778230454988e+00
-1.215933562845826543e+00
-1.215899380321169510e+00
-1.215865230675031494e+00
-1.215831113925833762e+00
-1.215797030091869901e+00
-1.215762979191307158e+00
-1.215728961242186879e+00
-1.215694976262426064e+00
-1.215661024269817370e+00
-1.215627105282028442e+00
-1.215593219316607465e+00
-1.215559366390977614e+00
-1.215525546522442157e+00
-1.215491759728184018e+00
-1.215458006025265547e+00
-1.215424285430630746e+00
-1.215390597961106378e+00
-1.215356943633399744e+00
-1.215323322464103795e+00
-1.215289734469693350e+00
-1.215256179666531766e+00
-1.215222658070864048e+00
-1.215189169698823513e+00
-1.215155714566433121e+00
-1.215122292689600147e+00
-1.215088904084124177e+00
-1.215055548765692439e+00
-1.215022226749884693e+00
-1.214988938052171230e+00
-1.214955682687914873e+00
-1.214922460672371418e+00
-1.214889272020691413e+00
-1.214856116747920378e+00
-1.214822994868999029e+00
-1.214789906398765051e+00
-1.214756851351953326e+00
-1.214723829743197925e+00
-1.214690841587031667e+00
-1.214657886897887451e+00
-1.214624965690099812e+00
-1.214592077977903584e+00
-1.214559223775438790e+00
-1.214526403096747309e+00
-1.214493615955777095e+00
-1.214460862366380178e+00
-1.214428142342314887e+00
-1.214395455897249843e+00
-1.214362803044758188e+00
-1.214330183798323137e+00
-1.214297598171339310e+00
-1.214265046177112284e+00
-1.214232527828857489e+00
-1.214200043139705976e+00
-1.214167592122699535e+00
-1.214135174790796912e+00
-1.214102791156872474e+00
-1.214070441233716435e+00
-1.214038125034035964e+00
-1.214005842570457405e+00
-1.213973593855528055e+00
-1.213941378901712609e+00
-1.213909197721398936e+00
-1.213877050326897189e+00
-1.213844936730439805e+00
-1.213812856944184171e+00
-1.213780810980213731e+00
-1.213748798850535993e+00
-1.213716820567086740e+00
-1.213684876141730928e+00
-1.213652965586259569e+00
-1.213621088912397505e+00
-1.213589246131797417e+00
-1.213557437256045590e+00
-1.213525662296660812e+00
-1.213493921265095921e+00
-1.213462214172738252e+00
-1.213430541030912968e+00
-1.213398901850878620e+00
-1.213367296643835358e+00
-1.213335725420920275e+00
-1.213304188193210287e+00
-1.213272684971723026e+00
-1.213241215767420611e+00
-1.213209780591204101e+00
-1.213178379453921263e+00
-1.213147012366363242e+00
-1.213115679339267894e+00
-1.213084380383319782e+00
-1.213053115509151292e+00
-1.213021884727343069e+00
-1.212990688048427579e+00
-1.212959525482885770e+00
-1.212928397041151518e+00
-1.212897302733612070e+00
-1.212866242570608488e+00
-1.212835216562435425e+00
-1.212804224719346013e+00
-1.212773267051546311e+00
-1.212742343569205961e+00
-1.212711454282448198e+00
-1.212680599201358955e+00
-1.212649778335984641e+00
-1.212618991696334581e+00
-1.212588239292378800e+00
-1.212557521134053573e+00
-1.212526837231259202e+00
-1.212496187593862240e+00
-1.212465572231695488e+00
-1.212434991154561326e+00
-1.212404444372229939e+00
-1.212373931894442425e+00
-1.212343453730910570e+00
-1.212313009891317961e+00
-1.212282600385320874e+00
-1.212252225222551383e+00
-1.212221884412615580e+00
-1.212191577965095357e+00
-1.212161305889550844e+00
-1.212131068195518191e+00
-1.212100864892515784e+00
-1.212070695990039360e+00
-1.212040561497566449e+00
-1.212010461424558594e+00
-1.211980395780457131e+00
-1.211950364574690964e+00
-1.211920367816671673e+00
-1.211890405515798186e+00
-1.211860477681456105e+00
-1.211830584323018822e+00
-1.211800725449849514e+00
-1.211770901071301365e+00
-1.211741111196718013e+00
-1.211711355835435100e+00
-1.211681634996782941e+00
-1.211651948690083858e+00
-1.211622296924656395e+00
-1.211592679709813103e+00
-1.211563097054866756e+00
-1.211533548969125906e+00
-1.211504035461898221e+00
-1.211474556542491365e+00
-1.211445112220214559e+00
-1.211415702504376135e+00
-1.211386327404291752e+00
-1.211356986929276847e+00
-1.211327681088653518e+00
-1.211298409891748085e+00
-1.211269173347893746e+00
-1.211239971466433252e+00
-1.211210804256715123e+00
-1.211181671728098763e+00
-1.211152573889954231e+00
-1.211123510751659804e+00
-1.211094482322610411e+00
-1.211065488612210972e+00
-1.211036529629882175e+00
-1.211007605385058916e+00
-1.210978715887191193e+00
-1.210949861145747875e+00
-1.210921041170214263e+00
-1.210892255970092757e+00
-1.210863505554908404e+00
-1.210834789934204903e+00
-1.210806109117547491e+00
-1.210777463114523389e+00
-1.210748851934743575e+00
-1.210720275587841233e+00
-1.210691734083477744e+00
-1.210663227431336475e+00
-1.210634755641130766e+00
-1.210606318722597274e+00
-1.210577916685506628e+00
-1.210549549539653214e+00
-1.210521217294864504e+00
-1.210492919960996616e+00
-1.210464657547940970e+00
-1.210436430065618074e+00
-1.210408237523982633e+00
-1.210380079933024211e+00
-1.210351957302767012e+00
-1.210323869643271433e+00
-1.210295816964633842e+00
-1.210267799276988798e+00
-1.210239816590507278e+00
-1.210211868915402667e+00
-1.210183956261923877e+00
-1.210156078640364230e+00
-1.210128236061055684e+00
-1.210100428534373718e+00
-1.210072656070736885e+00
-1.210044918680605930e+00
-1.210017216374488003e+00
-1.209989549162932221e+00
-1.209961917056537661e+00
-1.209934320065946256e+00
-1.209906758201849897e+00
-1.209879231474985994e+00
-1.209851739896143696e+00
-1.209824283476158557e+00
-1.209796862225918757e+00
-1.209769476156361323e+00
-1.209742125278475688e+00
-1.209714809603302799e+00
-1.209687529141938223e+00
-1.209660283905528377e+00
-1.209633073905276079e+00
-1.209605899152436548e+00
-1.209578759658323177e+00
-1.209551655434302875e+00
-1.209524586491800502e+00
-1.209497552842297541e+00
-1.209470554497334760e+00
-1.209443591468509327e+00
-1.209416663767478362e+00
-1.209389771405959157e+00
-1.209362914395728072e+00
-1.209336092748622971e+00
-1.209309306476542556e+00
-1.209282555591447927e+00
-1.209255840105361246e+00
-1.209229160030369288e+00
-1.209202515378621223e+00
-1.209175906162330172e+00
-1.209149332393774534e+00
-1.209122794085294883e+00
-1.209096291249301069e+00
-1.209069823898266671e+00
-1.209043392044729881e+00
-1.209016995701300168e+00
-1.208990634880649839e+00
-1.208964309595521591e+00
-1.208938019858724289e+00
-1.208911765683135187e+00
-1.208885547081704370e+00
-1.208859364067445430e+00
-1.208833216653445231e+00
-1.208807104852860137e+00
-1.208781028678915570e+00
-1.208754988144910225e+00
-1.208728983264210965e+00
-1.208703014050257485e+00
-1.208677080516562086e+00
-1.208651182676707236e+00
-1.208625320544349124e+00
-1.208599494133216989e+00
-1.208573703457110460e+00
-1.208547948529905547e+00
-1.208522229365549316e+00
-1.208496545978064107e+00
-1.208470898381544645e+00
-1.208445286590162260e+00
-1.208419710618160003e+00
-1.208394170479857532e+00
-1.208368666189647112e+00
-1.208343197761997834e+00
-1.208317765211454287e+00
-1.208292368552633889e+00
-1.208267007800232218e+00
-1.208241682969018349e+00
-1.208216394073837741e+00
-1.208191141129613122e+00
-1.208165924151340942e+00
-1.208140743154094254e+00
-1.208115598153023162e+00
-1.208090489163353265e+00
-1.208065416200385433e+00
-1.208040379279498699e+00
-1.208015378416147145e+00
-1.207990413625861459e+00
-1.207965484924247601e+00
-1.207940592326990137e+00
-1.207915735849848016e+00
-1.207890915508656349e+00
-1.207866131319328185e+00
-1.207841383297850735e+00
-1.207816671460289148e+00
-1.207791995822783182e+00
-1.207767356401548753e+00
-1.207742753212878162e+00
-1.207718186273139205e+00
-1.207693655598775839e+00
-1.207669161206305963e+00
-1.207644703112323636e+00
-1.207620281333498857e+00
-1.207595895886575788e+00
-1.207571546788373862e+00
-1.207547234055785346e+00
-1.207522957705779110e+00
-1.207498717755397966e+00
-1.207474514221757333e+00
-1.207450347122046352e+00
-1.207426216473529657e+00
-1.207402122293542934e+00
-1.207378064599495371e+00
-1.207354043408868538e+00
-1.207330058739216838e+00
-1.207306110608166616e+00
-1.207282199033415271e+00
-1.207258324032730812e+00
-1.207234485623952969e+00
-1.207210683824993191e+00
-1.207186918653831986e+00
-1.207163190128518249e+00
-1.207139498267171263e+00
-1.207115843087980922e+00
-1.207092224609203956e+00
-1.207068642849164375e+00
-1.207045097826255020e+00
-1.207021589558935126e+00
-1.206998118065732761e+00
-1.206974683365239054e+00
-1.206951285476111746e+00
-1.206927924417074527e+00
-1.206904600206916145e+00
-1.206881312864487077e+00
-1.206858062408703081e+00
-1.206834848858543863e+00
-1.206811672233047972e+00
-1.206788532551320126e+00
-1.206765429832522774e+00
-1.206742364095879871e+00
-1.206719335360676659e+00
-1.206696343646256331e+00
-1.206673388972020700e+00
-1.206650471357431087e+00
-1.206627590822003215e+00
-1.206604747385312759e+00
-1.206581941066989572e+00
-1.206559171886719017e+00
-1.206536439864241306e+00
-1.206513745019350825e+00
-1.206491087371893256e+00
-1.206468466941768236e+00
-1.206445883748928027e+00
-1.206423337813373520e+00
-1.206400829155155563e+00
-1.206378357794376077e+00
-1.206355923751183834e+00
-1.206333527045777343e+00
-1.206311167698399522e+00
-1.206288845729340586e+00
-1.206266561158934270e+00
-1.206244314007560936e+00
-1.206222104295643360e+00
-1.206199932043646728e+00
-1.206177797272077301e+00
-1.206155700001483755e+00
-1.206133640252452510e+00
-1.206111618045610401e+00
-1.206089633401622674e+00
-1.206067686341188994e+00
-1.206045776885048770e+00
-1.206023905053974499e+00
-1.206002070868772202e+00
-1.205980274350283210e+00
-1.205958515519379937e+00
-1.205936794396965883e+00
-1.205915111003974305e+00
-1.205893465361370431e+00
-1.205871857490144583e+00
-1.205850287411316613e+00
-1.205828755145929687e+00
-1.205807260715055618e+00
-1.205785804139787087e+00
-1.205764385441243425e+00
-1.205743004640560834e+00
-1.205721661758902385e+00
-1.205700356817446695e+00
-1.205679089837391693e+00
-1.205657860839953299e+00
-1.205636669846365194e+00
-1.205615516877874382e+00
-1.205594401955744077e+00
-1.205573325101248594e+00
-1.205552286335675127e+00
-1.205531285680322195e+00
-1.205510323156497421e+00
-1.205489398785516197e+00
-1.205468512588703467e+00
-1.205447664587387724e+00
-1.205426854802903458e+00
-1.205406083256590044e+00
-1.205385349969787745e+00
-1.205364654963838600e+00
-1.205343998260086202e+00
-1.205323379879871259e+00
-1.205302799844533146e+00
-1.205282258175407462e+00
-1.205261754893824255e+00
-1.205241290021110467e+00
-1.205220863578582158e+00
-1.205200475587550057e+00
-1.205180126069312463e+00
-1.205159815045158789e+00
-1.205139542536365349e+00
-1.205119308564194025e+00
-1.205099113149893153e+00
-1.205078956314695970e+00
-1.205058838079815287e+00
-1.205038758466448812e+00
-1.205018717495770497e+00
-1.204998715188936531e+00
-1.204978751567078454e+00
-1.204958826651304493e+00
-1.204938940462698449e+00
-1.204919093022316146e+00
-1.204899284351186317e+00
-1.204879514470309276e+00
-1.204859783400653805e+00
-1.204840091163157156e+00
-1.204820437778723718e+00
-1.204800823268223242e+00
-1.204781247652489506e+00
-1.204761710952318987e+00
-1.204742213188470190e+00
-1.204722754381662320e+00
-1.204703334552571947e+00
-1.204683953721833234e+00
-1.204664611910037264e+00
-1.204645309137730047e+00
-1.204626045425408298e+00
-1.204606820793525213e+00
-1.204587635262481138e+00
-1.204568488852626240e+00
-1.204549381584260059e+00
-1.204530313477626402e+00
-1.204511284552916006e+00
-1.204492294830262766e+00
-1.204473344329742845e+00
-1.204454433071373565e+00
-1.204435561075110961e+00
-1.204416728360851563e+00
-1.204397934948426174e+00
-1.204379180857602760e+00
-1.204360466108083338e+00
-1.204341790719501537e+00
-1.204323154711422594e+00
-1.204304558103342915e+00
-1.204286000914686072e+00
-1.204267483164803032e+00
-1.204249004872971707e+00
-1.204230566058392737e+00
-1.204212166740191714e+00
-1.204193806937413402e+00
-1.204175486669024853e+00
-1.204157205953911181e+00
-1.204138964810875789e+00
-1.204120763258636151e+00
-1.204102601315826693e+00
-1.204084479000994579e+00
-1.204066396332598599e+00
-1.204048353329007837e+00
-1.204030350008501227e+00
-1.204012386389265332e+00
-1.203994462489393014e+00
-1.203976578326881652e+00
-1.203958733919635149e+00
-1.203940929285456152e+00
-1.203923164442049831e+00
-1.203905439407020994e+00
-1.203887754197873416e+00
-1.203870108832006292e+00
-1.203852503326715562e+00
-1.203834937699191254e+00
-1.203817411966514594e+00
-1.203799926145661336e+00
-1.203782480253494658e+00
-1.203765074306767824e+00
-1.203747708322121079e+00
-1.203730382316081426e+00
-1.203713096305059516e+00
-1.203695850305350756e+00
-1.203678644333131986e+00
-1.203661478404460583e+00
-1.203644352535272910e+00
-1.203627266741386981e+00
-1.203610221038492467e+00
-1.203593215442158471e+00
-1.203576249967825751e+00
-1.203559324630811167e+00
-1.203542439446298351e+00
-1.203525594429346590e+00
-1.203508789594881501e+00
-1.203492024957695250e+00
-1.203475300532449666e+00
-1.203458616333668685e+00
-1.203441972375742353e+00
-1.203425368672922380e+00
-1.203408805239323254e+00
-1.203392282088916909e+00
-1.203375799235535837e+00
-1.203359356692871307e+00
-1.203342954474469151e+00
-1.203326592593730204e+00
-1.203310271063912085e+00
-1.203293989898121641e+00
-1.203277749109318506e+00
-1.203261548710313544e+00
-1.203245388713766184e+00
-1.203229269132183310e+00
-1.203213189977918152e+00
-1.203197151263171394e+00
-1.203181152999986514e+00
-1.203165195200248450e+00
-1.203149277875688705e+00
-1.203133401037875139e+00
-1.203117564698218178e+00
-1.203101768867964383e+00
-1.203086013558200218e+00
-1.203070298779847169e+00
-1.203054624543661300e+00
-1.203038990860233692e+00
-1.203023397739987344e+00
-1.203007845193178271e+00
-1.202992333229892630e+00
-1.202976861860044933e+00
-1.202961431093380273e+00
-1.202946040939470107e+00
-1.202930691407711583e+00
-1.202915382507329545e+00
-1.202900114247369645e+00
-1.202884886636703898e+00
-1.202869699684025129e+00
-1.202854553397847415e+00
-1.202839447786504978e+00
-1.202824382858150187e+00
-1.202809358620756441e+00
-1.202794375082110845e+00
-1.202779432249819536e+00
-1.202764530131301024e+00
-1.202749668733791300e+00
-1.202734848064336282e+00
-1.202720068129797149e+00
-1.202705328936844120e+00
-1.202690630491959345e+00
-1.202675972801434234e+00
-1.202661355871367910e+00
-1.202646779707668534e+00
-1.202632244316049759e+00
-1.202617749702032945e+00
-1.202603295870943390e+00
-1.202588882827910322e+00
-1.202574510577866684e+00
-1.202560179125548467e+00
-1.202545888475492486e+00
-1.202531638632036604e+00
-1.202517429599319954e+00
-1.202503261381279387e+00
-1.202489133981651692e+00
-1.202475047403969821e+00
-1.202461001651563999e+00
-1.202446996727562611e+00
-1.202433032634885990e+00
-1.202419109376252404e+00
-1.202405226954172957e+00
-1.202391385370950472e+00
-1.202377584628683271e+00
-1.202363824729259623e+00
-1.202350105674360181e+00
-1.202336427465453328e+00
-1.202322790103800498e+00
-1.202309193590451963e+00
-1.202295637926245719e+00
-1.202282123111806600e+00
-1.202268649147549606e+00
-1.202255216033675023e+00
-1.202241823770168860e+00
-1.202228472356804190e+00
-1.202215161793137366e+00
-1.202201892078510692e+00
-1.202188663212050423e+00
-1.202175475192665433e+00
-1.202162328019047877e+00
-1.202149221689672753e+00
-1.202136156202797457e+00
-1.202123131556459779e+00
-1.202110147748478797e+00
-1.202097204776454875e+00
-1.202084302637768776e+00
-1.202071441329580104e+00
-1.202058620848828419e+00
-1.202045841192231235e+00
-1.202033102356286465e+00
-1.202020404337268866e+00
-1.202007747131231152e+00
-1.201995130734005102e+00
-1.201982555141198672e+00
-1.201970020348195112e+00
-1.201957526350156735e+00
-1.201945073142021814e+00
-1.201932660718503021e+00
-1.201920289074090986e+00
-1.201907958203050519e+00
-1.201895668099421721e+00
-1.201883418757021982e+00
-1.201871210169439319e+00
-1.201859042330041261e+00
-1.201846915231966628e+00
-1.201834828868130867e+00
-1.201822783231221603e+00
-1.201810778313701755e+00
-1.201798814107809310e+00
-1.201786890605553326e+00
-1.201775007798720596e+00
-1.201763165678868317e+00
-1.201751364237328534e+00
-1.201739603465207917e+00
-1.201727883353385318e+00
-1.201716203892514656e+00
-1.201704565073022701e+00
-1.201692966885110847e+00
-1.201681409318751781e+00
-1.201669892363695480e+00
-1.201658416009463437e+00
-1.201646980245351548e+00
-1.201635585060429445e+00
-1.201624230443542274e+00
-1.201612916383308027e+00
-1.201601642868119546e+00
-1.201590409886143851e+00
-1.201579217425323254e+00
-1.201568065473374469e+00
-1.201556954017791279e+00
-1.201545883045840091e+00
-1.201534852544564380e+00
-1.201523862500782469e+00
-1.201512912901090413e+00
-1.201502003731858670e+00
-1.201491134979236319e+00
-1.201480306629148176e+00
-1.201469518667296787e+00
-1.201458771079162435e+00
-1.201448063850003134e+00
-1.201437396964854409e+00
-1.201426770408531963e+00
-1.201416184165632117e+00
-1.201405638220526040e+00
-1.201395132557370182e+00
-1.201384667160097397e+00
-1.201374242012424265e+00
-1.201363857097847321e+00
-1.201353512399646384e+00
-1.201343207900881227e+00
-1.201332943584397128e+00
-1.201322719432821984e+00
-1.201312535428566974e+00
-1.201302391553829674e+00
-1.201292287790590718e+00
-1.201282224120618913e+00
-1.201272200525467682e+00
-1.201262216986477949e+00
-1.201252273484779698e+00
-1.201242370001289750e+00
-1.201232506516714427e+00
-1.201222683011550441e+00
-1.201212899466084449e+00
-1.201203155860394611e+00
-1.201193452174351473e+00
-1.201183788387617080e+00
-1.201174164479648754e+00
-1.201164580429695317e+00
-1.201155036216804861e+00
-1.201145531819817869e+00
-1.201136067217373204e+00
-1.201126642387906784e+00
-1.201117257309652908e+00
-1.201107911960645813e+00
-1.201098606318720119e+00
-1.201089340361511049e+00
-1.201080114066456206e+00
-1.201070927410794908e+00
-1.201061780371573517e+00
-1.201052672925640108e+00
-1.201043605049650242e+00
-1.201034576720066083e+00
-1.201025587913158388e+00
-1.201016638605004960e+00
-1.201007728771496197e+00
-1.200998858388331536e+00
-1.200990027431023455e+00
-1.200981235874896802e+00
-1.200972483695092574e+00
-1.200963770866563696e+00
-1.200955097364083235e+00
-1.200946463162239963e+00
-1.200937868235441019e+00
-1.200929312557915463e+00
-1.200920796103710497e+00
-1.200912318846698801e+00
-1.200903880760575193e+00
-1.200895481818857968e+00
-1.200887121994892226e+00
-1.200878801261852091e+00
-1.200870519592736496e+00
-1.200862276960376951e+00
-1.200854073337434214e+00
-1.200845908696403619e+00
-1.200837783009610416e+00
-1.200829696249218204e+00
-1.200821648387223606e+00
-1.200813639395463595e+00
-1.200805669245612162e+00
-1.200797737909184981e+00
-1.200789845357537189e+00
-1.200781991561868489e+00
-1.200774176493222489e+00
-1.200766400122488475e+00
-1.200758662420402967e+00
-1.200750963357551271e+00
-1.200743302904368814e+00
-1.200735681031141588e+00
-1.200728097708009257e+00
-1.200720552904966043e+00
-1.200713046591860733e+00
-1.200705578738401780e+00
-1.200698149314154639e+00
-1.200690758288545990e+00
-1.200683405630863287e+00
-1.200676091310259208e+00
-1.200668815295748759e+00
-1.200661577556216164e+00
-1.200654378060412197e+00
-1.200647216776958182e+00
-1.200640093674345099e+00
-1.200633008720938255e+00
-1.200625961884975279e+00
-1.200618953134572120e+00
-1.200611982437721048e+00
-1.200605049762293319e+00
-1.200598155076041618e+00
-1.200591298346600277e+00
-1.200584479541488170e+00
-1.200577698628110257e+00
-1.200570955573757370e+00
-1.200564250345610651e+00
-1.200557582910741994e+00
-1.200550953236114271e+00
-1.200544361288585105e+00
-1.200537807034908644e+00
-1.200531290441734455e+00
-1.200524811475614406e+00
-1.200518370102997112e+00
-1.200511966290236376e+00
-1.200505600003589191e+00
-1.200499271209218621e+00
-1.200492979873196253e+00
-1.200486725961500856e+00
-1.200480509440025267e+00
-1.200474330274571733e+00
-1.200468188430860561e+00
-1.200462083874526131e+00
-1.200456016571120665e+00
-1.200449986486117782e+00
-1.200443993584911384e+00
-1.200438037832820548e+00
-1.200432119195086411e+00
-1.200426237636879723e+00
-1.200420393123299068e+00
-1.200414585619373531e+00
-1.200408815090063808e+00
-1.200403081500264424e+00
-1.200397384814807067e+00
-1.200391724998460363e+00
-1.200386102015931877e+00
-1.200380515831869888e+00
-1.200374966410866939e+00
-1.200369453717460066e+00
-1.200363977716132347e+00
-1.200358538371314676e+00
-1.200353135647389102e+00
-1.200347769508689044e+00
-1.200342439919501292e+00
-1.200337146844070668e+00
-1.200331890246594702e+00
-1.200326670091233616e+00
-1.200321486342108557e+00
-1.200316338963302032e+00
-1.200311227918859469e+00
-1.200306153172797430e+00
-1.200301114689096726e+00
-1.200296112431709084e+00
-1.200291146364557804e+00
-1.200286216451540433e+00
-1.200281322656528538e+00
-1.200276464943373034e+00
-1.200271643275900635e+00
-1.200266857617921623e+00
-1.200262107933227407e+00
-1.200257394185593185e+00
-1.200252716338779724e+00
-1.200248074356538908e+00
-1.200243468202609520e+00
-1.200238897840720576e+00
-1.200234363234597534e+00
-1.200229864347957864e+00
-1.200225401144517701e+00
-1.200220973587990514e+00
-1.200216581642090663e+00
-1.200212225270533839e+00
-1.200207904437038842e+00
-1.200203619105331576e+00
-1.200199369239144387e+00
-1.200195154802218722e+00
-1.200190975758305134e+00
-1.200186832071169052e+00
-1.200182723704588339e+00
-1.200178650622357290e+00
-1.200174612788287520e+00
-1.200170610166208851e+00
-1.200166642719974863e+00
-1.200162710413459122e+00
-1.200158813210561171e+00
-1.200154951075204313e+00
-1.200151123971342715e+00
-1.200147331862956523e+00
-1.200143574714059858e+00
-1.200139852488697700e+00
-1.200136165150949674e+00
-1.200132512664931372e+00
-1.200128894994797246e+00
-1.200125312104738606e+00
-1.200121763958988952e+00
-1.200118250521824415e+00
-1.200114771757564425e+00
-1.200111327630575930e+00
-1.200107918105269622e+00
-1.200104543146108149e+00
-1.200101202717603677e+00
-1.200097896784319662e+00
-1.200094625310873298e+00
-1.200091388261937286e+00
-1.200088185602240509e+00
-1.200085017296570467e+00
-1.200081883309773501e+00
-1.200078783606758792e+00
-1.200075718152494142e+00
-1.200072686912016184e+00
-1.200069689850425059e+00
-1.200066726932887740e+00
-1.200063798124640480e+00
-1.200060903390988143e+00
-1.200058042697308425e+00
-1.200055216009051851e+00
-1.200052423291742665e+00
-1.200049664510980607e+00
-1.200046939632442466e+00
-1.200044248621884968e+00
-1.200041591445142775e+00
-1.200038968068131817e+00
-1.200036378456852626e+00
-1.200033822577387665e+00
-1.200031300395905776e+00
-1.200028811878659729e+00
-1.200026356991994669e+00
-1.200023935702340339e+00
-1.200021547976219960e+00
-1.200019193780247795e+00
-1.200016873081129365e+00
-1.200014585845666781e+00
-1.200012332040756302e+00
-1.200010111633390997e+00
-1.200007924590660968e+00
-1.200005770879757128e+00
-1.200003650467969640e+00
-1.200001563322690368e+00
-1.199999509411412646e+00
-1.199997488701735060e+00
-1.199995501161359446e+00
-1.199993546758095331e+00
-1.199991625459857936e+00
-1.199989737234672393e+00
-1.199987882050669530e+00
-1.199986059876094080e+00
-1.199984270679300691e+00
-1.199982514428757030e+00
-1.199980791093041343e+00
-1.199979100640851781e+00
-1.199977443040995739e+00
-1.199975818262401850e+00
-1.199974226274111766e+00
-1.199972667045289709e+00
-1.199971140545216253e+00
-1.199969646743292762e+00
-1.199968185609043170e+00
-1.199966757112110649e+00
-1.199965361222263383e+00
-1.199963997909392566e+00
-1.199962667143512851e+00
-1.199961368894765679e+00
-1.199960103133419276e+00
-1.199958869829866215e+00
-1.199957668954629852e+00
-1.199956500478359445e+00
-1.199955364371835254e+00
-1.199954260605967660e+00
-1.199953189151796273e+00
-1.199952149980493932e+00
-1.199951143063364700e+00
-1.199950168371845205e+00
-1.199949225877507519e+00
-1.199948315552055389e+00
-1.199947437367328673e+00
-1.199946591295302900e+00
-1.199945777308088157e+00
-1.199944995377933088e+00
-1.199944245477222671e+00
-1.199943527578479774e+00
-1.199942841654364933e+00
-1.199942187677677685e+00
-1.199941565621357897e+00
-1.199940975458483994e+00
-1.199940417162275397e+00
-1.199939890706091639e+00
-1.199939396063434360e+00
-1.199938933207946423e+00
-1.199938502113412131e+00
-1.199938102753759228e+00
-1.199937735103057346e+00
-1.199937399135520000e+00
-1.199937094825502815e+00
-1.199936822147507964e+00
-1.199936581076178177e+00
-1.199936371586303618e+00
-1.199936193652817895e+00
-1.199936047250799831e+00
-1.199935932355473245e+00
-1.199935848942208061e+00
-1.199935796986518977e+00
