6.536445462544092540e-03
5.789143463170114308e-03
6.163111343196578558e-03
7.455562818137902691e-03
8.961683208010030877e-03
7.474797816809744012e-03
5.059100503403736633e-03
2.333933649045162942e-03
1.072854074331614036e-03
1.773934908786555138e-03
1.082052331304313424e-03
-2.545960847173100224e-03
-5.310748730229922221e-03
-5.374611580009672727e-03
-7.727304472675306825e-03
-9.066861006706788614e-03
-8.473835074224972397e-03
-6.037661665616732461e-03
-2.710062485048292391e-03
2.581900447563857757e-03
6.358524103471614036e-03
6.824418655854868308e-03
5.222781948285973308e-03
3.071711092889179394e-03
1.233717663527711568e-03
2.652810322458372741e-03
4.261943149158602812e-03
3.697058441570339350e-03
3.116349408723474365e-03
3.564567226609345260e-03
2.087015866232921988e-03
-1.387318081494922153e-03
-4.027894033340118606e-03
-5.272827411286864704e-03
-6.049854207524981917e-03
-5.406592855715119418e-03
-7.522235226484528560e-03
-7.666014690566208892e-03
-3.798147182912135940e-03
6.508848223518450785e-05
1.925449790773254904e-03
4.533024131142896103e-03
8.503119496439290673e-03
7.264635632347783700e-03
3.831434246400074704e-03
2.858230544683842099e-03
2.548708474191659253e-03
1.979700246163507149e-03
9.531557519649542978e-04
1.570224954066371155e-04
-6.546108964979951116e-04
-1.275262879566982279e-03
-1.795524791382054237e-03
-2.132471528427445397e-03
-3.086861356431135680e-03
-5.114479469797419617e-03
-6.948664958643240540e-03
-7.279095649530946573e-03
-3.688573181378159566e-03
1.386515382238397674e-03
2.016638016435334281e-03
2.648961129604261808e-03
4.205851771731250119e-03
3.153654035438646468e-03
4.154768123966902371e-03
4.493558471494874321e-03
5.210484421634747551e-03
3.930169992596957602e-03
2.495617508737141277e-03
2.857735720163873984e-03
-8.267257978950203693e-05
-2.894731734061511876e-03
-3.517841329434311277e-03
-1.701911991099709642e-03
-2.195879380925114775e-03
-5.274310012039922814e-03
-8.865253548773996753e-03
-1.007271254213511907e-02
-5.789492213520010082e-03
8.867304888329529192e-04
2.471317011473110441e-03
3.556276243986970960e-03
5.838907385033952589e-03
5.815694198346236729e-03
4.227674019441075327e-03
3.760219181936744724e-03
5.831889871613016828e-03
5.710146969491875814e-03
2.585811177142648565e-03
-5.710962238734710802e-04
-1.881904987873221375e-03
-1.459953335063450021e-03
-2.462992014458936871e-03
-3.296043532266984197e-03
-4.770027252015657075e-03
-5.972424297414387004e-03
-8.382185612355480889e-03
-7.325086660252851274e-03
-3.881484063515613057e-03
1.664335575851438008e-03
4.163632152717076408e-03
4.724185499174343023e-03
3.826551738244799578e-03
2.527360791830394852e-03
3.665933917807447789e-03
4.987847181814368362e-03
5.853091262141263060e-03
2.505500747314586864e-03
2.726924892811300079e-03
3.874282519185516353e-03
6.558265175145377393e-05
-2.848796134074995257e-03
-2.831262454171139253e-03
-1.332698225606459078e-03
-4.038011215058675066e-03
-7.119042946155010147e-03
-8.210889126286837619e-03
-8.391394309292960971e-03
-4.858531154880980571e-03
5.968866767665395687e-05
3.470338930191572101e-03
3.730257264509741211e-03
3.174689299746738351e-03
3.521268509497044522e-03
6.006036536063372698e-03
5.266235937686531039e-03
2.758477421899367503e-03
1.260702461650335844e-03
5.996076652769436084e-04
5.544202971924313845e-04
2.086254946281297738e-03
2.619829361972056229e-03
2.924418413705564407e-03
2.632270258343944575e-04
-2.587739206412071388e-03
-4.038582373837896165e-03
-8.250741561311945513e-03
-1.109069036662453482e-02
-9.282245640597312775e-03
-4.377037208737155453e-03
-6.275203234885305681e-04
1.254406604263356810e-03
3.163653852886641298e-03
5.003452618113078329e-03
5.886213179276965184e-03
5.031009808077709262e-03
4.648328253638519224e-03
4.896299659564846973e-03
5.861550944185554488e-03
5.884587456920311634e-03
5.536806568794815954e-03
3.058811692209260219e-03
-8.898958315791240595e-04
-4.734615617233948158e-03
-7.641392750210861638e-03
-1.010713563223140064e-02
-1.379111312486079426e-02
-1.250288954961135263e-02
-7.153541753961213147e-03
2.478527482182114015e-03
5.833758410841487219e-03
3.984716079494055561e-03
5.344343509664377205e-03
6.877926006331366339e-03
5.987414289286916401e-03
4.769974851191711475e-03
3.447754385371034486e-03
2.958280590449918757e-03
3.888306094129582828e-03
2.360907997693903818e-03
-3.517323985989489587e-05
-1.571956527668811211e-03
-2.655430414688941029e-03
-4.284165761939007916e-03
-6.052030580997729003e-03
-8.579223107294475792e-03
-8.166006762485295348e-03
-6.710558492743122494e-03
-1.948421881052806760e-03
4.144402215814302348e-03
4.422338690911204601e-03
3.337971135478607840e-03
2.886781311536026733e-03
4.555393878281111821e-04
3.456741983530622550e-03
7.346784459057019261e-03
5.385664663605330485e-03
2.370309968467041069e-03
1.363438514214831325e-03
1.719519100786329018e-03
6.240276892265259837e-04
-1.397433926519360374e-03
-1.071644591361529258e-03
-5.997935357883159985e-04
-2.300481987590892799e-03
-6.306904414490278367e-03
-1.055794235489737436e-02
-1.094528378680462329e-02
-6.961381439411326762e-03
-9.436130332828402897e-04
3.439255520719735996e-03
6.052879529196129350e-03
7.227768553908523082e-03
6.367799189600491065e-03
4.528657034529932034e-03
3.337843587981032846e-03
3.003965690357194088e-03
2.009534979144925182e-03
2.149506906036554189e-03
3.350785017236475490e-03
1.699971019240842634e-03
-9.296468391494483972e-04
-2.661061472784713878e-03
-4.497525962605600745e-03
-6.494294893645265708e-03
-6.527703666797402167e-03
-8.071251684522629324e-03
-6.767363332354112311e-03
-2.944552228872824792e-03
2.187161958239721045e-03
3.622905050920006108e-03
3.685088653131938716e-03
4.224042068386058869e-03
2.023371238653956343e-03
1.908452779400313104e-03
3.461052971079338521e-03
4.827437960176814320e-03
6.379639986365262354e-03
6.294833797139268335e-03
4.226702510608066829e-03
-5.371222313837069925e-05
-2.978274099614299820e-03
-3.876179751072937347e-03
-3.733607867932819263e-03
-5.023364938734778060e-03
-7.723491902760427040e-03
-1.052878661772514886e-02
-9.626833814367316208e-03
-3.889607617361421320e-03
3.439130884642818513e-03
4.576844695651126164e-03
4.274629630623755748e-03
5.302991631435748261e-03
5.382509919341052669e-03
5.103655260204325445e-03
3.338395904112182767e-03
3.032584179080668324e-03
4.643985059730505911e-03
2.331869792105796622e-03
4.453974999515136648e-04
4.134334900239003603e-04
3.017536418161102774e-04
-2.119464111743445817e-03
-4.935280484031686482e-03
-5.582555389863656445e-03
-6.791495580689206613e-03
-9.867484624854780048e-03
-1.011487710095187488e-02
-3.558488771042337025e-03
2.209510305869837737e-03
3.880920552867484809e-03
4.547760903189419605e-03
4.525843342704049047e-03
4.082708606114147584e-03
5.405970434214037515e-03
6.336929226449890783e-03
7.081467677532807779e-03
8.076348117708938637e-03
8.322176871664125133e-03
4.789159191718866775e-03
-2.067008863015269877e-03
-7.669463180379824420e-03
-9.702846192094606928e-03
-9.156677039137552793e-03
-9.238360224153094671e-03
-1.063016966832597797e-02
-9.958358427144731531e-03
-5.901758954005788434e-03
4.919577600150416841e-04
4.871263531689256666e-03
7.644918263990563463e-03
7.548485721637505572e-03
6.960811948528675651e-03
6.542775897778290752e-03
5.526791637465998906e-03
4.301463402794664971e-03
3.035772860509339949e-03
1.682461878062885535e-03
1.405472791105849399e-04
-9.679613138146119216e-04
-1.043589098310131018e-03
-1.779367801951757186e-03
-3.480030694774643475e-03
-4.892650493340144902e-03
-5.481641675558001671e-03
-6.640325168028051415e-03
-6.804229796487021482e-03
-6.641189245265288581e-03
-1.582183762513551459e-03
2.907064206414510920e-03
3.363809134175182840e-03
4.260853430021717229e-03
4.254600404578147768e-03
3.797364774234443172e-03
2.986445032833759915e-03
3.690997386867981775e-03
4.205762004721896527e-03
3.676911776557318171e-03
3.938223132625939121e-03
3.265694893095288671e-03
1.122509906362868706e-03
-1.212949424294833701e-03
-3.221580545125269073e-03
-3.751087027248844845e-03
-5.881347290547000832e-03
-8.212827798081679537e-03
-8.062393235095359142e-03
-8.936751542219250125e-03
-4.514214660542408865e-03
4.415565815003157936e-04
2.884174749075204842e-03
5.740068115831671591e-03
6.750061360889399002e-03
5.318061701794514658e-03
5.242214319928950768e-03
5.548481387710569451e-03
3.383608078395847728e-03
2.864537291106387593e-03
1.655093156527740264e-03
-2.230727858362924361e-05
-1.052653616878834004e-03
-6.342298539437876866e-04
-1.467488998376577890e-03
-2.873807819325874431e-03
-6.428582029441975293e-03
-9.238268935201916776e-03
-8.055681238281936149e-03
-5.231690451364874941e-03
-2.007656151016119772e-03
1.931670423026729012e-03
4.933499311046964271e-03
5.496785161900383417e-03
3.933381133670526587e-03
1.895398198951019249e-03
3.583074230333474844e-03
4.139061290102914216e-03
3.530852362856785106e-03
2.583114143723427760e-03
2.068448263167210754e-03
2.411659077484122008e-03
6.512511283822872664e-04
-2.525514152849227603e-03
-1.715478103865922797e-04
-1.200301007268532509e-04
-3.454048250056435988e-03
-9.681867671389282962e-03
-1.230387544526945383e-02
-8.574712376392084126e-03
-1.947316765090443408e-03
2.801315863804031310e-03
5.356448153917529528e-03
5.271724517025364563e-03
4.546780658162406785e-03
2.575771550992153949e-03
1.009299386929900867e-04
1.490870766617884667e-03
4.052869991563927930e-03
5.659945646750410599e-03
6.584247394932304411e-03
3.857615210054620401e-03
-6.303591069678413095e-04
-2.713212184111585788e-03
-1.883246615227585335e-03
-2.649719296624015313e-03
-5.827832896920048453e-03
-9.596656022566091640e-03
-1.086676497236684948e-02
-7.416251146022451515e-03
-1.558330664150134326e-03
2.899345979279074718e-03
6.591384215772377875e-03
6.794787007677816765e-03
3.820769606492174959e-03
-6.937958536053140987e-05
2.069535367274074819e-03
4.615102153737620123e-03
2.953535197644048017e-03
2.940074596056912147e-03
6.256793048815672935e-03
