-1.079567881539094998e+00
-1.079567881502597748e+00
-1.079567881209881230e+00
-1.079567880661051138e+00
-1.079567879856218271e+00
-1.079567878795498759e+00
-1.079567877479012949e+00
-1.079567875906888741e+00
-1.079567874079257139e+00
-1.079567871996255812e+00
-1.079567869658027313e+00
-1.079567867064719744e+00
-1.079567864216484985e+00
-1.079567861113481353e+00
-1.079567857755872273e+00
-1.079567854143826500e+00
-1.079567850277518337e+00
-1.079567846157123201e+00
-1.079567841782827387e+00
-1.079567837154818966e+00
-1.079567832273291561e+00
-1.079567827138444125e+00
-1.079567821750478940e+00
-1.079567816109605616e+00
-1.079567810216037094e+00
-1.079567804069991865e+00
-1.079567797671693086e+00
-1.079567791021369016e+00
-1.079567784119251694e+00
-1.079567776965578707e+00
-1.079567769560593193e+00
-1.079567761904541623e+00
-1.079567753997674462e+00
-1.079567745840250170e+00
-1.079567737432528540e+00
-1.079567728774774693e+00
-1.079567719867259523e+00
-1.079567710710257034e+00
-1.079567701304047000e+00
-1.079567691648912531e+00
-1.079567681745141616e+00
-1.079567671593027578e+00
-1.079567661192867067e+00
-1.079567650544960511e+00
-1.079567639649614552e+00
-1.079567628507138277e+00
-1.079567617117845879e+00
-1.079567605482056880e+00
-1.079567593600092135e+00
-1.079567581472280269e+00
-1.079567569098951019e+00
-1.079567556480439672e+00
-1.079567543617085734e+00
-1.079567530509231821e+00
-1.079567517157226764e+00
-1.079567503561419395e+00
-1.079567489722166096e+00
-1.079567475639826579e+00
-1.079567461314763221e+00
-1.079567446747342174e+00
-1.079567431937935362e+00
-1.079567416886916931e+00
-1.079567401594664799e+00
-1.079567386061560663e+00
-1.079567370287991546e+00
-1.079567354274345581e+00
-1.079567338021016232e+00
-1.079567321528400292e+00
-1.079567304796897664e+00
-1.079567287826911581e+00
-1.079567270618851049e+00
-1.079567253173124852e+00
-1.079567235490147992e+00
-1.079567217570337689e+00
-1.079567199414115164e+00
-1.079567181021904521e+00
-1.079567162394134083e+00
-1.079567143531233731e+00
-1.079567124433637781e+00
-1.079567105101783664e+00
-1.079567085536111692e+00
-1.079567065737065734e+00
-1.079567045705092543e+00
-1.079567025440641759e+00
-1.079567004944166797e+00
-1.079566984216121961e+00
-1.079566963256968215e+00
-1.079566942067165192e+00
-1.079566920647179629e+00
-1.079566898997478264e+00
-1.079566877118530499e+00
-1.079566855010811288e+00
-1.079566832674795362e+00
-1.079566810110962338e+00
-1.079566787319793164e+00
-1.079566764301772785e+00
-1.079566741057386370e+00
-1.079566717587125302e+00
-1.079566693891480522e+00
-1.079566669970945414e+00
-1.079566645826019577e+00
-1.079566621457201059e+00
-1.079566596864991901e+00
-1.079566572049897033e+00
-1.079566547012422495e+00
-1.079566521753077879e+00
-1.079566496272374998e+00
-1.079566470570827441e+00
-1.079566444648950574e+00
-1.079566418507263537e+00
-1.079566392146286358e+00
-1.079566365566542174e+00
-1.079566338768555012e+00
-1.079566311752852226e+00
-1.079566284519962283e+00
-1.079566257070416091e+00
-1.079566229404747224e+00
-1.079566201523489921e+00
-1.079566173427181974e+00
-1.079566145116360953e+00
-1.079566116591568647e+00
-1.079566087853346845e+00
-1.079566058902239556e+00
-1.079566029738794120e+00
-1.079566000363557432e+00
-1.079565970777079276e+00
-1.079565940979910765e+00
-1.079565910972605680e+00
-1.079565880755717577e+00
-1.079565850329804011e+00
-1.079565819695420981e+00
-1.079565788853128039e+00
-1.079565757803487402e+00
-1.079565726547060622e+00
-1.079565695084411692e+00
-1.079565663416104604e+00
-1.079565631542707793e+00
-1.079565599464788583e+00
-1.079565567182915631e+00
-1.079565534697660256e+00
-1.079565502009594447e+00
-1.079565469119290855e+00
-1.079565436027324132e+00
-1.079565402734268931e+00
-1.079565369240704120e+00
-1.079565335547206795e+00
-1.079565301654354048e+00
-1.079565267562728526e+00
-1.079565233272909763e+00
-1.079565198785481295e+00
-1.079565164101025543e+00
-1.079565129220125819e+00
-1.079565094143369208e+00
-1.079565058871340355e+00
-1.079565023404626567e+00
-1.079564987743815596e+00
-1.079564951889496971e+00
-1.079564915842258443e+00
-1.079564879602691763e+00
-1.079564843171386679e+00
-1.079564806548936939e+00
-1.079564769735932961e+00
-1.079564732732969157e+00
-1.079564695540638830e+00
-1.079564658159536839e+00
-1.079564620590258039e+00
-1.079564582833398401e+00
-1.079564544889553890e+00
-1.079564506759321363e+00
-1.079564468443297010e+00
-1.079564429942080350e+00
-1.079564391256269129e+00
-1.079564352386461978e+00
-1.079564313333257974e+00
-1.079564274097255749e+00
-1.079564234679057044e+00
-1.079564195079259825e+00
-1.079564155298466055e+00
-1.079564115337276586e+00
-1.079564075196292494e+00
-1.079564034876113965e+00
-1.079563994377344294e+00
-1.079563953700584555e+00
-1.079563912846435825e+00
-1.079563871815501841e+00
-1.079563830608383901e+00
-1.079563789225684411e+00
-1.079563747668006002e+00
-1.079563705935951079e+00
-1.079563664030122938e+00
-1.079563621951123098e+00
-1.079563579699555520e+00
-1.079563537276021723e+00
-1.079563494681125668e+00
-1.079563451915468208e+00
-1.079563408979652861e+00
-1.079563365874282255e+00
-1.079563322599957242e+00
-1.079563279157281341e+00
-1.079563235546856959e+00
-1.079563191769284947e+00
-1.079563147825165714e+00
-1.079563103715102779e+00
-1.079563059439696993e+00
-1.079563014999547876e+00
-1.079562970395257171e+00
-1.079562925627425285e+00
-1.079562880696651739e+00
-1.079562835603536275e+00
-1.079562790348677970e+00
-1.079562744932677010e+00
-1.079562699356130029e+00
-1.079562653619636770e+00
-1.079562607723794754e+00
-1.079562561669200615e+00
-1.079562515456451433e+00
-1.079562469086144061e+00
-1.079562422558873802e+00
-1.079562375875235514e+00
-1.079562329035826052e+00
-1.079562282041237387e+00
-1.079562234892063932e+00
-1.079562187588899658e+00
-1.079562140132335868e+00
-1.079562092522965866e+00
-1.079562044761380513e+00
-1.079561996848168448e+00
-1.079561948783922087e+00
-1.079561900569230293e+00
-1.079561852204681260e+00
-1.079561803690862298e+00
-1.079561755028361825e+00
-1.079561706217764705e+00
-1.079561657259657803e+00
-1.079561608154626651e+00
-1.079561558903253893e+00
-1.079561509506122841e+00
-1.079561459963817249e+00
-1.079561410276918210e+00
-1.079561360446006368e+00
-1.079561310471660818e+00
-1.079561260354462648e+00
-1.079561210094988288e+00
-1.079561159693816830e+00
-1.079561109151522480e+00
-1.079561058468682333e+00
-1.079561007645870596e+00
-1.079560956683660367e+00
-1.079560905582625407e+00
-1.079560854343335929e+00
-1.079560802966364363e+00
-1.079560751452278478e+00
-1.079560699801648260e+00
-1.079560648015041480e+00
-1.079560596093023905e+00
-1.079560544036161751e+00
-1.079560491845019010e+00
-1.079560439520159454e+00
-1.079560387062146187e+00
-1.079560334471539429e+00
-1.079560281748899397e+00
-1.079560228894785867e+00
-1.079560175909757058e+00
-1.079560122794369192e+00
-1.079560069549177825e+00
-1.079560016174738957e+00
-1.079559962671604367e+00
-1.079559909040327614e+00
-1.079559855281458258e+00
-1.079559801395548302e+00
-1.079559747383144863e+00
-1.079559693244796836e+00
-1.079559638981048453e+00
-1.079559584592447941e+00
-1.079559530079536422e+00
-1.079559475442858574e+00
-1.079559420682955517e+00
-1.079559365800367043e+00
-1.079559310795632721e+00
-1.079559255669289231e+00
-1.079559200421874143e+00
-1.079559145053923030e+00
-1.079559089565969687e+00
-1.079559033958545911e+00
-1.079558978232184385e+00
-1.079558922387414910e+00
-1.079558866424766173e+00
-1.079558810344765529e+00
-1.079558754147941224e+00
-1.079558697834816394e+00
-1.079558641405915731e+00
-1.079558584861761483e+00
-1.079558528202875012e+00
-1.079558471429776123e+00
-1.079558414542983069e+00
-1.079558357543013880e+00
-1.079558300430384810e+00
-1.079558243205608781e+00
-1.079558185869200937e+00
-1.079558128421672869e+00
-1.079558070863535058e+00
-1.079558013195297095e+00
-1.079557955417467685e+00
-1.079557897530553312e+00
-1.079557839535058239e+00
-1.079557781431489838e+00
-1.079557723220348153e+00
-1.079557664902135672e+00
-1.079557606477353326e+00
-1.079557547946498941e+00
-1.079557489310071672e+00
-1.079557430568567122e+00
-1.079557371722480674e+00
-1.079557312772305933e+00
-1.079557253718535836e+00
-1.079557194561662214e+00
-1.079557135302174009e+00
-1.079557075940560384e+00
-1.079557016477308951e+00
-1.079556956912906207e+00
-1.079556897247836877e+00
-1.079556837482585019e+00
-1.079556777617632468e+00
-1.079556717653460618e+00
-1.079556657590549751e+00
-1.079556597429378817e+00
-1.079556537170425878e+00
-1.079556476814166111e+00
-1.079556416361075355e+00
-1.079556355811628565e+00
-1.079556295166296032e+00
-1.079556234425552042e+00
-1.079556173589865553e+00
-1.079556112659706413e+00
-1.079556051635543135e+00
-1.079555990517842456e+00
-1.079555929307069784e+00
-1.079555868003690300e+00
-1.079555806608167634e+00
-1.079555745120964971e+00
-1.079555683542543054e+00
-1.079555621873362625e+00
-1.079555560113883095e+00
-1.079555498264562541e+00
-1.079555436325859263e+00
-1.079555374298228676e+00
-1.079555312182126192e+00
-1.079555249978005449e+00
-1.079555187686321416e+00
-1.079555125307525509e+00
-1.079555062842068702e+00
-1.079555000290401967e+00
-1.079554937652975166e+00
-1.079554874930236164e+00
-1.079554812122632601e+00
-1.079554749230612787e+00
-1.079554686254621476e+00
-1.079554623195103868e+00
-1.079554560052504941e+00
-1.079554496827267451e+00
-1.079554433519834600e+00
-1.079554370130648477e+00
-1.079554306660150287e+00
-1.079554243108780121e+00
-1.079554179476977849e+00
-1.079554115765182454e+00
-1.079554051973832918e+00
-1.079553988103366002e+00
-1.079553924154219580e+00
-1.079553860126828857e+00
-1.079553796021630818e+00
-1.079553731839059783e+00
-1.079553667579551623e+00
-1.079553603243539328e+00
-1.079553538831456994e+00
-1.079553474343737607e+00
-1.079553409780813489e+00
-1.079553345143116738e+00
-1.079553280431079010e+00
-1.079553215645132402e+00
-1.079553150785706128e+00
-1.079553085853232064e+00
-1.079553020848140088e+00
-1.079552955770858969e+00
-1.079552890621819250e+00
-1.079552825401449034e+00
-1.079552760110178200e+00
-1.079552694748434627e+00
-1.079552629316646861e+00
-1.079552563815244115e+00
-1.079552498244652714e+00
-1.079552432605302092e+00
-1.079552366897617910e+00
-1.079552301122030267e+00
-1.079552235278964822e+00
-1.079552169368850567e+00
-1.079552103392113604e+00
-1.079552037349182259e+00
-1.079551971240482855e+00
-1.079551905066444384e+00
-1.079551838827494281e+00
-1.079551772524058650e+00
-1.079551706156566038e+00
-1.079551639725444545e+00
-1.079551573231121830e+00
-1.079551506674026440e+00
-1.079551440054586031e+00
-1.079551373373230927e+00
-1.079551306630387675e+00
-1.079551239826486819e+00
-1.079551172961957795e+00
-1.079551106037230701e+00
-1.079551039052735195e+00
-1.079550972008901599e+00
-1.079550904906161568e+00
-1.079550837744945646e+00
-1.079550770525686598e+00
-1.079550703248816523e+00
-1.079550635914767520e+00
-1.079550568523973242e+00
-1.079550501076868452e+00
-1.079550433573886137e+00
-1.079550366015462615e+00
-1.079550298402033537e+00
-1.079550230734034111e+00
-1.079550163011903763e+00
-1.079550095236077034e+00
-1.079550027406994905e+00
-1.079549959525096137e+00
-1.079549891590819932e+00
-1.079549823604608383e+00
-1.079549755566901581e+00
-1.079549687478142950e+00
-1.079549619338776356e+00
-1.079549551149244779e+00
-1.079549482909994751e+00
-1.079549414621471914e+00
-1.079549346284122802e+00
-1.079549277898395720e+00
-1.079549209464740311e+00
-1.079549140983605993e+00
-1.079549072455444625e+00
-1.079549003880708291e+00
-1.079548935259850628e+00
-1.079548866593325496e+00
-1.079548797881589195e+00
-1.079548729125098916e+00
-1.079548660324311404e+00
-1.079548591479686959e+00
-1.079548522591686543e+00
-1.079548453660770901e+00
-1.079548384687402995e+00
-1.079548315672048231e+00
-1.079548246615171792e+00
-1.079548177517240193e+00
-1.079548108378722837e+00
-1.079548039200088017e+00
-1.079547969981808686e+00
-1.079547900724356468e+00
-1.079547831428204985e+00
-1.079547762093831409e+00
-1.079547692721711361e+00
-1.079547623312323568e+00
-1.079547553866148313e+00
-1.079547484383667433e+00
-1.079547414865362320e+00
-1.079547345311720585e+00
-1.079547275723226285e+00
-1.079547206100367696e+00
-1.079547136443635313e+00
-1.079547066753518969e+00
-1.079546997030512268e+00
-1.079546927275109480e+00
-1.079546857487806877e+00
-1.079546787669102281e+00
-1.079546717819495738e+00
-1.079546647939488402e+00
-1.079546578029581649e+00
-1.079546508090283963e+00
-1.079546438122098495e+00
-1.079546368125535505e+00
-1.079546298101104362e+00
-1.079546228049317547e+00
-1.079546157970689313e+00
-1.079546087865734139e+00
-1.079546017734971386e+00
-1.079545947578918641e+00
-1.079545877398098375e+00
-1.079545807193033280e+00
-1.079545736964248492e+00
-1.079545666712270702e+00
-1.079545596437630151e+00
-1.079545526140855971e+00
-1.079545455822481514e+00
-1.079545385483041686e+00
-1.079545315123073834e+00
-1.079545244743115751e+00
-1.079545174343707448e+00
-1.079545103925392491e+00
-1.079545033488714445e+00
-1.079544963034221761e+00
-1.079544892562460667e+00
-1.079544822073983390e+00
-1.079544751569341710e+00
-1.079544681049089405e+00
-1.079544610513784031e+00
-1.079544539963984473e+00
-1.079544469400250284e+00
-1.079544398823145457e+00
-1.079544328233232875e+00
-1.079544257631080528e+00
-1.079544187017257295e+00
-1.079544116392332720e+00
-1.079544045756880344e+00
-1.079543975111475707e+00
-1.079543904456693237e+00
-1.079543833793114915e+00
-1.079543763121319611e+00
-1.079543692441891078e+00
-1.079543621755414629e+00
-1.079543551062477125e+00
-1.079543480363667207e+00
-1.079543409659575737e+00
-1.079543338950797349e+00
-1.079543268237926013e+00
-1.079543197521559694e+00
-1.079543126802297248e+00
-1.079543056080740193e+00
-1.079542985357491824e+00
-1.079542914633157213e+00
-1.079542843908343874e+00
-1.079542773183660653e+00
-1.079542702459719949e+00
-1.079542631737134384e+00
-1.079542561016519464e+00
-1.079542490298492696e+00
-1.079542419583672253e+00
-1.079542348872680968e+00
-1.079542278166140790e+00
-1.079542207464677439e+00
-1.079542136768917970e+00
-1.079542066079490770e+00
-1.079541995397028220e+00
-1.079541924722161594e+00
-1.079541854055526384e+00
-1.079541783397759414e+00
-1.079541712749499061e+00
-1.079541642111385702e+00
-1.079541571484061269e+00
-1.079541500868170578e+00
-1.079541430264358892e+00
-1.079541359673274581e+00
-1.079541289095566681e+00
-1.079541218531887115e+00
-1.079541147982889138e+00
-1.079541077449227116e+00
-1.079541006931558300e+00
-1.079540936430541276e+00
-1.079540865946835071e+00
-1.079540795481102933e+00
-1.079540725034007886e+00
-1.079540654606215178e+00
-1.079540584198392716e+00
-1.079540513811208191e+00
-1.079540443445332398e+00
-1.079540373101436357e+00
-1.079540302780194194e+00
-1.079540232482281370e+00
-1.079540162208373566e+00
-1.079540091959149573e+00
-1.079540021735289956e+00
-1.079539951537473952e+00
-1.079539881366385901e+00
-1.079539811222709700e+00
-1.079539741107131912e+00
-1.079539671020337099e+00
-1.079539600963015822e+00
-1.079539530935858194e+00
-1.079539460939553663e+00
-1.079539390974797231e+00
-1.079539321042281896e+00
-1.079539251142702216e+00
-1.079539181276755633e+00
-1.079539111445140254e+00
-1.079539041648553965e+00
-1.079538971887699317e+00
-1.079538902163275749e+00
-1.079538832475986476e+00
-1.079538762826536047e+00
-1.079538693215629230e+00
-1.079538623643971906e+00
-1.079538554112271509e+00
-1.079538484621236361e+00
-1.079538415171575449e+00
-1.079538345763999319e+00
-1.079538276399220065e+00
-1.079538207077948231e+00
-1.079538137800898800e+00
-1.079538068568785203e+00
-1.079537999382322200e+00
-1.079537930242225441e+00
-1.079537861149212574e+00
-1.079537792104000804e+00
-1.079537723107308222e+00
-1.079537654159854254e+00
-1.079537585262358323e+00
-1.079537516415540299e+00
-1.079537447620122936e+00
-1.079537378876827214e+00
-1.079537310186374777e+00
-1.079537241549489712e+00
-1.079537172966895442e+00
-1.079537104439315831e+00
-1.079537035967475855e+00
-1.079536967552099158e+00
-1.079536899193913602e+00
-1.079536830893643495e+00
-1.079536762652016035e+00
-1.079536694469757974e+00
-1.079536626347594952e+00
-1.079536558286255499e+00
-1.079536490286467032e+00
-1.079536422348957414e+00
-1.079536354474454507e+00
-1.079536286663685951e+00
-1.079536218917381829e+00
-1.079536151236268671e+00
-1.079536083621076115e+00
-1.079536016072533355e+00
-1.079535948591366923e+00
-1.079535881178307344e+00
-1.079535813834082703e+00
-1.079535746559421083e+00
-1.079535679355051014e+00
-1.079535612221701024e+00
-1.079535545160098975e+00
-1.079535478170973617e+00
-1.079535411255051036e+00
-1.079535344413060205e+00
-1.079535277645726765e+00
-1.079535210953777691e+00
-1.079535144337940400e+00
-1.079535077798940090e+00
-1.079535011337502182e+00
-1.079534944954351650e+00
-1.079534878650213248e+00
-1.079534812425811952e+00
-1.079534746281870294e+00
-1.079534680219111031e+00
-1.079534614238255585e+00
-1.079534548340027600e+00
-1.079534482525145833e+00
-1.079534416794331708e+00
-1.079534351148303761e+00
-1.079534285587781195e+00
-1.079534220113480103e+00
-1.079534154726119022e+00
-1.079534089426412935e+00
-1.079534024215077048e+00
-1.079533959092825013e+00
-1.079533894060369592e+00
-1.079533829118422661e+00
-1.079533764267694762e+00
-1.079533699508895994e+00
-1.079533634842734013e+00
-1.079533570269916920e+00
-1.079533505791150150e+00
-1.079533441407137362e+00
-1.079533377118583770e+00
-1.079533312926190369e+00
-1.079533248830657932e+00
-1.079533184832685233e+00
-1.079533120932970158e+00
-1.079533057132209706e+00
-1.079532993431097987e+00
-1.079532929830327781e+00
-1.079532866330590535e+00
-1.079532802932576585e+00
-1.079532739636974048e+00
-1.079532676444469264e+00
-1.079532613355746129e+00
-1.079532550371489208e+00
-1.079532487492378179e+00
-1.079532424719092942e+00
-1.079532362052310068e+00
-1.079532299492705238e+00
-1.079532237040951692e+00
-1.079532174697720004e+00
-1.079532112463680971e+00
-1.079532050339500726e+00
-1.079531988325843850e+00
-1.079531926423374033e+00
-1.079531864632750304e+00
-1.079531802954633468e+00
-1.079531741389677002e+00
-1.079531679938535271e+00
-1.079531618601860865e+00
-1.079531557380301043e+00
-1.079531496274503732e+00
-1.079531435285111307e+00
-1.079531374412766143e+00
-1.079531313658107061e+00
-1.079531253021769110e+00
-1.079531192504387782e+00
-1.079531132106592350e+00
-1.079531071829011868e+00
-1.079531011672271612e+00
-1.079530951636993308e+00
-1.079530891723797792e+00
-1.079530831933302348e+00
-1.079530772266118932e+00
-1.079530712722859720e+00
-1.079530653304132892e+00
-1.079530594010543521e+00
-1.079530534842692457e+00
-1.079530475801179445e+00
-1.079530416886599342e+00
-1.079530358099544785e+00
-1.079530299440605523e+00
-1.079530240910366423e+00
-1.079530182509409908e+00
-1.079530124238315736e+00
-1.079530066097661001e+00
-1.079530008088015025e+00
-1.079529950209949796e+00
-1.079529892464027974e+00
-1.079529834850812664e+00
-1.079529777370862753e+00
-1.079529720024731798e+00
-1.079529662812970914e+00
-1.079529605736127218e+00
-1.079529548794743610e+00
-1.079529491989362100e+00
-1.079529435320516040e+00
-1.079529378788738114e+00
-1.079529322394556123e+00
-1.079529266138494759e+00
-1.079529210021073826e+00
-1.079529154042809580e+00
-1.079529098204213833e+00
-1.079529042505794845e+00
-1.079528986948055547e+00
-1.079528931531496871e+00
-1.079528876256613534e+00
-1.079528821123896032e+00
-1.079528766133831752e+00
-1.079528711286903864e+00
-1.079528656583589985e+00
-1.079528602024363071e+00
-1.079528547609693634e+00
-1.079528493340045747e+00
-1.079528439215879931e+00
-1.079528385237651600e+00
-1.079528331405813057e+00
-1.079528277720809282e+00
-1.079528224183082141e+00
-1.079528170793069508e+00
-1.079528117551203703e+00
-1.079528064457911718e+00
-1.079528011513617436e+00
-1.079527958718736969e+00
-1.079527906073684873e+00
-1.079527853578868379e+00
-1.079527801234690942e+00
-1.079527749041551132e+00
-1.079527696999841080e+00
-1.079527645109948919e+00
-1.079527593372257677e+00
-1.079527541787145717e+00
-1.079527490354985408e+00
-1.079527439076142681e+00
-1.079527387950981243e+00
-1.079527336979857699e+00
-1.079527286163123545e+00
-1.079527235501123394e+00
-1.079527184994200972e+00
-1.079527134642688901e+00
-1.079527084446917806e+00
-1.079527034407213204e+00
-1.079526984523892397e+00
-1.079526934797270243e+00
-1.079526885227653388e+00
-1.079526835815344032e+00
-1.079526786560639717e+00
-1.079526737463830433e+00
-1.079526688525201283e+00
-1.079526639745032046e+00
-1.079526591123595392e+00
-1.079526542661160216e+00
-1.079526494357988087e+00
-1.079526446214334578e+00
-1.079526398230450601e+00
-1.079526350406580626e+00
-1.079526302742962240e+00
-1.079526255239828147e+00
-1.079526207897404610e+00
-1.079526160715912120e+00
-1.079526113695564282e+00
-1.079526066836570486e+00
-1.079526020139131681e+00
-1.079525973603444600e+00
-1.079525927229697535e+00
-1.079525881018075895e+00
-1.079525834968755094e+00
-1.079525789081908105e+00
-1.079525743357697909e+00
-1.079525697796283934e+00
-1.079525652397817614e+00
-1.079525607162445500e+00
-1.079525562090307034e+00
-1.079525517181534777e+00
-1.079525472436254407e+00
-1.079525427854587827e+00
-1.079525383436647834e+00
-1.079525339182542121e+00
-1.079525295092370829e+00
-1.079525251166227884e+00
-1.079525207404201881e+00
-1.079525163806372534e+00
-1.079525120372814895e+00
-1.079525077103597130e+00
-1.079525033998780081e+00
-1.079524991058418149e+00
-1.079524948282559960e+00
-1.079524905671245705e+00
-1.079524863224510467e+00
-1.079524820942381336e+00
-1.079524778824880737e+00
-1.079524736872021329e+00
-1.079524695083811769e+00
-1.079524653460252281e+00
-1.079524612001336870e+00
-1.079524570707052433e+00
-1.079524529577380099e+00
-1.079524488612291444e+00
-1.079524447811755827e+00
-1.079524407175730394e+00
-1.079524366704169624e+00
-1.079524326397018230e+00
-1.079524286254216703e+00
-1.079524246275695543e+00
-1.079524206461381253e+00
-1.079524166811191899e+00
-1.079524127325037552e+00
-1.079524088002824955e+00
-1.079524048844449968e+00
-1.079524009849802235e+00
-1.079523971018766737e+00
-1.079523932351219795e+00
-1.079523893847030624e+00
-1.079523855506061558e+00
-1.079523817328168267e+00
-1.079523779313199983e+00
-1.079523741460996611e+00
-1.079523703771393617e+00
-1.079523666244218472e+00
-1.079523628879291541e+00
-1.079523591676426975e+00
-1.079523554635430038e+00
-1.079523517756100004e+00
-1.079523481038229482e+00
-1.079523444481605088e+00
-1.079523408086003666e+00
-1.079523371851195623e+00
-1.079523335776947368e+00
-1.079523299863015540e+00
-1.079523264109148561e+00
-1.079523228515091748e+00
-1.079523193080580423e+00
-1.079523157805343025e+00
-1.079523122689103110e+00
-1.079523087731574238e+00
-1.079523052932465088e+00
-1.079523018291476788e+00
-1.079522983808303582e+00
-1.079522949482632832e+00
-1.079522915314143905e+00
-1.079522881302509729e+00
-1.079522847447397904e+00
-1.079522813748466259e+00
-1.079522780205368404e+00
-1.079522746817747958e+00
-1.079522713585244986e+00
-1.079522680507489785e+00
-1.079522647584107986e+00
-1.079522614814716119e+00
-1.079522582198925607e+00
-1.079522549736340986e+00
-1.079522517426558803e+00
-1.079522485269168497e+00
-1.079522453263755066e+00
-1.079522421409894184e+00
-1.079522389707154861e+00
-1.079522358155102113e+00
-1.079522326753290296e+00
-1.079522295501269769e+00
-1.079522264398582676e+00
-1.079522233444765611e+00
-1.079522202639348283e+00
-1.079522171981851519e+00
-1.079522141471792374e+00
-1.079522111108681015e+00
-1.079522080892018954e+00
-1.079522050821302592e+00
-1.079522020896021894e+00
-1.079521991115659052e+00
-1.079521961479690040e+00
-1.079521931987585504e+00
-1.079521902638808539e+00
-1.079521873432816026e+00
-1.079521844369058181e+00
-1.079521815446978339e+00
-1.079521786666015393e+00
-1.079521758025599798e+00
-1.079521729525156237e+00
-1.079521701164103842e+00
-1.079521672941853083e+00
-1.079521644857811102e+00
-1.079521616911377269e+00
-1.079521589101944956e+00
-1.079521561428901988e+00
-1.079521533891627971e+00
-1.079521506489499183e+00
-1.079521479221882796e+00
-1.079521452088142652e+00
-1.079521425087634601e+00
-1.079521398219709605e+00
-1.079521371483711745e+00
-1.079521344878980438e+00
-1.079521318404847996e+00
-1.079521292060640070e+00
-1.079521265845678757e+00
-1.079521239759278606e+00
-1.079521213800748392e+00
-1.079521187969392004e+00
-1.079521162264507339e+00
-1.079521136685385407e+00
-1.079521111231313890e+00
-1.079521085901571364e+00
-1.079521060695434409e+00
-1.079521035612171831e+00
-1.079521010651048218e+00
-1.079520985811320610e+00
-1.079520961092243159e+00
-1.079520936493063132e+00
-1.079520912013022027e+00
-1.079520887651356897e+00
-1.079520863407298359e+00
-1.079520839280073696e+00
-1.079520815268903311e+00
-1.079520791373002719e+00
-1.079520767591581887e+00
-1.079520743923847892e+00
-1.079520720368998266e+00
-1.079520696926230539e+00
-1.079520673594733804e+00
-1.079520650373692936e+00
-1.079520627262289478e+00
-1.079520604259697203e+00
-1.079520581365086995e+00
-1.079520558577626188e+00
-1.079520535896473232e+00
-1.079520513320785691e+00
-1.079520490849714243e+00
-1.079520468482406237e+00
-1.079520446218003915e+00
-1.079520424055644190e+00
-1.079520401994461309e+00
-1.079520380033582860e+00
-1.079520358172133765e+00
-1.079520336409232950e+00
-1.079520314743996234e+00
-1.079520293175535217e+00
-1.079520271702955947e+00
-1.079520250325361586e+00
-1.079520229041849522e+00
-1.079520207851515146e+00
-1.079520186753448741e+00
-1.079520165746735261e+00
-1.079520144830456996e+00
-1.079520124003693793e+00
-1.079520103265517950e+00
-1.079520082615000431e+00
-1.079520062051208651e+00
-1.079520041573204026e+00
-1.079520021180045752e+00
-1.079520000870790142e+00
-1.079519980644487953e+00
-1.079519960500187059e+00
-1.079519940436932668e+00
-1.079519920453765547e+00
-1.079519900549722689e+00
-1.079519880723838643e+00
-1.079519860975145296e+00
-1.079519841302667427e+00
-1.079519821705431148e+00
-1.079519802182456134e+00
-1.079519782732761168e+00
-1.079519763355359929e+00
-1.079519744049264540e+00
-1.079519724813482462e+00
-1.079519705647019601e+00
-1.079519686548878532e+00
-1.079519667518058279e+00
-1.079519648553556088e+00
-1.079519629654365209e+00
-1.079519610819476005e+00
-1.079519592047878396e+00
-1.079519573338556748e+00
-1.079519554690494321e+00
-1.079519536102671706e+00
-1.079519517574066167e+00
-1.079519499103653857e+00
-1.079519480690406930e+00
-1.079519462333296875e+00
-1.079519444031290076e+00
-1.079519425783353581e+00
-1.079519407588450663e+00
-1.079519389445542155e+00
-1.079519371353587998e+00
-1.079519353311544805e+00
-1.079519335318367190e+00
-1.079519317373008436e+00
-1.079519299474418936e+00
-1.079519281621547977e+00
-1.079519263813342844e+00
-1.079519246048748160e+00
-1.079519228326707658e+00
-1.079519210646163074e+00
-1.079519193006053701e+00
-1.079519175405317721e+00
-1.079519157842892207e+00
-1.079519140317712234e+00
-1.079519122828710653e+00
-1.079519105374819876e+00
-1.079519087954969647e+00
-1.079519070568090600e+00
-1.079519053213108926e+00
-1.079519035888952150e+00
-1.079519018594544688e+00
-1.079519001328810290e+00
-1.079518984090672484e+00
-1.079518966879052355e+00
-1.079518949692870100e+00
-1.079518932531045472e+00
-1.079518915392497780e+00
-1.079518898276143224e+00
-1.079518881180899115e+00
-1.079518864105679876e+00
-1.079518847049401264e+00
-1.079518830010977481e+00
-1.079518812989321619e+00
-1.079518795983345880e+00
-1.079518778991962469e+00
-1.079518762014081812e+00
-1.079518745048615891e+00
-1.079518728094474023e+00
-1.079518711150565968e+00
-1.079518694215800156e+00
-1.079518677289086792e+00
-1.079518660369332528e+00
-1.079518643455446902e+00
-1.079518626546336346e+00
-1.079518609640908622e+00
-1.079518592738071270e+00
-1.079518575836730943e+00
-1.079518558935794736e+00
-1.079518542034169082e+00
-1.079518525130760187e+00
-1.079518508224475815e+00
-1.079518491314222395e+00
-1.079518474398906358e+00
-1.079518457477434135e+00
-1.079518440548713931e+00
-1.079518423611650624e+00
-1.079518406665153529e+00
-1.079518389708129078e+00
-1.079518372739485033e+00
-1.079518355758130710e+00
-1.079518338762973206e+00
-1.079518321752921617e+00
-1.079518304726884592e+00
-1.079518287683773003e+00
-1.079518270622495946e+00
-1.079518253541965400e+00
-1.079518236441091572e+00
-1.079518219318786443e+00
-1.079518202173962882e+00
-1.079518185005532649e+00
-1.079518167812410834e+00
-1.079518150593511638e+00
-1.079518133347750375e+00
-1.079518116074042799e+00
-1.079518098771305779e+00
-1.079518081438457511e+00
-1.079518064074416639e+00
-1.079518046678101806e+00
-1.079518029248433875e+00
-1.079518011784335263e+00
-1.079517994284727056e+00
-1.079517976748534336e+00
-1.079517959174679964e+00
-1.079517941562091021e+00
-1.079517923909693478e+00
-1.079517906216415302e+00
-1.079517888481186683e+00
-1.079517870702937365e+00
-1.079517852880598427e+00
-1.079517835013103610e+00
-1.079517817099387100e+00
-1.079517799138384637e+00
-1.079517781129031739e+00
-1.079517763070269032e+00
-1.079517744961034698e+00
-1.079517726800269806e+00
-1.079517708586918090e+00
-1.079517690319923062e+00
-1.079517671998230233e+00
-1.079517653620787332e+00
-1.079517635186542979e+00
-1.079517616694447790e+00
-1.079517598143453272e+00
-1.079517579532513594e+00
-1.079517560860584036e+00
-1.079517542126621432e+00
-1.079517523329585282e+00
-1.079517504468435307e+00
-1.079517485542134336e+00
-1.079517466549646310e+00
-1.079517447489937165e+00
-1.079517428361974618e+00
-1.079517409164728825e+00
-1.079517389897170609e+00
-1.079517370558273903e+00
-1.079517351147014637e+00
-1.079517331662369406e+00
-1.079517312103316362e+00
-1.079517292468839207e+00
-1.079517272757920088e+00
-1.079517252969545149e+00
-1.079517233102700535e+00
-1.079517213156376387e+00
-1.079517193129564845e+00
-1.079517173021258936e+00
-1.079517152830455240e+00
-1.079517132556151893e+00
-1.079517112197348583e+00
-1.079517091753048108e+00
-1.079517071222255264e+00
-1.079517050603976402e+00
-1.079517029897222091e+00
-1.079517009101002678e+00
-1.079516988214332507e+00
-1.079516967236227920e+00
-1.079516946165706148e+00
-1.079516925001789085e+00
-1.079516903743500178e+00
-1.079516882389864652e+00
-1.079516860939910172e+00
-1.079516839392667737e+00
-1.079516817747170343e+00
-1.079516796002452983e+00
-1.079516774157553760e+00
-1.079516752211513220e+00
-1.079516730163373905e+00
-1.079516708012181248e+00
-1.079516685756984007e+00
-1.079516663396832499e+00
-1.079516640930779481e+00
-1.079516618357881264e+00
-1.079516595677196156e+00
-1.079516572887784909e+00
-1.079516549988711160e+00
-1.079516526979042323e+00
-1.079516503857847365e+00
-1.079516480624197250e+00
-1.079516457277167607e+00
-1.079516433815834509e+00
-1.079516410239279800e+00
-1.079516386546585105e+00
-1.079516362736836932e+00
-1.079516338809123566e+00
-1.079516314762536622e+00
-1.079516290596170380e+00
-1.079516266309121342e+00
-1.079516241900489781e+00
-1.079516217369379749e+00
-1.079516192714896183e+00
-1.079516167936148463e+00
-1.079516143032247522e+00
-1.079516118002309399e+00
-1.079516092845451025e+00
-1.079516067560793546e+00
-1.079516042147461663e+00
-1.079516016604581186e+00
-1.079515990931282587e+00
-1.079515965126699673e+00
-1.079515939189968021e+00
-1.079515913120227877e+00
-1.079515886916621481e+00
-1.079515860578294184e+00
-1.079515834104395555e+00
-1.079515807494077828e+00
-1.079515780746496567e+00
-1.079515753860811111e+00
-1.079515726836182576e+00
-1.079515699671776074e+00
-1.079515672366762047e+00
-1.079515644920311601e+00
-1.079515617331600286e+00
-1.079515589599806979e+00
-1.079515561724114336e+00
-1.079515533703707897e+00
-1.079515505537776754e+00
-1.079515477225514219e+00
-1.079515448766116714e+00
-1.079515420158783989e+00
-1.079515391402719127e+00
-1.079515362497130093e+00
-1.079515333441226188e+00
-1.079515304234223150e+00
-1.079515274875338715e+00
-1.079515245363793952e+00
-1.079515215698816144e+00
-1.079515185879633021e+00
-1.079515155905477863e+00
-1.079515125775589501e+00
-1.079515095489205878e+00
-1.079515065045574485e+00
-1.079515034443942367e+00
-1.079515003683563235e+00
-1.079514972763692571e+00
-1.079514941683591633e+00
-1.079514910442525677e+00
-1.079514879039762620e+00
-1.079514847474575934e+00
-1.079514815746243084e+00
-1.079514783854045090e+00
-1.079514751797267413e+00
-1.079514719575200399e+00
-1.079514687187137945e+00
-1.079514654632378612e+00
-1.079514621910225181e+00
-1.079514589019986648e+00
-1.079514555960972011e+00
-1.079514522732500037e+00
-1.079514489333891047e+00
-1.079514455764470027e+00
-1.079514422023567288e+00
-1.079514388110518697e+00
-1.079514354024662559e+00
-1.079514319765344954e+00
-1.079514285331914181e+00
-1.079514250723723645e+00
-1.079514215940134081e+00
-1.079514180980507998e+00
-1.079514145844215900e+00
-1.079514110530631399e+00
-1.079514075039133658e+00
-1.079514039369107170e+00
-1.079514003519941312e+00
-1.079513967491032123e+00
-1.079513931281779193e+00
-1.079513894891588333e+00
-1.079513858319871566e+00
-1.079513821566044918e+00
-1.079513784629531070e+00
-1.079513747509757371e+00
-1.079513710206158494e+00
-1.079513672718173112e+00
-1.079513635045246556e+00
-1.079513597186831264e+00
-1.079513559142383006e+00
-1.079513520911365321e+00
-1.079513482493247523e+00
-1.079513443887504476e+00
-1.079513405093618372e+00
-1.079513366111077843e+00
-1.079513326939375739e+00
-1.079513287578013792e+00
-1.079513248026498617e+00
-1.079513208284344827e+00
-1.079513168351072361e+00
-1.079513128226208929e+00
-1.079513087909288238e+00
-1.079513047399851100e+00
-1.079513006697446098e+00
-1.079512965801627367e+00
-1.079512924711957922e+00
-1.079512883428006997e+00
-1.079512841949350710e+00
-1.079512800275573836e+00
-1.079512758406267592e+00
-1.079512716341030965e+00
-1.079512674079471823e+00
-1.079512631621204033e+00
-1.079512588965849229e+00
-1.079512546113038818e+00
-1.079512503062410422e+00
-1.079512459813611658e+00
-1.079512416366296357e+00
-1.079512372720127900e+00
-1.079512328874778548e+00
-1.079512284829927671e+00
-1.079512240585263294e+00
-1.079512196140483882e+00
-1.079512151495294336e+00
-1.079512106649412218e+00
-1.079512061602559525e+00
-1.079512016354470472e+00
-1.079511970904887708e+00
-1.079511925253563875e+00
-1.079511879400259833e+00
-1.079511833344747096e+00
-1.079511787086806285e+00
-1.079511740626228233e+00
-1.079511693962813768e+00
-1.079511647096373705e+00
-1.079511600026729079e+00
-1.079511552753710912e+00
-1.079511505277161332e+00
-1.079511457596932456e+00
-1.079511409712886616e+00
-1.079511361624899690e+00
-1.079511313332855105e+00
-1.079511264836648943e+00
-1.079511216136187945e+00
-1.079511167231390845e+00
-1.079511118122188806e+00
-1.079511068808522989e+00
-1.079511019290346319e+00
-1.079510969567623491e+00
-1.079510919640332967e+00
-1.079510869508464532e+00
-1.079510819172019076e+00
-1.079510768631011475e+00
-1.079510717885468374e+00
-1.079510666935430852e+00
-1.079510615780949756e+00
-1.079510564422093255e+00
-1.079510512858938398e+00
-1.079510461091577556e+00
-1.079510409120118419e+00
-1.079510356944679117e+00
-1.079510304565393541e+00
-1.079510251982409796e+00
-1.079510199195889530e+00
-1.079510146206009047e+00
-1.079510093012957306e+00
-1.079510039616941031e+00
-1.079509986018180934e+00
-1.079509932216911050e+00
-1.079509878213381846e+00
-1.079509824007858887e+00
-1.079509769600623947e+00
-1.079509714991974123e+00
-1.079509660182221165e+00
-1.079509605171695474e+00
-1.079509549960740777e+00
-1.079509494549718784e+00
-1.079509438939009192e+00
-1.079509383129005018e+00
-1.079509327120119933e+00
-1.079509270912781593e+00
-1.079509214507436976e+00
-1.079509157904550154e+00
-1.079509101104603408e+00
-1.079509044108095450e+00
-1.079508986915544977e+00
-1.079508929527487782e+00
-1.079508871944478532e+00
-1.079508814167090547e+00
-1.079508756195916686e+00
-1.079508698031567571e+00
-1.079508639674674031e+00
-1.079508581125887323e+00
-1.079508522385876690e+00
-1.079508463455332690e+00
-1.079508404334964311e+00
-1.079508345025503413e+00
-1.079508285527701394e+00
-1.079508225842328306e+00
-1.079508165970178846e+00
-1.079508105912066807e+00
-1.079508045668827965e+00
-1.079507985241318524e+00
-1.079507924630418669e+00
-1.079507863837029902e+00
-1.079507802862074817e+00
-1.079507741706501545e+00
-1.079507680371277312e+00
-1.079507618857394879e+00
-1.079507557165869436e+00
-1.079507495297740594e+00
-1.079507433254069282e+00
-1.079507371035943741e+00
-1.079507308644473307e+00
-1.079507246080793736e+00
-1.079507183346064325e+00
-1.079507120441470347e+00
-1.079507057368220835e+00
-1.079506994127551689e+00
-1.079506930720724345e+00
-1.079506867149023774e+00
-1.079506803413763816e+00
-1.079506739516284508e+00
-1.079506675457949871e+00
-1.079506611240154346e+00
-1.079506546864317018e+00
-1.079506482331884287e+00
-1.079506417644332528e+00
-1.079506352803163871e+00
-1.079506287809909537e+00
-1.079506222666127835e+00
-1.079506157373407715e+00
-1.079506091933365886e+00
-1.079506026347647696e+00
-1.079505960617931137e+00
-1.079505894745918404e+00
-1.079505828733346329e+00
-1.079505762581980166e+00
-1.079505696293616035e+00
-1.079505629870080474e+00
-1.079505563313231553e+00
-1.079505496624959315e+00
-1.079505429807182448e+00
-1.079505362861855167e+00
-1.079505295790962549e+00
-1.079505228596521649e+00
-1.079505161280581715e+00
-1.079505093845226193e+00
-1.079505026292571834e+00
-1.079504958624767363e+00
-1.079504890843997256e+00
-1.079504822952479293e+00
-1.079504754952464562e+00
-1.079504686846241235e+00
-1.079504618636129898e+00
-1.079504550324489109e+00
-1.079504481913709846e+00
-1.079504413406221275e+00
-1.079504344804487870e+00
-1.079504276111010519e+00
-1.079504207328326970e+00
-1.079504138459011386e+00
-1.079504069505676123e+00
-1.079504000470971947e+00
-1.079503931357583824e+00
-1.079503862168238681e+00
-1.079503792905700976e+00
-1.079503723572772689e+00
-1.079503654172296434e+00
-1.079503584707152797e+00
-1.079503515180263884e+00
-1.079503445594589106e+00
-1.079503375953130728e+00
-1.079503306258930317e+00
-1.079503236515070963e+00
-1.079503166724675944e+00
-1.079503096890911396e+00
-1.079503027016984085e+00
-1.079502957106143191e+00
-1.079502887161680302e+00
-1.079502817186929864e+00
-1.079502747185270728e+00
-1.079502677160121715e+00
-1.079502607114948720e+00
-1.079502537053258937e+00
-1.079502466978606856e+00
-1.079502396894588268e+00
-1.079502326804845591e+00
-1.079502256713067432e+00
-1.079502186622985471e+00
-1.079502116538379353e+00
-1.079502046463072462e+00
-1.079501976400938368e+00
-1.079501906355894603e+00
-1.079501836331906439e+00
-1.079501766332985557e+00
-1.079501696363194041e+00
-1.079501626426639715e+00
-1.079501556527479256e+00
-1.079501486669917965e+00
-1.079501416858211771e+00
-1.079501347096663455e+00
-1.079501277389626868e+00
-1.079501207741504931e+00
-1.079501138156753637e+00
-1.079501068639874939e+00
-1.079500999195424971e+00
-1.079500929828010936e+00
-1.079500860542290441e+00
-1.079500791342973276e+00
-1.079500722234821852e+00
-1.079500653222651207e+00
-1.079500584311328781e+00
-1.079500515505775748e+00
-1.079500446810965242e+00
-1.079500378231925461e+00
-1.079500309773740341e+00
-1.079500241441544439e+00
-1.079500173240530048e+00
-1.079500105175942748e+00
-1.079500037253086298e+00
-1.079499969477316412e+00
-1.079499901854047428e+00
-1.079499834388749635e+00
-1.079499767086949280e+00
-1.079499699954230563e+00
-1.079499632996234304e+00
-1.079499566218659279e+00
-1.079499499627261327e+00
-1.079499433227857574e+00
-1.079499367026318657e+00
-1.079499301028578717e+00
-1.079499235240630295e+00
-1.079499169668522995e+00
-1.079499104318368152e+00
-1.079499039196337717e+00
-1.079498974308663151e+00
-1.079498909661637418e+00
-1.079498845261614992e+00
-1.079498781115009631e+00
-1.079498717228298599e+00
-1.079498653608022662e+00
-1.079498590260781432e+00
-1.079498527193239799e+00
-1.079498464412124825e+00
-1.079498401924227524e+00
-1.079498339736401302e+00
-1.079498277855563959e+00
-1.079498216288699464e+00
-1.079498155042853735e+00
-1.079498094125138863e+00
-1.079498033542731772e+00
-1.079497973302874225e+00
-1.079497913412875487e+00
-1.079497853880109437e+00
-1.079497794712016789e+00
-1.079497735916105317e+00
-1.079497677499948738e+00
-1.079497619471190051e+00
-1.079497561837537090e+00
-1.079497504606767189e+00
-1.079497447786726516e+00
-1.079497391385329186e+00
-1.079497335410556591e+00
-1.079497279870460735e+00
-1.079497224773163566e+00
-1.079497170126854755e+00
-1.079497115939796359e+00
-1.079497062220317716e+00
-1.079497008976820105e+00
-1.079496956217777415e+00
-1.079496903951731035e+00
-1.079496852187296740e+00
-1.079496800933160250e+00
-1.079496750198079891e+00
-1.079496699990885933e+00
-1.079496650320481477e+00
-1.079496601195841343e+00
-1.079496552626014960e+00
-1.079496504620123920e+00
-1.079496457187363978e+00
-1.079496410337003276e+00
-1.079496364078386117e+00
-1.079496318420930523e+00
-1.079496273374128013e+00
-1.079496228947546266e+00
-1.079496185150827126e+00
-1.079496141993687930e+00
-1.079496099485924399e+00
-1.079496057637402417e+00
-1.079496016458070029e+00
-1.079495975957947662e+00
-1.079495936147133905e+00
-1.079495897035805063e+00
-1.079495858634212491e+00
-1.079495820952686813e+00
-1.079495784001634373e+00
-1.079495747791541005e+00
-1.079495712332970259e+00
-1.079495677636563844e+00
-1.079495643713040964e+00
-1.079495610573202091e+00
-1.079495578227923414e+00
-1.079495546688162388e+00
-1.079495515964957297e+00
-1.079495486069421917e+00
-1.079495457012753068e+00
-1.079495428806227730e+00
-1.079495401461200155e+00
-1.079495374989109413e+00
-1.079495349401471405e+00
-1.079495324709884407e+00
-1.079495300926028634e+00
-1.079495278061664232e+00
-1.079495256128634173e+00
-1.079495235138860254e+00
-1.079495215104349315e+00
-1.079495196037189242e+00
-1.079495177949548523e+00
-1.079495160853680469e+00
-1.079495144761919878e+00
-1.079495129686682819e+00
-1.079495115640470848e+00
-1.079495102635866344e+00
-1.079495090685536285e+00
-1.079495079802230251e+00
-1.079495069998782419e+00
-1.079495061288108682e+00
-1.079495053683211303e+00
-1.079495047197173818e+00
-1.079495041843165914e+00
-1.079495037634440102e+00
-1.079495034584334601e+00
-1.079495032706270896e+00
