-5.023270219745775478e+00
-5.023270218584018565e+00
-5.023270216004299016e+00
-5.023270212019414593e+00
-5.023270206642043156e+00
-5.023270199884761311e+00
-5.023270191760040859e+00
-5.023270182280237250e+00
-5.023270171457606459e+00
-5.023270159304292548e+00
-5.023270145832335665e+00
-5.023270131053671150e+00
-5.023270114980123324e+00
-5.023270097623422359e+00
-5.023270078995186516e+00
-5.023270059106930141e+00
-5.023270037970066326e+00
-5.023270015595907800e+00
-5.023269991995658046e+00
-5.023269967180422846e+00
-5.023269941161207619e+00
-5.023269913948915644e+00
-5.023269885554349834e+00
-5.023269855988212740e+00
-5.023269825261105659e+00
-5.023269793383533077e+00
-5.023269760365905334e+00
-5.023269726218527964e+00
-5.023269690951607913e+00
-5.023269654575264198e+00
-5.023269617099512807e+00
-5.023269578534274693e+00
-5.023269538889376662e+00
-5.023269498174550485e+00
-5.023269456399431121e+00
-5.023269413573563824e+00
-5.023269369706397924e+00
-5.023269324807290381e+00
-5.023269278885508449e+00
-5.023269231950224345e+00
-5.023269184010521471e+00
-5.023269135075389080e+00
-5.023269085153731162e+00
-5.023269034254360221e+00
-5.023268982385997283e+00
-5.023268929557281659e+00
-5.023268875776752296e+00
-5.023268821052877087e+00
-5.023268765394027113e+00
-5.023268708808487304e+00
-5.023268651304459986e+00
-5.023268592890058670e+00
-5.023268533573315153e+00
-5.023268473362179520e+00
-5.023268412264513039e+00
-5.023268350288096151e+00
-5.023268287440627589e+00
-5.023268223729724369e+00
-5.023268159162920909e+00
-5.023268093747669916e+00
-5.023268027491351262e+00
-5.023267960401252452e+00
-5.023267892484595265e+00
-5.023267823748512662e+00
-5.023267754200067436e+00
-5.023267683846236231e+00
-5.023267612693927298e+00
-5.023267540749968951e+00
-5.023267468021120230e+00
-5.023267394514047801e+00
-5.023267320235361488e+00
-5.023267245191589403e+00
-5.023267169389186826e+00
-5.023267092834538872e+00
-5.023267015533956048e+00
-5.023266937493675144e+00
-5.023266858719864558e+00
-5.023266779218625189e+00
-5.023266698995978885e+00
-5.023266618057883548e+00
-5.023266536410229577e+00
-5.023266454058836317e+00
-5.023266371009459164e+00
-5.023266287267778907e+00
-5.023266202839416827e+00
-5.023266117729925817e+00
-5.023266031944787713e+00
-5.023265945489429285e+00
-5.023265858369205361e+00
-5.023265770589413926e+00
-5.023265682155274803e+00
-5.023265593071967849e+00
-5.023265503344588545e+00
-5.023265412978184408e+00
-5.023265321977737230e+00
-5.023265230348167520e+00
-5.023265138094339832e+00
-5.023265045221052993e+00
-5.023264951733055206e+00
-5.023264857635027170e+00
-5.023264762931596294e+00
-5.023264667627333147e+00
-5.023264571726757666e+00
-5.023264475234317850e+00
-5.023264378154419063e+00
-5.023264280491411604e+00
-5.023264182249585375e+00
-5.023264083433176985e+00
-5.023263984046372421e+00
-5.023263884093304377e+00
-5.023263783578054031e+00
-5.023263682504649275e+00
-5.023263580877064705e+00
-5.023263478699228735e+00
-5.023263375975014711e+00
-5.023263272708255123e+00
-5.023263168902725617e+00
-5.023263064562148550e+00
-5.023262959690214302e+00
-5.023262854290551083e+00
-5.023262748366745356e+00
-5.023262641922343619e+00
-5.023262534960833747e+00
-5.023262427485670756e+00
-5.023262319500251039e+00
-5.023262211007940792e+00
-5.023262102012055585e+00
-5.023261992515870134e+00
-5.023261882522612964e+00
-5.023261772035469974e+00
-5.023261661057592420e+00
-5.023261549592083597e+00
-5.023261437642009497e+00
-5.023261325210393480e+00
-5.023261212300220713e+00
-5.023261098914438172e+00
-5.023260985055953753e+00
-5.023260870727637162e+00
-5.023260755932318133e+00
-5.023260640672792654e+00
-5.023260524951818518e+00
-5.023260408772120655e+00
-5.023260292136380478e+00
-5.023260175047251863e+00
-5.023260057507355825e+00
-5.023259939519268968e+00
-5.023259821085543919e+00
-5.023259702208696886e+00
-5.023259582891211217e+00
-5.023259463135533842e+00
-5.023259342944090378e+00
-5.023259222319270911e+00
-5.023259101263427340e+00
-5.023258979778891131e+00
-5.023258857867955562e+00
-5.023258735532896146e+00
-5.023258612775949317e+00
-5.023258489599326637e+00
-5.023258366005212139e+00
-5.023258241995760542e+00
-5.023258117573109693e+00
-5.023257992739354805e+00
-5.023257867496573326e+00
-5.023257741846817837e+00
-5.023257615792117825e+00
-5.023257489334473469e+00
-5.023257362475860077e+00
-5.023257235218236083e+00
-5.023257107563529722e+00
-5.023256979513653242e+00
-5.023256851070486917e+00
-5.023256722235898586e+00
-5.023256593011729443e+00
-5.023256463399801142e+00
-5.023256333401914908e+00
-5.023256203019848876e+00
-5.023256072255367854e+00
-5.023255941110212675e+00
-5.023255809586106402e+00
-5.023255677684752563e+00
-5.023255545407843137e+00
-5.023255412757038130e+00
-5.023255279733993106e+00
-5.023255146340345867e+00
-5.023255012577715561e+00
-5.023254878447700023e+00
-5.023254743951891754e+00
-5.023254609091863720e+00
-5.023254473869170234e+00
-5.023254338285358500e+00
-5.023254202341957075e+00
-5.023254066040482968e+00
-5.023253929382435423e+00
-5.023253792369315462e+00
-5.023253655002591245e+00
-5.023253517283735370e+00
-5.023253379214202674e+00
-5.023253240795432895e+00
-5.023253102028866657e+00
-5.023252962915926823e+00
-5.023252823458024707e+00
-5.023252683656564521e+00
-5.023252543512941592e+00
-5.023252403028545920e+00
-5.023252262204748853e+00
-5.023252121042929730e+00
-5.023251979544445689e+00
-5.023251837710652090e+00
-5.023251695542899853e+00
-5.023251553042531903e+00
-5.023251410210882284e+00
-5.023251267049281488e+00
-5.023251123559058229e+00
-5.023250979741527900e+00
-5.023250835598010333e+00
-5.023250691129816481e+00
-5.023250546338254630e+00
-5.023250401224622408e+00
-5.023250255790227214e+00
-5.023250110036366678e+00
-5.023249963964333098e+00
-5.023249817575424103e+00
-5.023249670870926664e+00
-5.023249523852134857e+00
-5.023249376520333875e+00
-5.023249228876815131e+00
-5.023249080922866483e+00
-5.023248932659774901e+00
-5.023248784088829133e+00
-5.023248635211315261e+00
-5.023248486028529136e+00
-5.023248336541754178e+00
-5.023248186752289790e+00
-5.023248036661422944e+00
-5.023247886270458373e+00
-5.023247735580685713e+00
-5.023247584593416804e+00
-5.023247433309953713e+00
-5.023247281731602065e+00
-5.023247129859680804e+00
-5.023246977695501769e+00
-5.023246825240385682e+00
-5.023246672495664811e+00
-5.023246519462664317e+00
-5.023246366142725350e+00
-5.023246212537187283e+00
-5.023246058647401036e+00
-5.023245904474719303e+00
-5.023245750020505440e+00
-5.023245595286129017e+00
-5.023245440272962270e+00
-5.023245284982393422e+00
-5.023245129415808918e+00
-5.023244973574612970e+00
-5.023244817460208900e+00
-5.023244661074017792e+00
-5.023244504417461620e+00
-5.023244347491977457e+00
-5.023244190299010370e+00
-5.023244032840013418e+00
-5.023243875116452983e+00
-5.023243717129800778e+00
-5.023243558881549831e+00
-5.023243400373190504e+00
-5.023243241606236253e+00
-5.023243082582207641e+00
-5.023242923302633223e+00
-5.023242763769058428e+00
-5.023242603983041121e+00
-5.023242443946154268e+00
-5.023242283659970830e+00
-5.023242123126098413e+00
-5.023241962346139289e+00
-5.023241801321718825e+00
-5.023241640054478374e+00
-5.023241478546065508e+00
-5.023241316798147338e+00
-5.023241154812407849e+00
-5.023240992590540799e+00
-5.023240830134265700e+00
-5.023240667445302954e+00
-5.023240504525399608e+00
-5.023240341376320472e+00
-5.023240177999838352e+00
-5.023240014397747366e+00
-5.023239850571861176e+00
-5.023239686524005876e+00
-5.023239522256027989e+00
-5.023239357769796243e+00
-5.023239193067183805e+00
-5.023239028150103813e+00
-5.023238863020462297e+00
-5.023238697680207920e+00
-5.023238532131293788e+00
-5.023238366375695207e+00
-5.023238200415413246e+00
-5.023238034252461404e+00
-5.023237867888878938e+00
-5.023237701326722870e+00
-5.023237534568067986e+00
-5.023237367615016602e+00
-5.023237200469689689e+00
-5.023237033134226870e+00
-5.023236865610794410e+00
-5.023236697901571901e+00
-5.023236530008773570e+00
-5.023236361934630523e+00
-5.023236193681389850e+00
-5.023236025251334169e+00
-5.023235856646759423e+00
-5.023235687869985533e+00
-5.023235518923367060e+00
-5.023235349809269223e+00
-5.023235180530090105e+00
-5.023235011088243773e+00
-5.023234841486182489e+00
-5.023234671726369172e+00
-5.023234501811303154e+00
-5.023234331743500647e+00
-5.023234161525511610e+00
-5.023233991159904654e+00
-5.023233820649280368e+00
-5.023233649996259764e+00
-5.023233479203499385e+00
-5.023233308273677089e+00
-5.023233137209496491e+00
-5.023232966013689627e+00
-5.023232794689021397e+00
-5.023232623238278904e+00
-5.023232451664279452e+00
-5.023232279969871428e+00
-5.023232108157927200e+00
-5.023231936231351114e+00
-5.023231764193074156e+00
-5.023231592046059291e+00
-5.023231419793303232e+00
-5.023231247437824010e+00
-5.023231074982676958e+00
-5.023230902430942280e+00
-5.023230729785734816e+00
-5.023230557050200495e+00
-5.023230384227513667e+00
-5.023230211320885985e+00
-5.023230038333551306e+00
-5.023229865268786121e+00
-5.023229692129890900e+00
-5.023229518920201642e+00
-5.023229345643089871e+00
-5.023229172301955536e+00
-5.023228998900235887e+00
-5.023228825441401035e+00
-5.023228651928950406e+00
-5.023228478366422500e+00
-5.023228304757390461e+00
-5.023228131105453187e+00
-5.023227957414259315e+00
-5.023227783687481462e+00
-5.023227609928832216e+00
-5.023227436142052582e+00
-5.023227262330932419e+00
-5.023227088499286452e+00
-5.023226914650968489e+00
-5.023226740789877631e+00
-5.023226566919935188e+00
-5.023226393045105098e+00
-5.023226219169399265e+00
-5.023226045296850018e+00
-5.023225871431544753e+00
-5.023225697577594850e+00
-5.023225523739154319e+00
-5.023225349920423355e+00
-5.023225176125635016e+00
-5.023225002359055225e+00
-5.023224828625006744e+00
-5.023224654927832766e+00
-5.023224481271929776e+00
-5.023224307661734223e+00
-5.023224134101710092e+00
-5.023223960596379101e+00
-5.023223787150292274e+00
-5.023223613768053930e+00
-5.023223440454295918e+00
-5.023223267213700716e+00
-5.023223094050994320e+00
-5.023222920970940031e+00
-5.023222747978346447e+00
-5.023222575078068353e+00
-5.023222402274996057e+00
-5.023222229574073161e+00
-5.023222056980279682e+00
-5.023221884498644485e+00
-5.023221712134238182e+00
-5.023221539892177567e+00
-5.023221367777630064e+00
-5.023221195795795069e+00
-5.023221023951927044e+00
-5.023220852251328417e+00
-5.023220680699346019e+00
-5.023220509301363990e+00
-5.023220338062828638e+00
-5.023220166989222690e+00
-5.023219996086080386e+00
-5.023219825358982149e+00
-5.023219654813558144e+00
-5.023219484455486494e+00
-5.023219314290493287e+00
-5.023219144324354346e+00
-5.023218974562892569e+00
-5.023218805011982369e+00
-5.023218635677552335e+00
-5.023218466565570139e+00
-5.023218297682062072e+00
-5.023218129033109491e+00
-5.023217960624831058e+00
-5.023217792463408493e+00
-5.023217624555071481e+00
-5.023217456906104772e+00
-5.023217289522837525e+00
-5.023217122411659297e+00
-5.023216955579008491e+00
-5.023216789031380358e+00
-5.023216622775317219e+00
-5.023216456817424458e+00
-5.023216291164355418e+00
-5.023216125822818512e+00
-5.023215960799574553e+00
-5.023215796101450081e+00
-5.023215631735316045e+00
-5.023215467708105564e+00
-5.023215304026802386e+00
-5.023215140698449765e+00
-5.023214977730154018e+00
-5.023214815129065869e+00
-5.023214652902402655e+00
-5.023214491057436781e+00
-5.023214329601496608e+00
-5.023214168541978886e+00
-5.023214007886326549e+00
-5.023213847642044705e+00
-5.023213687816703299e+00
-5.023213528417929119e+00
-5.023213369453407573e+00
-5.023213210930887129e+00
-5.023213052858173988e+00
-5.023212895243138298e+00
-5.023212738093708829e+00
-5.023212581417880962e+00
-5.023212425223709587e+00
-5.023212269519308215e+00
-5.023212114312860521e+00
-5.023211959612607913e+00
-5.023211805426857524e+00
-5.023211651763978658e+00
-5.023211498632409899e+00
-5.023211346040647562e+00
-5.023211193997260793e+00
-5.023211042510872026e+00
-5.023210891590181859e+00
-5.023210741243951283e+00
-5.023210591481008791e+00
-5.023210442310247714e+00
-5.023210293740629773e+00
-5.023210145781184188e+00
-5.023209998441006796e+00
-5.023209851729263598e+00
-5.023209705655191648e+00
-5.023209560228084847e+00
-5.023209415457325022e+00
-5.023209271352346406e+00
-5.023209127922661388e+00
-5.023208985177853414e+00
-5.023208843127569878e+00
-5.023208701781540775e+00
-5.023208561149552942e+00
-5.023208421241475818e+00
-5.023208282067249009e+00
-5.023208143636882284e+00
-5.023208005960460021e+00
-5.023207869048134988e+00
-5.023207732910142553e+00
-5.023207597556782034e+00
-5.023207462998433570e+00
-5.023207329245551023e+00
-5.023207196308665523e+00
-5.023207064198373040e+00
-5.023206932925354806e+00
-5.023206802500374657e+00
-5.023206672934249717e+00
-5.023206544237902804e+00
-5.023206416422309140e+00
-5.023206289498535426e+00
-5.023206163477722974e+00
-5.023206038371094806e+00
-5.023205914189944998e+00
-5.023205790945648452e+00
-5.023205668649667111e+00
-5.023205547313532193e+00
-5.023205426948867292e+00
-5.023205307567362610e+00
-5.023205189180798946e+00
-5.023205071801032595e+00
-5.023204955440006891e+00
-5.023204840109746883e+00
-5.023204725822353112e+00
-5.023204612590011386e+00
-5.023204500424997221e+00
-5.023204389339659848e+00
-5.023204279346440870e+00
-5.023204170457864493e+00
-5.023204062686527749e+00
-5.023203956045129814e+00
-5.023203850546446247e+00
-5.023203746203336095e+00
-5.023203643028745446e+00
-5.023203541035713648e+00
-5.023203440237360873e+00
-5.023203340646890780e+00
-5.023203242277602065e+00
-5.023203145142878689e+00
-5.023203049256184549e+00
-5.023202954631087458e+00
-5.023202861281232501e+00
-5.023202769220350028e+00
-5.023202678462276971e+00
-5.023202589020923092e+00
-5.023202500910297630e+00
-5.023202414144494199e+00
-5.023202328737705891e+00
-5.023202244704209285e+00
-5.023202162058374221e+00
-5.023202080814663795e+00
-5.023202000987631699e+00
-5.023201922591925772e+00
-5.023201845642285335e+00
-5.023201770153543855e+00
-5.023201696140629835e+00
-5.023201623618561484e+00
-5.023201552602454711e+00
-5.023201483107517795e+00
-5.023201415149055826e+00
-5.023201348742468930e+00
-5.023201283903247827e+00
-5.023201220646985377e+00
-5.023201158989370363e+00
-5.023201098946185716e+00
-5.023201040533304962e+00
-5.023200983766713534e+00
-5.023200928662480358e+00
-5.023200875236777385e+00
-5.023200823505875157e+00
-5.023200773486147241e+00
-5.023200725194049809e+00
-5.023200678646155382e+00
-5.023200633859128850e+00
-5.023200590849730141e+00
-5.023200549634826650e+00
-5.023200510231382587e+00
-5.023200472656456306e+00
-5.023200436927218959e+00
-5.023200403060933183e+00
-5.023200371074969084e+00
-5.023200340986790025e+00
-5.023200312813963286e+00
-5.023200286574170725e+00
-5.023200262285179463e+00
-5.023200239964864089e+00
-5.023200219631207553e+00
-5.023200201302290502e+00
-5.023200184996295725e+00
-5.023200170731514369e+00
-5.023200158526337944e+00
-5.023200148399262766e+00
-5.023200140368889954e+00
-5.023200134453920995e+00
-5.023200130673170172e+00
