-8.098144436775194244e-01
-8.098144430324035747e-01
-8.098144401614115750e-01
-8.098144350817549908e-01
-8.098144278105636751e-01
-8.098144183648893213e-01
-8.098144067617046860e-01
-8.098143930179027006e-01
-8.098143771502969157e-01
-8.098143591756207238e-01
-8.098143391105294686e-01
-8.098143169715980028e-01
-8.098142927753215758e-01
-8.098142665381158345e-01
-8.098142382763179326e-01
-8.098142080061840886e-01
-8.098141757438910293e-01
-8.098141415055365444e-01
-8.098141053071381545e-01
-8.098140671646344435e-01
-8.098140270938829488e-01
-8.098139851106636034e-01
-8.098139412306748497e-01
-8.098138954695364156e-01
-8.098138478427886477e-01
-8.098137983658907357e-01
-8.098137470542247085e-01
-8.098136939230911047e-01
-8.098136389877118591e-01
-8.098135822632289704e-01
-8.098135237647058338e-01
-8.098134635071249088e-01
-8.098134015053911616e-01
-8.098133377743282901e-01
-8.098132723286821655e-01
-8.098132051831195000e-01
-8.098131363522262927e-01
-8.098130658505111601e-01
-8.098129936924026717e-01
-8.098129198922509042e-01
-8.098128444643268864e-01
-8.098127674228224882e-01
-8.098126887818511976e-01
-8.098126085554480103e-01
-8.098125267575688735e-01
-8.098124434020913531e-01
-8.098123585028144111e-01
-8.098122720734595159e-01
-8.098121841276686439e-01
-8.098120946790066110e-01
-8.098120037409600736e-01
-8.098119113269373059e-01
-8.098118174502687561e-01
-8.098117221242077113e-01
-8.098116253619291882e-01
-8.098115271765320422e-01
-8.098114275810354146e-01
-8.098113265883837286e-01
-8.098112242114425818e-01
-8.098111204630010773e-01
-8.098110153557722679e-01
-8.098109089023906026e-01
-8.098108011154159236e-01
-8.098106920073305792e-01
-8.098105815905407567e-01
-8.098104698773767041e-01
-8.098103568800923968e-01
-8.098102426108662044e-01
-8.098101270818003350e-01
-8.098100103049219456e-01
-8.098098922921828091e-01
-8.098097730554587592e-01
-8.098096526065521328e-01
-8.098095309571881062e-01
-8.098094081190189142e-01
-8.098092841036216294e-01
-8.098091589224990505e-01
-8.098090325870797024e-01
-8.098089051087181689e-01
-8.098087764986950932e-01
-8.098086467682167333e-01
-8.098085159284180712e-01
-8.098083839903582604e-01
-8.098082509650247340e-01
-8.098081168633318727e-01
-8.098079816961213373e-01
-8.098078454741621801e-01
-8.098077082081507339e-01
-8.098075699087122770e-01
-8.098074305863992572e-01
-8.098072902516931793e-01
-8.098071489150030500e-01
-8.098070065866682654e-01
-8.098068632769545028e-01
-8.098067189960599377e-01
-8.098065737541095821e-01
-8.098064275611593921e-01
-8.098062804271940474e-01
-8.098061323621300600e-01
-8.098059833758116666e-01
-8.098058334780159351e-01
-8.098056826784495454e-01
-8.098055309867505658e-01
-8.098053784124876753e-01
-8.098052249651618295e-01
-8.098050706542043731e-01
-8.098049154889807033e-01
-8.098047594787859405e-01
-8.098046026328492575e-01
-8.098044449603315487e-01
-8.098042864703274279e-01
-8.098041271718638967e-01
-8.098039670739017870e-01
-8.098038061853354286e-01
-8.098036445149925378e-01
-8.098034820716359938e-01
-8.098033188639619517e-01
-8.098031549006021734e-01
-8.098029901901226957e-01
-8.098028247410250513e-01
-8.098026585617460471e-01
-8.098024916606583190e-01
-8.098023240460693328e-01
-8.098021557262252701e-01
-8.098019867093059210e-01
-8.098018170034301244e-01
-8.098016466166521043e-01
-8.098014755569644674e-01
-8.098013038322964263e-01
-8.098011314505155767e-01
-8.098009584194280075e-01
-8.098007847467767473e-01
-8.098006104402454275e-01
-8.098004355074548410e-01
-8.098002599559659398e-01
-8.098000837932785023e-01
-8.097999070268327992e-01
-8.097997296640090381e-01
-8.097995517121262532e-01
-8.097993731784469684e-01
-8.097991940701713132e-01
-8.097990143944426844e-01
-8.097988341583450822e-01
-8.097986533689045530e-01
-8.097984720330893005e-01
-8.097982901578091308e-01
-8.097981077499171176e-01
-8.097979248162086030e-01
-8.097977413634226407e-01
-8.097975573982411079e-01
-8.097973729272901489e-01
-8.097971879571398413e-01
-8.097970024943039746e-01
-8.097968165452412714e-01
-8.097966301163559422e-01
-8.097964432139963531e-01
-8.097962558444566916e-01
-8.097960680139775214e-01
-8.097958797287445609e-01
-8.097956909948896831e-01
-8.097955018184926912e-01
-8.097953122055793207e-01
-8.097951221621223494e-01
-8.097949316940433739e-01
-8.097947408072089237e-01
-8.097945495074376776e-01
-8.097943578004930254e-01
-8.097941656920895070e-01
-8.097939731878884828e-01
-8.097937802935029072e-01
-8.097935870144939985e-01
-8.097933933563722375e-01
-8.097931993245994775e-01
-8.097930049245875006e-01
-8.097928101616987950e-01
-8.097926150412472213e-01
-8.097924195684973458e-01
-8.097922237486654407e-01
-8.097920275869208151e-01
-8.097918310883830406e-01
-8.097916342581259475e-01
-8.097914371011752932e-01
-8.097912396225103171e-01
-8.097910418270627408e-01
-8.097908437197195441e-01
-8.097906453053207443e-01
-8.097904465886598402e-01
-8.097902475744864770e-01
-8.097900482675040035e-01
-8.097898486723722478e-01
-8.097896487937040755e-01
-8.097894486360704969e-01
-8.097892482039973361e-01
-8.097890475019671186e-01
-8.097888465344186271e-01
-8.097886453057480116e-01
-8.097884438203074575e-01
-8.097882420824088490e-01
-8.097880400963198833e-01
-8.097878378662665133e-01
-8.097876353964338358e-01
-8.097874326909649811e-01
-8.097872297539630004e-01
-8.097870265894876463e-01
-8.097868232015611456e-01
-8.097866195941635370e-01
-8.097864157712360011e-01
-8.097862117366791956e-01
-8.097860074943553643e-01
-8.097858030480865610e-01
-8.097855984016566477e-01
-8.097853935588112950e-01
-8.097851885232568714e-01
-8.097849832986632190e-01
-8.097847778886608783e-01
-8.097845722968445292e-01
-8.097843665267707713e-01
-8.097841605819594557e-01
-8.097839544658936850e-01
-8.097837481820211458e-01
-8.097835417337531094e-01
-8.097833351244645428e-01
-8.097831283574953298e-01
-8.097829214361501604e-01
-8.097827143636990854e-01
-8.097825071433767397e-01
-8.097822997783842291e-01
-8.097820922718879100e-01
-8.097818846270212756e-01
-8.097816768468826254e-01
-8.097814689345385064e-01
-8.097812608930216038e-01
-8.097810527253317403e-01
-8.097808444344366530e-01
-8.097806360232719936e-01
-8.097804274947406622e-01
-8.097802188517148059e-01
-8.097800100970345971e-01
-8.097798012335082340e-01
-8.097795922639146049e-01
-8.097793831910009565e-01
-8.097791740174838937e-01
-8.097789647460507112e-01
-8.097787553793577286e-01
-8.097785459200326219e-01
-8.097783363706727577e-01
-8.097781267338474143e-01
-8.097779170120960046e-01
-8.097777072079296312e-01
-8.097774973238308638e-01
-8.097772873622545164e-01
-8.097770773256274257e-01
-8.097768672163477843e-01
-8.097766570367882499e-01
-8.097764467892927254e-01
-8.097762364761785792e-01
-8.097760260997367565e-01
-8.097758156622320014e-01
-8.097756051659014132e-01
-8.097753946129578884e-01
-8.097751840055881223e-01
-8.097749733459529420e-01
-8.097747626361873063e-01
-8.097745518784026375e-01
-8.097743410746844894e-01
-8.097741302270941022e-01
-8.097739193376686240e-01
-8.097737084084207781e-01
-8.097734974413394182e-01
-8.097732864383901941e-01
-8.097730754015145527e-01
-8.097728643326316256e-01
-8.097726532336365635e-01
-8.097724421064029787e-01
-8.097722309527808360e-01
-8.097720197745982285e-01
-8.097718085736610449e-01
-8.097715973517538579e-01
-8.097713861106387023e-01
-8.097711748520564079e-01
-8.097709635777268211e-01
-8.097707522893484722e-01
-8.097705409886000183e-01
-8.097703296771373571e-01
-8.097701183565980676e-01
-8.097699070285990786e-01
-8.097696956947364466e-01
-8.097694843565872436e-01
-8.097692730157084462e-01
-8.097690616736382685e-01
-8.097688503318953845e-01
-8.097686389919793726e-01
-8.097684276553710481e-01
-8.097682163235323527e-01
-8.097680049979080197e-01
-8.097677936799229093e-01
-8.097675823709854503e-01
-8.097673710724847540e-01
-8.097671597857932779e-01
-8.097669485122656052e-01
-8.097667372532398877e-01
-8.097665260100352924e-01
-8.097663147839562203e-01
-8.097661035762897530e-01
-8.097658923883053195e-01
-8.097656812212572497e-01
-8.097654700763832203e-01
-8.097652589549050317e-01
-8.097650478580282751e-01
-8.097648367869435537e-01
-8.097646257428259275e-01
-8.097644147268341364e-01
-8.097642037401131532e-01
-8.097639927837922968e-01
-8.097637818589861203e-01
-8.097635709667946324e-01
-8.097633601083031873e-01
-8.097631492845833723e-01
-8.097629384966920085e-01
-8.097627277456727057e-01
-8.097625170325539745e-01
-8.097623063583521130e-01
-8.097620957240687645e-01
-8.097618851306933596e-01
-8.097616745792012294e-01
-8.097614640705547151e-01
-8.097612536057038346e-01
-8.097610431855853941e-01
-8.097608328111239873e-01
-8.097606224832312183e-01
-8.097604122028071449e-01
-8.097602019707387244e-01
-8.097599917879015896e-01
-8.097597816551596051e-01
-8.097595715733647559e-01
-8.097593615433570369e-01
-8.097591515659654515e-01
-8.097589416420075681e-01
-8.097587317722895195e-01
-8.097585219576071136e-01
-8.097583121987438348e-01
-8.097581024964750629e-01
-8.097578928515622998e-01
-8.097576832647581657e-01
-8.097574737368052888e-01
-8.097572642684355282e-01
-8.097570548603698626e-01
-8.097568455133207221e-01
-8.097566362279891017e-01
-8.097564270050676694e-01
-8.097562178452386572e-01
-8.097560087491744163e-01
-8.097557997175385269e-01
-8.097555907509855766e-01
-8.097553818501592726e-01
-8.097551730156966610e-01
-8.097549642482236854e-01
-8.097547555483587400e-01
-8.097545469167105603e-01
-8.097543383538801098e-01
-8.097541298604595816e-01
-8.097539214370317318e-01
-8.097537130841724329e-01
-8.097535048024484539e-01
-8.097532965924190140e-01
-8.097530884546345620e-01
-8.097528803896387739e-01
-8.097526723979658891e-01
-8.097524644801435967e-01
-8.097522566366917030e-01
-8.097520488681224649e-01
-8.097518411749400347e-01
-8.097516335576424584e-01
-8.097514260167198996e-01
-8.097512185526546391e-01
-8.097510111659229626e-01
-8.097508038569934952e-01
-8.097505966263279786e-01
-8.097503894743819375e-01
-8.097501824016029026e-01
-8.097499754084331869e-01
-8.097497684953073316e-01
-8.097495616626538828e-01
-8.097493549108949473e-01
-8.097491482404464147e-01
-8.097489416517169580e-01
-8.097487351451106985e-01
-8.097485287210238747e-01
-8.097483223798482843e-01
-8.097481161219680645e-01
-8.097479099477623565e-01
-8.097477038576047503e-01
-8.097474978518621747e-01
-8.097472919308968953e-01
-8.097470860950642946e-01
-8.097468803447152030e-01
-8.097466746801942339e-01
-8.097464691018408933e-01
-8.097462636099894695e-01
-8.097460582049679223e-01
-8.097458528871004368e-01
-8.097456476567042039e-01
-8.097454425140934164e-01
-8.097452374595751623e-01
-8.097450324934518662e-01
-8.097448276160220670e-01
-8.097446228275779756e-01
-8.097444181284082498e-01
-8.097442135187956636e-01
-8.097440089990179946e-01
-8.097438045693493569e-01
-8.097436002300580915e-01
-8.097433959814090976e-01
-8.097431918236611681e-01
-8.097429877570695433e-01
-8.097427837818848007e-01
-8.097425798983526324e-01
-8.097423761067147341e-01
-8.097421724072085825e-01
-8.097419688000667692e-01
-8.097417652855173342e-01
-8.097415618637849866e-01
-8.097413585350896614e-01
-8.097411552996466311e-01
-8.097409521576682812e-01
-8.097407491093617793e-01
-8.097405461549304073e-01
-8.097403432945733393e-01
-8.097401405284863074e-01
-8.097399378568601591e-01
-8.097397352798825221e-01
-8.097395327977368051e-01
-8.097393304106024203e-01
-8.097391281186547829e-01
-8.097389259220660884e-01
-8.097387238210040916e-01
-8.097385218156328834e-01
-8.097383199061130021e-01
-8.097381180926011002e-01
-8.097379163752502773e-01
-8.097377147542091924e-01
-8.097375132296238398e-01
-8.097373118016363280e-01
-8.097371104703846578e-01
-8.097369092360034992e-01
-8.097367080986239696e-01
-8.097365070583738555e-01
-8.097363061153769470e-01
-8.097361052697535921e-01
-8.097359045216210305e-01
-8.097357038710920607e-01
-8.097355033182778161e-01
-8.097353028632838789e-01
-8.097351025062132779e-01
-8.097349022471659330e-01
-8.097347020862381006e-01
-8.097345020235224844e-01
-8.097343020591084573e-01
-8.097341021930819505e-01
-8.097339024255254536e-01
-8.097337027565184586e-01
-8.097335031861372379e-01
-8.097333037144535117e-01
-8.097331043415375573e-01
-8.097329050674545448e-01
-8.097327058922668686e-01
-8.097325068160349248e-01
-8.097323078388135587e-01
-8.097321089606563937e-01
-8.097319101816120579e-01
-8.097317115017276246e-01
-8.097315129210449491e-01
-8.097313144396044438e-01
-8.097311160574423017e-01
-8.097309177745908304e-01
-8.097307195910806721e-01
-8.097305215069383610e-01
-8.097303235221868789e-01
-8.097301256368463207e-01
-8.097299278509337839e-01
-8.097297301644623690e-01
-8.097295325774434005e-01
-8.097293350898828734e-01
-8.097291377017850067e-01
-8.097289404131503554e-01
-8.097287432239765881e-01
-8.097285461342574875e-01
-8.097283491439841718e-01
-8.097281522531440956e-01
-8.097279554617219377e-01
-8.097277587696984913e-01
-8.097275621770523291e-01
-8.097273656837570277e-01
-8.097271692897847206e-01
-8.097269729951037665e-01
-8.097267767996783050e-01
-8.097265807034703666e-01
-8.097263847064388731e-01
-8.097261888085378612e-01
-8.097259930097199243e-01
-8.097257973099333261e-01
-8.097256017091234437e-01
-8.097254062072319902e-01
-8.097252108041984586e-01
-8.097250154999571237e-01
-8.097248202944409279e-01
-8.097246251875787060e-01
-8.097244301792956289e-01
-8.097242352695139811e-01
-8.097240404581521611e-01
-8.097238457451266802e-01
-8.097236511303492756e-01
-8.097234566137290201e-01
-8.097232621951705456e-01
-8.097230678745772625e-01
-8.097228736518478076e-01
-8.097226795268767097e-01
-8.097224854995574983e-01
-8.097222915697773749e-01
-8.097220977374229856e-01
-8.097219040023755365e-01
-8.097217103645140135e-01
-8.097215168237134053e-01
-8.097213233798457033e-01
-8.097211300327786798e-01
-8.097209367823777759e-01
-8.097207436285049909e-01
-8.097205505710174389e-01
-8.097203576097700140e-01
-8.097201647446141681e-01
-8.097199719753975788e-01
-8.097197793019644818e-01
-8.097195867241557821e-01
-8.097193942418087209e-01
-8.097192018547569869e-01
-8.097190095628313822e-01
-8.097188173658584898e-01
-8.097186252636615622e-01
-8.097184332560608544e-01
-8.097182413428727354e-01
-8.097180495239097997e-01
-8.097178577989811998e-01
-8.097176661678932019e-01
-8.097174746304476312e-01
-8.097172831864436482e-01
-8.097170918356761948e-01
-8.097169005779367712e-01
-8.097167094130139908e-01
-8.097165183406914712e-01
-8.097163273607510536e-01
-8.097161364729691391e-01
-8.097159456771202413e-01
-8.097157549729743220e-01
-8.097155643602980124e-01
-8.097153738388540578e-01
-8.097151834084026500e-01
-8.097149930686988739e-01
-8.097148028194951497e-01
-8.097146126605401228e-01
-8.097144225915785531e-01
-8.097142326123526468e-01
-8.097140427225993919e-01
-8.097138529220528902e-01
-8.097136632104441345e-01
-8.097134735875000100e-01
-8.097132840529435160e-01
-8.097130946064943213e-01
-8.097129052478687639e-01
-8.097127159767790738e-01
-8.097125267929338177e-01
-8.097123376960385643e-01
-8.097121486857944417e-01
-8.097119597618990250e-01
-8.097117709240473360e-01
-8.097115821719297335e-01
-8.097113935052329126e-01
-8.097112049236405706e-01
-8.097110164268322974e-01
-8.097108280144835746e-01
-8.097106396862677746e-01
-8.097104514418537180e-01
-8.097102632809057843e-01
-8.097100752030863546e-01
-8.097098872080531473e-01
-8.097096992954604389e-01
-8.097095114649591752e-01
-8.097093237161966384e-01
-8.097091360488158918e-01
-8.097089484624573341e-01
-8.097087609567574784e-01
-8.097085735313485078e-01
-8.097083861858601628e-01
-8.097081989199182983e-01
-8.097080117331443283e-01
-8.097078246251574463e-01
-8.097076375955719607e-01
-8.097074506440001818e-01
-8.097072637700492015e-01
-8.097070769733237805e-01
-8.097068902534251267e-01
-8.097067036099496740e-01
-8.097065170424921909e-01
-8.097063305506428943e-01
-8.097061441339883370e-01
-8.097059577921121853e-01
-8.097057715245944420e-01
-8.097055853310113349e-01
-8.097053992109372045e-01
-8.097052131639399519e-01
-8.097050271895874785e-01
-8.097048412874415790e-01
-8.097046554570624943e-01
-8.097044696980062461e-01
-8.097042840098253036e-01
-8.097040983920700263e-01
-8.097039128442856670e-01
-8.097037273660155909e-01
-8.097035419567998327e-01
-8.097033566161736529e-01
-8.097031713436709799e-01
-8.097029861388220784e-01
-8.097028010011526611e-01
-8.097026159301867754e-01
-8.097024309254445829e-01
-8.097022459864435806e-01
-8.097020611126974909e-01
-8.097018763037172606e-01
-8.097016915590109498e-01
-8.097015068780833991e-01
-8.097013222604355631e-01
-8.097011377055672865e-01
-8.097009532129739728e-01
-8.097007687821481392e-01
-8.097005844125795271e-01
-8.097004001037553245e-01
-8.097002158551597217e-01
-8.097000316662729125e-01
-8.096998475365740910e-01
-8.096996634655385661e-01
-8.096994794526389816e-01
-8.096992954973450951e-01
-8.096991115991241106e-01
-8.096989277574404564e-01
-8.096987439717561186e-01
-8.096985602415304184e-01
-8.096983765662194577e-01
-8.096981929452775617e-01
-8.096980093781557253e-01
-8.096978258643033888e-01
-8.096976424031665509e-01
-8.096974589941891010e-01
-8.096972756368129298e-01
-8.096970923304769308e-01
-8.096969090746177766e-01
-8.096967258686699198e-01
-8.096965427120660364e-01
-8.096963596042353606e-01
-8.096961765446060166e-01
-8.096959935326037971e-01
-8.096958105676511641e-01
-8.096956276491701354e-01
-8.096954447765800644e-01
-8.096952619492979730e-01
-8.096950791667391067e-01
-8.096948964283167127e-01
-8.096947137334422617e-01
-8.096945310815247820e-01
-8.096943484719729689e-01
-8.096941659041919648e-01
-8.096939833775861350e-01
-8.096938008915586238e-01
-8.096936184455092445e-01
-8.096934360388380325e-01
-8.096932536709426920e-01
-8.096930713412189284e-01
-8.096928890490615593e-01
-8.096927067938641809e-01
-8.096925245750183908e-01
-8.096923423919148988e-01
-8.096921602439428600e-01
-8.096919781304907637e-01
-8.096917960509449896e-01
-8.096916140046912513e-01
-8.096914319911143743e-01
-8.096912500095979626e-01
-8.096910680595246212e-01
-8.096908861402757340e-01
-8.096907042512325736e-01
-8.096905223917745253e-01
-8.096903405612811966e-01
-8.096901587591307514e-01
-8.096899769847006878e-01
-8.096897952373683927e-01
-8.096896135165102537e-01
-8.096894318215024366e-01
-8.096892501517204410e-01
-8.096890685065388782e-01
-8.096888868853330257e-01
-8.096887052874771618e-01
-8.096885237123458978e-01
-8.096883421593122909e-01
-8.096881606277507304e-01
-8.096879791170353835e-01
-8.096877976265397514e-01
-8.096876161556372242e-01
-8.096874347037019692e-01
-8.096872532701083758e-01
-8.096870718542305001e-01
-8.096868904554426205e-01
-8.096867090731200145e-01
-8.096865277066376265e-01
-8.096863463553717333e-01
-8.096861650186976123e-01
-8.096859836959935386e-01
-8.096858023866353449e-01
-8.096856210900021944e-01
-8.096854398054726953e-01
-8.096852585324268992e-01
-8.096850772702448573e-01
-8.096848960183086197e-01
-8.096847147760002361e-01
-8.096845335427039769e-01
-8.096843523178043345e-01
-8.096841711006873554e-01
-8.096839898907398636e-01
-8.096838086873514584e-01
-8.096836274899114061e-01
-8.096834462978111935e-01
-8.096832651104436396e-01
-8.096830839272041169e-01
-8.096829027474878870e-01
-8.096827215706935421e-01
-8.096825403962208956e-01
-8.096823592234708711e-01
-8.096821780518475009e-01
-8.096819968807562606e-01
-8.096818157096046242e-01
-8.096816345378023971e-01
-8.096814533647614942e-01
-8.096812721898956067e-01
-8.096810910126220895e-01
-8.096809098323588527e-01
-8.096807286485278032e-01
-8.096805474605528463e-01
-8.096803662678603297e-01
-8.096801850698788217e-01
-8.096800038660414423e-01
-8.096798226557817557e-01
-8.096796414385381002e-01
-8.096794602137501462e-01
-8.096792789808618940e-01
-8.096790977393200084e-01
-8.096789164885740409e-01
-8.096787352280769845e-01
-8.096785539572848300e-01
-8.096783726756573429e-01
-8.096781913826582855e-01
-8.096780100777530853e-01
-8.096778287604123880e-01
-8.096776474301096149e-01
-8.096774660863224060e-01
-8.096772847285321761e-01
-8.096771033562232267e-01
-8.096769219688851882e-01
-8.096767405660106887e-01
-8.096765591470966861e-01
-8.096763777116443572e-01
-8.096761962591588757e-01
-8.096760147891499670e-01
-8.096758333011312425e-01
-8.096756517946210874e-01
-8.096754702691423278e-01
-8.096752887242217867e-01
-8.096751071593917271e-01
-8.096749255741886309e-01
-8.096747439681533098e-01
-8.096745623408322379e-01
-8.096743806917762187e-01
-8.096741990205409412e-01
-8.096740173266876450e-01
-8.096738356097816780e-01
-8.096736538693947161e-01
-8.096734721051027650e-01
-8.096732903164874928e-01
-8.096731085031353414e-01
-8.096729266646393031e-01
-8.096727448005968109e-01
-8.096725629106112931e-01
-8.096723809942918404e-01
-8.096721990512524281e-01
-8.096720170811144701e-01
-8.096718350835028222e-01
-8.096716530580504445e-01
-8.096714710043951824e-01
-8.096712889221808762e-01
-8.096711068110573617e-01
-8.096709246706810248e-01
-8.096707425007135805e-01
-8.096705603008247376e-01
-8.096703780706884235e-01
-8.096701958099864482e-01
-8.096700135184059510e-01
-8.096698311956419536e-01
-8.096696488413943626e-01
-8.096694664553713006e-01
-8.096692840372864408e-01
-8.096691015868605623e-01
-8.096689191038215494e-01
-8.096687365879035037e-01
-8.096685540388487423e-01
-8.096683714564045786e-01
-8.096681888403268745e-01
-8.096680061903782644e-01
-8.096678235063282658e-01
-8.096676407879540571e-01
-8.096674580350395889e-01
-8.096672752473763612e-01
-8.096670924247629797e-01
-8.096669095670064875e-01
-8.096667266739201452e-01
-8.096665437453254288e-01
-8.096663607810518082e-01
-8.096661777809345262e-01
-8.096659947448190398e-01
-8.096658116725573562e-01
-8.096656285640092543e-01
-8.096654454190419514e-01
-8.096652622375319908e-01
-8.096650790193625769e-01
-8.096648957644249078e-01
-8.096647124726193967e-01
-8.096645291438535619e-01
-8.096643457780433595e-01
-8.096641623751131833e-01
-8.096639789349950878e-01
-8.096637954576297869e-01
-8.096636119429673206e-01
-8.096634283909642793e-01
-8.096632448015864680e-01
-8.096630611748086848e-01
-8.096628775106141651e-01
-8.096626938089941383e-01
-8.096625100699486044e-01
-8.096623262934861120e-01
-8.096621424796248689e-01
-8.096619586283905212e-01
-8.096617747398184850e-01
-8.096615908139520590e-01
-8.096614068508439788e-01
-8.096612228505566389e-01
-8.096610388131594283e-01
-8.096608547387330601e-01
-8.096606706273649090e-01
-8.096604864791528966e-01
-8.096603022942036043e-01
-8.096601180726328284e-01
-8.096599338145655800e-01
-8.096597495201355299e-01
-8.096595651894868961e-01
-8.096593808227712241e-01
-8.096591964201503844e-01
-8.096590119817962394e-01
-8.096588275078883123e-01
-8.096586429986170064e-01
-8.096584584541814955e-01
-8.096582738747902797e-01
-8.096580892606618507e-01
-8.096579046120230272e-01
-8.096577199291120630e-01
-8.096575352121746505e-01
-8.096573504614674732e-01
-8.096571656772560965e-01
-8.096569808598157447e-01
-8.096567960094320782e-01
-8.096566111263991949e-01
-8.096564262110216292e-01
-8.096562412636133521e-01
-8.096560562844984377e-01
-8.096558712740105079e-01
-8.096556862324922887e-01
-8.096555011602969421e-01
-8.096553160577873998e-01
-8.096551309253368078e-01
-8.096549457633268609e-01
-8.096547605721503560e-01
-8.096545753522091937e-01
-8.096543901039155999e-01
-8.096542048276910153e-01
-8.096540195239682047e-01
-8.096538341931884819e-01
-8.096536488358030415e-01
-8.096534634522744023e-01
-8.096532780430729659e-01
-8.096530926086810132e-01
-8.096529071495902619e-01
-8.096527216663009785e-01
-8.096525361593255310e-01
-8.096523506291851691e-01
-8.096521650764114675e-01
-8.096519795015446608e-01
-8.096517939051373070e-01
-8.096516082877507348e-01
-8.096514226499559319e-01
-8.096512369923343222e-01
-8.096510513154770994e-01
-8.096508656199868925e-01
-8.096506799064736581e-01
-8.096504941755595652e-01
-8.096503084278761087e-01
-8.096501226640649973e-01
-8.096499368847774880e-01
-8.096497510906752737e-01
-8.096495652824295952e-01
-8.096493794607221295e-01
-8.096491936262448785e-01
-8.096490077796991702e-01
-8.096488219217965465e-01
-8.096486360532584303e-01
-8.096484501748164586e-01
-8.096482642872122604e-01
-8.096480783911971235e-01
-8.096478924875326610e-01
-8.096477065769900339e-01
-8.096475206603508390e-01
-8.096473347384062214e-01
-8.096471488119568738e-01
-8.096469628818148134e-01
-8.096467769488000510e-01
-8.096465910137442545e-01
-8.096464050774873078e-01
-8.096462191408805298e-01
-8.096460332047837882e-01
-8.096458472700674980e-01
-8.096456613376119549e-01
-8.096454754083066696e-01
-8.096452894830512559e-01
-8.096451035627550974e-01
-8.096449176483370147e-01
-8.096447317407264865e-01
-8.096445458408614293e-01
-8.096443599496901955e-01
-8.096441740681706856e-01
-8.096439881972704589e-01
-8.096438023379662896e-01
-8.096436164912450550e-01
-8.096434306581030693e-01
-8.096432448395463055e-01
-8.096430590365899516e-01
-8.096428732502582992e-01
-8.096426874815868535e-01
-8.096425017316178918e-01
-8.096423160014060150e-01
-8.096421302920125962e-01
-8.096419446045104440e-01
-8.096417589399804715e-01
-8.096415732995132508e-01
-8.096413876842091240e-01
-8.096412020951765376e-01
-8.096410165335340414e-01
-8.096408310004095110e-01
-8.096406454969392597e-01
-8.096404600242693705e-01
-8.096402745835549197e-01
-8.096400891759595320e-01
-8.096399038026566020e-01
-8.096397184648281842e-01
-8.096395331636651038e-01
-8.096393479003672899e-01
-8.096391626761438864e-01
-8.096389774922122529e-01
-8.096387923497992967e-01
-8.096386072501402520e-01
-8.096384221944791237e-01
-8.096382371840684655e-01
-8.096380522201704899e-01
-8.096378673040547369e-01
-8.096376824369997394e-01
-8.096374976202936891e-01
-8.096373128552314391e-01
-8.096371281431178346e-01
-8.096369434852658253e-01
-8.096367588829957995e-01
-8.096365743376382484e-01
-8.096363898505299916e-01
-8.096362054230178407e-01
-8.096360210564556015e-01
-8.096358367522064059e-01
-8.096356525116403802e-01
-8.096354683361367544e-01
-8.096352842270820860e-01
-8.096351001858712593e-01
-8.096349162139073741e-01
-8.096347323126005247e-01
-8.096345484833697981e-01
-8.096343647276417199e-01
-8.096341810468506983e-01
-8.096339974424379138e-01
-8.096338139158534286e-01
-8.096336304685545215e-01
-8.096334471020064649e-01
-8.096332638176809704e-01
-8.096330806170586314e-01
-8.096328975016259255e-01
-8.096327144728786562e-01
-8.096325315323180671e-01
-8.096323486814539505e-01
-8.096321659218026490e-01
-8.096319832548883877e-01
-8.096318006822417201e-01
-8.096316182054008603e-01
-8.096314358259106836e-01
-8.096312535453231707e-01
-8.096310713651972968e-01
-8.096308892870991425e-01
-8.096307073126008946e-01
-8.096305254432820675e-01
-8.096303436807289478e-01
-8.096301620265340393e-01
-8.096299804822970625e-01
-8.096297990496233998e-01
-8.096296177301249841e-01
-8.096294365254215197e-01
-8.096292554371378181e-01
-8.096290744669050188e-01
-8.096288936163609229e-01
-8.096287128871493266e-01
-8.096285322809203544e-01
-8.096283517993301260e-01
-8.096281714440409782e-01
-8.096279912167200221e-01
-8.096278111190419180e-01
-8.096276311526858782e-01
-8.096274513193379985e-01
-8.096272716206894815e-01
-8.096270920584369701e-01
-8.096269126342828804e-01
-8.096267333499351793e-01
-8.096265542071077181e-01
-8.096263752075191222e-01
-8.096261963528934569e-01
-8.096260176449605606e-01
-8.096258390854548237e-01
-8.096256606761161878e-01
-8.096254824186894794e-01
-8.096253043149248541e-01
-8.096251263665772413e-01
-8.096249485754060116e-01
-8.096247709431760864e-01
-8.096245934716568282e-01
-8.096244161626219293e-01
-8.096242390178509662e-01
-8.096240620391265130e-01
-8.096238852282358067e-01
-8.096237085869720795e-01
-8.096235321171315613e-01
-8.096233558205147007e-01
-8.096231796989268314e-01
-8.096230037541768398e-01
-8.096228279880784973e-01
-8.096226524024487947e-01
-8.096224769991090531e-01
-8.096223017798840349e-01
-8.096221267466033877e-01
-8.096219519010990906e-01
-8.096217772452081185e-01
-8.096216027807698890e-01
-8.096214285096281493e-01
-8.096212544336298667e-01
-8.096210805546255607e-01
-8.096209068744686377e-01
-8.096207333950156126e-01
-8.096205601181272193e-01
-8.096203870456663010e-01
-8.096202141794992535e-01
-8.096200415214946933e-01
-8.096198690735256775e-01
-8.096196968374662628e-01
-8.096195248151939472e-01
-8.096193530085900036e-01
-8.096191814195360381e-01
-8.096190100499179865e-01
-8.096188389016242271e-01
-8.096186679765440264e-01
-8.096184972765705368e-01
-8.096183268035982428e-01
-8.096181565595242935e-01
-8.096179865462472813e-01
-8.096178167656684632e-01
-8.096176472196906504e-01
-8.096174779102186525e-01
-8.096173088391582784e-01
-8.096171400084187786e-01
-8.096169714199097367e-01
-8.096168030755424017e-01
-8.096166349772294657e-01
-8.096164671268851754e-01
-8.096162995264256645e-01
-8.096161321777670672e-01
-8.096159650828282928e-01
-8.096157982435276956e-01
-8.096156316617855175e-01
-8.096154653395228884e-01
-8.096152992786616043e-01
-8.096151334811246825e-01
-8.096149679488353623e-01
-8.096148026837176603e-01
-8.096146376876960371e-01
-8.096144729626959524e-01
-8.096143085106428661e-01
-8.096141443334621268e-01
-8.096139804330803047e-01
-8.096138168114230815e-01
-8.096136534704172494e-01
-8.096134904119887121e-01
-8.096133276380640398e-01
-8.096131651505693583e-01
-8.096130029514305715e-01
-8.096128410425730282e-01
-8.096126794259219661e-01
-8.096125181034026230e-01
-8.096123570769385713e-01
-8.096121963484540496e-01
-8.096120359198714089e-01
-8.096118757931134446e-01
-8.096117159701010646e-01
-8.096115564527549546e-01
-8.096113972429942462e-01
-8.096112383427374048e-01
-8.096110797539018966e-01
-8.096109214784031893e-01
-8.096107635181563067e-01
-8.096106058750742740e-01
-8.096104485510690063e-01
-8.096102915480511975e-01
-8.096101348679285437e-01
-8.096099785126089632e-01
-8.096098224839969326e-01
-8.096096667839964844e-01
-8.096095114145086535e-01
-8.096093563774324764e-01
-8.096092016746657682e-01
-8.096090473081034578e-01
-8.096088932796386972e-01
-8.096087395911624185e-01
-8.096085862445622228e-01
-8.096084332417238238e-01
-8.096082805845312702e-01
-8.096081282748648356e-01
-8.096079763146022401e-01
-8.096078247056190946e-01
-8.096076734497873462e-01
-8.096075225489770544e-01
-8.096073720050538380e-01
-8.096072218198815396e-01
-8.096070719953207817e-01
-8.096069225332281905e-01
-8.096067734354576162e-01
-8.096066247038598007e-01
-8.096064763402814890e-01
-8.096063283465658733e-01
-8.096061807245535924e-01
-8.096060334760804000e-01
-8.096058866029790524e-01
-8.096057401070781978e-01
-8.096055939902025989e-01
-8.096054482541736874e-01
-8.096053029008077884e-01
-8.096051579319186731e-01
-8.096050133493142287e-01
-8.096048691547994558e-01
-8.096047253501744700e-01
-8.096045819372349461e-01
-8.096044389177726730e-01
-8.096042962935745546e-01
-8.096041540664229430e-01
-8.096040122380954163e-01
-8.096038708103654447e-01
-8.096037297850010583e-01
-8.096035891637656245e-01
-8.096034489484179586e-01
-8.096033091407113247e-01
-8.096031697423946571e-01
-8.096030307552116723e-01
-8.096028921808999801e-01
-8.096027540211936380e-01
-8.096026162778192647e-01
-8.096024789525001486e-01
-8.096023420469530274e-01
-8.096022055628896430e-01
-8.096020695020156310e-01
-8.096019338660320752e-01
-8.096017986566330649e-01
-8.096016638755080264e-01
-8.096015295243398358e-01
-8.096013956048062621e-01
-8.096012621185786351e-01
-8.096011290673224003e-01
-8.096009964526970082e-01
-8.096008642763560248e-01
-8.096007325399470211e-01
-8.096006012451102407e-01
-8.096004703934812641e-01
-8.096003399866885664e-01
-8.096002100263536283e-01
-8.096000805140930456e-01
-8.095999514515150874e-01
-8.095998228402238039e-01
-8.095996946818142526e-01
-8.095995669778760506e-01
-8.095994397299928202e-01
-8.095993129397398569e-01
-8.095991866086873490e-01
-8.095990607383967141e-01
-8.095989353304243741e-01
-8.095988103863186458e-01
-8.095986859076209630e-01
-8.095985618958663199e-01
-8.095984383525821615e-01
-8.095983152792889381e-01
-8.095981926774995507e-01
-8.095980705487205720e-01
-8.095979488944504698e-01
-8.095978277161807179e-01
-8.095977070153957955e-01
-8.095975867935716330e-01
-8.095974670521782768e-01
-8.095973477926766693e-01
-8.095972290165215357e-01
-8.095971107251597187e-01
-8.095969929200300674e-01
-8.095968756025639923e-01
-8.095967587741853544e-01
-8.095966424363102432e-01
-8.095965265903463104e-01
-8.095964112376948796e-01
-8.095962963797478373e-01
-8.095961820178906310e-01
-8.095960681534998260e-01
-8.095959547879438833e-01
-8.095958419225843805e-01
-8.095957295587736802e-01
-8.095956176978572616e-01
-8.095955063411719443e-01
-8.095953954900454441e-01
-8.095952851457995925e-01
-8.095951753097460069e-01
-8.095950659831887553e-01
-8.095949571674246892e-01
-8.095948488637403351e-01
-8.095947410734167793e-01
-8.095946337977236729e-01
-8.095945270379243386e-01
-8.095944207952733285e-01
-8.095943150710165348e-01
-8.095942098663918562e-01
-8.095941051826283097e-01
-8.095940010209466964e-01
-8.095938973825594909e-01
-8.095937942686701749e-01
-8.095936916804740147e-01
-8.095935896191583936e-01
-8.095934880859007032e-01
-8.095933870818706746e-01
-8.095932866082297119e-01
-8.095931866661291165e-01
-8.095930872567139724e-01
-8.095929883811185945e-01
-8.095928900404696371e-01
-8.095927922358848727e-01
-8.095926949684726370e-01
-8.095925982393340492e-01
-8.095925020495601254e-01
-8.095924064002342213e-01
-8.095923112924300336e-01
-8.095922167272128211e-01
-8.095921227056394054e-01
-8.095920292287572817e-01
-8.095919362976053968e-01
-8.095918439132142597e-01
-8.095917520766043873e-01
-8.095916607887891914e-01
-8.095915700507716473e-01
-8.095914798635471810e-01
-8.095913902281007823e-01
-8.095913011454105579e-01
-8.095912126164440670e-01
-8.095911246421607643e-01
-8.095910372235118890e-01
-8.095909503614383551e-01
-8.095908640568724168e-01
-8.095907783107394451e-01
-8.095906931239534865e-01
-8.095906084974200390e-01
-8.095905244320374949e-01
-8.095904409286936998e-01
-8.095903579882680612e-01
-8.095902756116311050e-01
-8.095901937996445863e-01
-8.095901125531616005e-01
-8.095900318730250289e-01
-8.095899517600710915e-01
-8.095898722151249061e-01
-8.095897932390044849e-01
-8.095897148325177373e-01
-8.095896369964642458e-01
-8.095895597316349335e-01
-8.095894830388113972e-01
-8.095894069187663522e-01
-8.095893313722642981e-01
-8.095892564000602976e-01
-8.095891820029008645e-01
-8.095891081815232981e-01
-8.095890349366569039e-01
-8.095889622690211063e-01
-8.095888901793270032e-01
-8.095888186682773657e-01
-8.095887477365657503e-01
-8.095886773848767204e-01
-8.095886076138865128e-01
-8.095885384242622607e-01
-8.095884698166622151e-01
-8.095884017917367448e-01
-8.095883343501267815e-01
-8.095882674924647082e-01
-8.095882012193738042e-01
-8.095881355314695771e-01
-8.095880704293583197e-01
-8.095880059136376650e-01
-8.095879419848962533e-01
-8.095878786437150643e-01
-8.095878158906654187e-01
-8.095877537263108659e-01
-8.095876921512059621e-01
-8.095876311658969371e-01
-8.095875707709205837e-01
-8.095875109668064784e-01
-8.095874517540748716e-01
-8.095873931332375761e-01
-8.095873351047981892e-01
-8.095872776692520922e-01
-8.095872208270850079e-01
-8.095871645787757753e-01
-8.095871089247934638e-01
-8.095870538655998150e-01
-8.095869994016470228e-01
-8.095869455333803977e-01
-8.095868922612357022e-01
-8.095868395856412603e-01
-8.095867875070160702e-01
-8.095867360257719136e-01
-8.095866851423114685e-01
-8.095866348570294191e-01
-8.095865851703129001e-01
-8.095865360825392765e-01
-8.095864875940799177e-01
-8.095864397052957573e-01
-8.095863924165417336e-01
-8.095863457281623488e-01
-8.095862996404958878e-01
-8.095862541538720869e-01
-8.095862092686120226e-01
-8.095861649850296660e-01
-8.095861213034299952e-01
-8.095860782241107723e-01
-8.095860357473615432e-01
-8.095859938734630834e-01
-8.095859526026900621e-01
-8.095859119353080446e-01
-8.095858718715743807e-01
-8.095858324117390925e-01
-8.095857935560447638e-01
-8.095857553047254296e-01
-8.095857176580076864e-01
-8.095856806161105812e-01
-8.095856441792450564e-01
-8.095856083476138387e-01
-8.095855731214135487e-01
-8.095855385008318139e-01
-8.095855044860483796e-01
-8.095854710772368845e-01
-8.095854382745617528e-01
-8.095854060781805250e-01
-8.095853744882435254e-01
-8.095853435048933067e-01
-8.095853131282643167e-01
-8.095852833584842312e-01
-8.095852541956730652e-01
-8.095852256399433955e-01
-8.095851976914002490e-01
-8.095851703501414365e-01
-8.095851436162576631e-01
-8.095851174898317515e-01
-8.095850919709391968e-01
-8.095850670596491661e-01
-8.095850427560219442e-01
-8.095850190601125984e-01
-8.095849959719668698e-01
-8.095849734916249485e-01
-8.095849516191188089e-01
-8.095849303544742082e-01
-8.095849096977083548e-01
-8.095848896488330171e-01
-8.095848702078521919e-01
-8.095848513747627706e-01
-8.095848331495536510e-01
-8.095848155322091788e-01
-8.095847985227040411e-01
-8.095847821210077067e-01
-8.095847663270827610e-01
-8.095847511408833519e-01
-8.095847365623577430e-01
-8.095847225914477585e-01
-8.095847092280877844e-01
-8.095846964722054340e-01
-8.095846843237218815e-01
-8.095846727825509737e-01
-8.095846618486004509e-01
-8.095846515217703931e-01
-8.095846418019556623e-01
-8.095846326890433486e-01
-8.095846241829139922e-01
-8.095846162834413606e-01
-8.095846089904933374e-01
-8.095846023039309225e-01
-8.095845962236077886e-01
-8.095845907493723903e-01
-8.095845858810656326e-01
-8.095845816185226473e-01
-8.095845779615713500e-01
-8.095845749100338828e-01
-8.095845724637258378e-01
-8.095845706224559235e-01
-8.095845693860272974e-01
-8.095845687542356783e-01
