-7.718884213635827107e-01
-7.718884190475620022e-01
-7.718884139309878378e-01
-7.718884060068095243e-01
-7.718883952680938298e-01
-7.718883817080259835e-01
-7.718883653199105632e-01
-7.718883460971697197e-01
-7.718883240333450635e-01
-7.718882991220984424e-01
-7.718882713572116083e-01
-7.718882407325866613e-01
-7.718882072422461604e-01
-7.718881708803343455e-01
-7.718881316411166926e-01
-7.718880895189806912e-01
-7.718880445084357333e-01
-7.718879966041140017e-01
-7.718879458007710248e-01
-7.718878920932850107e-01
-7.718878354766581795e-01
-7.718877759460170962e-01
-7.718877134966118936e-01
-7.718876481238178267e-01
-7.718875798231353835e-01
-7.718875085901895083e-01
-7.718874344207324878e-01
-7.718873573106409536e-01
-7.718872772559188800e-01
-7.718871942526963625e-01
-7.718871082972311726e-01
-7.718870193859075357e-01
-7.718869275152377973e-01
-7.718868326818627557e-01
-7.718867348825503294e-01
-7.718866341141978893e-01
-7.718865303738310368e-01
-7.718864236586048255e-01
-7.718863139658036499e-01
-7.718862012928421334e-01
-7.718860856372642409e-01
-7.718859669967446102e-01
-7.718858453690879973e-01
-7.718857207522309416e-01
-7.718855931442404339e-01
-7.718854625433144712e-01
-7.718853289477841662e-01
-7.718851923561113049e-01
-7.718850527668904560e-01
-7.718849101788483047e-01
-7.718847645908445410e-01
-7.718846160018714153e-01
-7.718844644110552933e-01
-7.718843098176548789e-01
-7.718841522210635464e-01
-7.718839916208081187e-01
-7.718838280165497556e-01
-7.718836614080833991e-01
-7.718834917953398822e-01
-7.718833191783835979e-01
-7.718831435574146083e-01
-7.718829649327685338e-01
-7.718827833049158871e-01
-7.718825986744630718e-01
-7.718824110421530493e-01
-7.718822204088637839e-01
-7.718820267756097975e-01
-7.718818301435429463e-01
-7.718816305139503120e-01
-7.718814278882578650e-01
-7.718812222680261348e-01
-7.718810136549548728e-01
-7.718808020508801659e-01
-7.718805874577757686e-01
-7.718803698777536582e-01
-7.718801493130630353e-01
-7.718799257660912128e-01
-7.718796992393640588e-01
-7.718794697355452206e-01
-7.718792372574369010e-01
-7.718790018079804138e-01
-7.718787633902555179e-01
-7.718785220074799724e-01
-7.718782776630119802e-01
-7.718780303603469672e-01
-7.718777801031215802e-01
-7.718775268951107993e-01
-7.718772707402279387e-01
-7.718770116425276440e-01
-7.718767496062036715e-01
-7.718764846355883336e-01
-7.718762167351551629e-01
-7.718759459095164699e-01
-7.718756721634250084e-01
-7.718753955017735313e-01
-7.718751159295949016e-01
-7.718748334520614263e-01
-7.718745480744865217e-01
-7.718742598023233814e-01
-7.718739686411651979e-01
-7.718736745967461621e-01
-7.718733776749403530e-01
-7.718730778817619598e-01
-7.718727752233665029e-01
-7.718724697060486140e-01
-7.718721613362444778e-01
-7.718718501205298343e-01
-7.718715360656225322e-01
-7.718712191783785315e-01
-7.718708994657960121e-01
-7.718705769350124868e-01
-7.718702515933065778e-01
-7.718699234480970173e-01
-7.718695925069434249e-01
-7.718692587775445313e-01
-7.718689222677406203e-01
-7.718685829855115310e-01
-7.718682409389772126e-01
-7.718678961363980573e-01
-7.718675485861750118e-01
-7.718671982968480227e-01
-7.718668452770969246e-01
-7.718664895357426614e-01
-7.718661310817448440e-01
-7.718657699242029713e-01
-7.718654060723563193e-01
-7.718650395355831639e-01
-7.718646703234020023e-01
-7.718642984454695544e-01
-7.718639239115826500e-01
-7.718635467316762311e-01
-7.718631669158246833e-01
-7.718627844742406152e-01
-7.718623994172755243e-01
-7.718620117554197968e-01
-7.718616214993008207e-01
-7.718612286596855387e-01
-7.718608332474774514e-01
-7.718604352737187257e-01
-7.718600347495888636e-01
-7.718596316864043683e-01
-7.718592260956196327e-01
-7.718588179888252743e-01
-7.718584073777486898e-01
-7.718579942742548328e-01
-7.718575786903435487e-01
-7.718571606381511296e-01
-7.718567401299517572e-01
-7.718563171781513965e-01
-7.718558917952944576e-01
-7.718554639940593542e-01
-7.718550337872586153e-01
-7.718546011878414381e-01
-7.718541662088886923e-01
-7.718537288636170279e-01
-7.718532891653763217e-01
-7.718528471276492331e-01
-7.718524027640528695e-01
-7.718519560883357888e-01
-7.718515071143797757e-01
-7.718510558561980650e-01
-7.718506023279370076e-01
-7.718501465438728504e-01
-7.718496885184139567e-01
-7.718492282660983639e-01
-7.718487658015964481e-01
-7.718483011397070381e-01
-7.718478342953588589e-01
-7.718473652836104204e-01
-7.718468941196484634e-01
-7.718464208187885145e-01
-7.718459453964748862e-01
-7.718454678682781234e-01
-7.718449882498970016e-01
-7.718445065571569730e-01
-7.718440228060098329e-01
-7.718435370125331652e-01
-7.718430491929303416e-01
-7.718425593635295234e-01
-7.718420675407836606e-01
-7.718415737412698263e-01
-7.718410779816882172e-01
-7.718405802788633752e-01
-7.718400806497408562e-01
-7.718395791113895621e-01
-7.718390756809997422e-01
-7.718385703758826599e-01
-7.718380632134703712e-01
-7.718375542113155019e-01
-7.718370433870889169e-01
-7.718365307585819401e-01
-7.718360163437028021e-01
-7.718355001604794152e-01
-7.718349822270558214e-01
-7.718344625616927468e-01
-7.718339411827683794e-01
-7.718334181087752599e-01
-7.718328933583210594e-01
-7.718323669501279127e-01
-7.718318389030328630e-01
-7.718313092359845307e-01
-7.718307779680451119e-01
-7.718302451183880475e-01
-7.718297107062985773e-01
-7.718291747511722978e-01
-7.718286372725150501e-01
-7.718280982899420328e-01
-7.718275578231764689e-01
-7.718270158920506052e-01
-7.718264725165033813e-01
-7.718259277165793186e-01
-7.718253815124312966e-01
-7.718248339243153344e-01
-7.718242849725928112e-01
-7.718237346777288010e-01
-7.718231830602914068e-01
-7.718226301409510937e-01
-7.718220759404795794e-01
-7.718215204797501672e-01
-7.718209637797355249e-01
-7.718204058615080188e-01
-7.718198467462383805e-01
-7.718192864551954857e-01
-7.718187250097451324e-01
-7.718181624313489309e-01
-7.718175987415648587e-01
-7.718170339620439302e-01
-7.718164681145327499e-01
-7.718159012208698488e-01
-7.718153333029863505e-01
-7.718147643829046389e-01
-7.718141944827378031e-01
-7.718136236246884163e-01
-7.718130518310478694e-01
-7.718124791241957050e-01
-7.718119055265985073e-01
-7.718113310608093469e-01
-7.718107557494663373e-01
-7.718101796152920802e-01
-7.718096026810935539e-01
-7.718090249697595606e-01
-7.718084465042612807e-01
-7.718078673076503859e-01
-7.718072874030595942e-01
-7.718067068136993392e-01
-7.718061255628591022e-01
-7.718055436739056363e-01
-7.718049611702815227e-01
-7.718043780755053929e-01
-7.718037944131697081e-01
-7.718032102069406486e-01
-7.718026254805576691e-01
-7.718020402578302797e-01
-7.718014545626401546e-01
-7.718008684189372470e-01
-7.718002818507412321e-01
-7.717996948821391756e-01
-7.717991075372845344e-01
-7.717985198403960467e-01
-7.717979318157588420e-01
-7.717973434877195560e-01
-7.717967548806892175e-01
-7.717961660191395845e-01
-7.717955769276035882e-01
-7.717949876306732238e-01
-7.717943981529988839e-01
-7.717938085192896924e-01
-7.717932187543106171e-01
-7.717926288828809156e-01
-7.717920389298762451e-01
-7.717914489202247763e-01
-7.717908588789067492e-01
-7.717902688309539183e-01
-7.717896788014477760e-01
-7.717890888155191087e-01
-7.717884988983471084e-01
-7.717879090751580407e-01
-7.717873193712231350e-01
-7.717867298118593622e-01
-7.717861404224263255e-01
-7.717855512283273711e-01
-7.717849622550060351e-01
-7.717843735279474870e-01
-7.717837850726754212e-01
-7.717831969147519455e-01
-7.717826090797756944e-01
-7.717820215933823835e-01
-7.717814344812417016e-01
-7.717808477690568658e-01
-7.717802614825638452e-01
-7.717796756475304720e-01
-7.717790902897543326e-01
-7.717785054350623231e-01
-7.717779211093088731e-01
-7.717773373383767233e-01
-7.717767541481725946e-01
-7.717761715646291876e-01
-7.717755896137014071e-01
-7.717750083213672507e-01
-7.717744277136253661e-01
-7.717738478164948290e-01
-7.717732686560134781e-01
-7.717726902582359161e-01
-7.717721126492339545e-01
-7.717715358550948368e-01
-7.717709599019190181e-01
-7.717703848158213864e-01
-7.717698106229269328e-01
-7.717692373493728608e-01
-7.717686650213042565e-01
-7.717680936648751988e-01
-7.717675233062469831e-01
-7.717669539715866778e-01
-7.717663856870655703e-01
-7.717658184788591669e-01
-7.717652523731445280e-01
-7.717646873961006015e-01
-7.717641235739054473e-01
-7.717635609327365698e-01
-7.717629994987689201e-01
-7.717624392981736747e-01
-7.717618803571166808e-01
-7.717613227017582345e-01
-7.717607663582519706e-01
-7.717602113527424201e-01
-7.717596577113637890e-01
-7.717591054602407352e-01
-7.717585546254858153e-01
-7.717580052331973750e-01
-7.717574573094601043e-01
-7.717569108803433720e-01
-7.717563659718986724e-01
-7.717558226101601804e-01
-7.717552808211431969e-01
-7.717547406308417068e-01
-7.717542020652286006e-01
-7.717536651502540090e-01
-7.717531299118441934e-01
-7.717525963758998797e-01
-7.717520645682948155e-01
-7.717515345148762140e-01
-7.717510062414628669e-01
-7.717504797738411471e-01
-7.717499551377693390e-01
-7.717494323589710881e-01
-7.717489114631373992e-01
-7.717483924759241942e-01
-7.717478754229515348e-01
-7.717473603298024010e-01
-7.717468472220216924e-01
-7.717463361251137854e-01
-7.717458270645428664e-01
-7.717453200657322654e-01
-7.717448151540603485e-01
-7.717443123548622941e-01
-7.717438116934277614e-01
-7.717433131949992253e-01
-7.717428168847715320e-01
-7.717423227878918990e-01
-7.717418309294543644e-01
-7.717413413345046713e-01
-7.717408540280341622e-01
-7.717403690349808887e-01
-7.717398863802292786e-01
-7.717394060886050289e-01
-7.717389281848792137e-01
-7.717384526937637323e-01
-7.717379796399099767e-01
-7.717375090479096089e-01
-7.717370409422928956e-01
-7.717365753475260437e-01
-7.717361122880121993e-01
-7.717356517880876732e-01
-7.717351938720240501e-01
-7.717347385640244140e-01
-7.717342858882230150e-01
-7.717338358686849364e-01
-7.717333885294038742e-01
-7.717329438943012487e-01
-7.717325019872253167e-01
-7.717320628319507270e-01
-7.717316264521751901e-01
-7.717311928715213654e-01
-7.717307621135324203e-01
-7.717303342016750278e-01
-7.717299091593338156e-01
-7.717294870098134751e-01
-7.717290677763357643e-01
-7.717286514820402843e-01
-7.717282381499815935e-01
-7.717278278031288741e-01
-7.717274204643641555e-01
-7.717270161564842024e-01
-7.717266149021939636e-01
-7.717262167241112358e-01
-7.717258216447613339e-01
-7.717254296865782015e-01
-7.717250408719035226e-01
-7.717246552229837242e-01
-7.717242727619716414e-01
-7.717238935109219655e-01
-7.717235174917944640e-01
-7.717231447264496502e-01
-7.717227752366484506e-01
-7.717224090440519824e-01
-7.717220461702198886e-01
-7.717216866366105599e-01
-7.717213304645768046e-01
-7.717209776753691797e-01
-7.717206282901316605e-01
-7.717202823299023073e-01
-7.717199398156123769e-01
-7.717196007680836578e-01
-7.717192652080293591e-01
-7.717189331560515564e-01
-7.717186046326421911e-01
-7.717182796581798510e-01
-7.717179582529303250e-01
-7.717176404370458265e-01
-7.717173262305617731e-01
-7.717170156533987857e-01
-7.717167087253601343e-01
-7.717164054661308503e-01
-7.717161058952765051e-01
-7.717158100322442094e-01
-7.717155178963590600e-01
-7.717152295068241408e-01
-7.717149448827210767e-01
-7.717146640430074811e-01
-7.717143870065155120e-01
-7.717141137919533156e-01
-7.717138444179021395e-01
-7.717135789028166659e-01
-7.717133172650216810e-01
-7.717130595227158496e-01
-7.717128056939658309e-01
-7.717125557967088323e-01
-7.717123098487500554e-01
-7.717120678677623635e-01
-7.717118298712857261e-01
-7.717115958767256645e-01
-7.717113659013533633e-01
-7.717111399623044488e-01
-7.717109180765771015e-01
-7.717107002610331667e-01
-7.717104865323958229e-01
-7.717102769072496926e-01
-7.717100714020393992e-01
-7.717098700330687899e-01
-7.717096728165016017e-01
-7.717094797683587970e-01
-7.717092909045180082e-01
-7.717091062407143154e-01
-7.717089257925375811e-01
-7.717087495754333393e-01
-7.717085776047009071e-01
-7.717084098954937188e-01
-7.717082464628168825e-01
-7.717080873215281800e-01
-7.717079324863370671e-01
-7.717077819718033416e-01
-7.717076357923360330e-01
-7.717074939621944019e-01
-7.717073564954858300e-01
-7.717072234061660430e-01
-7.717070947080373333e-01
-7.717069704147486719e-01
-7.717068505397955969e-01
-7.717067350965184369e-01
-7.717066240981016456e-01
-7.717065175575752445e-01
-7.717064154878108262e-01
-7.717063179015239971e-01
-7.717062248112722678e-01
-7.717061362294548310e-01
-7.717060521683113405e-01
-7.717059726399225772e-01
-7.717058976562084505e-01
-7.717058272289291088e-01
-7.717057613696822749e-01
-7.717057000899051333e-01
-7.717056434008709997e-01
-7.717055913136915413e-01
-7.717055438393150002e-01
-7.717055009885244177e-01
-7.717054627719399651e-01
-7.717054292000159466e-01
-7.717054002830410209e-01
-7.717053760311387567e-01
-7.717053564542659672e-01
-7.717053415622123769e-01
-7.717053313646003998e-01
-7.717053258708851393e-01
