-3.504610155553971484e+00
-3.504610155239052283e+00
-3.504610154530313881e+00
-3.504610153426240160e+00
-3.504610151925259043e+00
-3.504610150025747828e+00
-3.504610147726024749e+00
-3.504610145024356527e+00
-3.504610141918953037e+00
-3.504610138407973530e+00
-3.504610134489525297e+00
-3.504610130161658343e+00
-3.504610125422375155e+00
-3.504610120269624041e+00
-3.504610114701300461e+00
-3.504610108715254135e+00
-3.504610102309277497e+00
-3.504610095481118570e+00
-3.504610088228471643e+00
-3.504610080548983042e+00
-3.504610072440249802e+00
-3.504610063899820105e+00
-3.504610054925196838e+00
-3.504610045513827821e+00
-3.504610035663121792e+00
-3.504610025370436865e+00
-3.504610014633081416e+00
-3.504610003448324296e+00
-3.504609991813382841e+00
-3.504609979725434421e+00
-3.504609967181603558e+00
-3.504609954178977915e+00
-3.504609940714598082e+00
-3.504609926785459351e+00
-3.504609912388517046e+00
-3.504609897520678974e+00
-3.504609882178816083e+00
-3.504609866359754022e+00
-3.504609850060275811e+00
-3.504609833277126274e+00
-3.504609816007006273e+00
-3.504609798246578034e+00
-3.504609779992464258e+00
-3.504609761241247234e+00
-3.504609741989469285e+00
-3.504609722233635871e+00
-3.504609701970213376e+00
-3.504609681195629101e+00
-3.504609659906275709e+00
-3.504609638098505453e+00
-3.504609615768635500e+00
-3.504609592912947935e+00
-3.504609569527687096e+00
-3.504609545609063570e+00
-3.504609521153253748e+00
-3.504609496156394943e+00
-3.504609470614597377e+00
-3.504609444523930861e+00
-3.504609417880436339e+00
-3.504609390680121450e+00
-3.504609362918959192e+00
-3.504609334592895031e+00
-3.504609305697837129e+00
-3.504609276229666559e+00
-3.504609246184235083e+00
-3.504609215557358937e+00
-3.504609184344828599e+00
-3.504609152542405681e+00
-3.504609120145820267e+00
-3.504609087150776237e+00
-3.504609053552947717e+00
-3.504609019347983079e+00
-3.504608984531501381e+00
-3.504608949099096815e+00
-3.504608913046337371e+00
-3.504608876368763060e+00
-3.504608839061891246e+00
-3.504608801121213091e+00
-3.504608762542192668e+00
-3.504608723320275399e+00
-3.504608683450879614e+00
-3.504608642929398776e+00
-3.504608601751209029e+00
-3.504608559911658539e+00
-3.504608517406075929e+00
-3.504608474229768511e+00
-3.504608430378024053e+00
-3.504608385846107677e+00
-3.504608340629262742e+00
-3.504608294722718398e+00
-3.504608248121678926e+00
-3.504608200821333508e+00
-3.504608152816849564e+00
-3.504608104103380750e+00
-3.504608054676060735e+00
-3.504608004530005871e+00
-3.504607953660314301e+00
-3.504607902062074398e+00
-3.504607849730353664e+00
-3.504607796660202279e+00
-3.504607742846664209e+00
-3.504607688284758549e+00
-3.504607632969497732e+00
-3.504607576895876875e+00
-3.504607520058881764e+00
-3.504607462453481759e+00
-3.504607404074636001e+00
-3.504607344917291201e+00
-3.504607284976383852e+00
-3.504607224246837571e+00
-3.504607162723569758e+00
-3.504607100401481379e+00
-3.504607037275470294e+00
-3.504606973340422371e+00
-3.504606908591211933e+00
-3.504606843022710638e+00
-3.504606776629781262e+00
-3.504606709407274145e+00
-3.504606641350038299e+00
-3.504606572452915625e+00
-3.504606502710739147e+00
-3.504606432118339221e+00
-3.504606360670539544e+00
-3.504606288362160704e+00
-3.504606215188013518e+00
-3.504606141142915021e+00
-3.504606066221671146e+00
-3.504605990419086492e+00
-3.504605913729963884e+00
-3.504605836149103926e+00
-3.504605757671305888e+00
-3.504605678291367266e+00
-3.504605598004086442e+00
-3.504605516804256915e+00
-3.504605434686679732e+00
-3.504605351646148392e+00
-3.504605267677462610e+00
-3.504605182775424765e+00
-3.504605096934834574e+00
-3.504605010150493971e+00
-3.504604922417214219e+00
-3.504604833729801694e+00
-3.504604744083071211e+00
-3.504604653471839804e+00
-3.504604561890929837e+00
-3.504604469335167227e+00
-3.504604375799384997e+00
-3.504604281278421496e+00
-3.504604185767118629e+00
-3.504604089260328070e+00
-3.504603991752907266e+00
-3.504603893239720769e+00
-3.504603793715642013e+00
-3.504603693175549761e+00
-3.504603591614336988e+00
-3.504603489026898888e+00
-3.504603385408147975e+00
-3.504603280752998984e+00
-3.504603175056380859e+00
-3.504603068313234093e+00
-3.504602960518506727e+00
-3.504602851667163232e+00
-3.504602741754177408e+00
-3.504602630774535044e+00
-3.504602518723233917e+00
-3.504602405595288683e+00
-3.504602291385723323e+00
-3.504602176089581356e+00
-3.504602059701913852e+00
-3.504601942217791422e+00
-3.504601823632299773e+00
-3.504601703940537494e+00
-3.504601583137622711e+00
-3.504601461218687319e+00
-3.504601338178880532e+00
-3.504601214013369326e+00
-3.504601088717340218e+00
-3.504600962285993493e+00
-3.504600834714552082e+00
-3.504600705998254462e+00
-3.504600576132360423e+00
-3.504600445112147966e+00
-3.504600312932916406e+00
-3.504600179589984599e+00
-3.504600045078692716e+00
-3.504599909394403134e+00
-3.504599772532495106e+00
-3.504599634488375415e+00
-3.504599495257470831e+00
-3.504599354835230773e+00
-3.504599213217125087e+00
-3.504599070398654259e+00
-3.504598926375333434e+00
-3.504598781142709729e+00
-3.504598634696349801e+00
-3.504598487031849174e+00
-3.504598338144822911e+00
-3.504598188030918049e+00
-3.504598036685803830e+00
-3.504597884105178363e+00
-3.504597730284762402e+00
-3.504597575220307792e+00
-3.504597418907591688e+00
-3.504597261342421444e+00
-3.504597102520627949e+00
-3.504596942438078067e+00
-3.504596781090658197e+00
-3.504596618474290715e+00
-3.504596454584926413e+00
-3.504596289418545396e+00
-3.504596122971155303e+00
-3.504595955238798854e+00
-3.504595786217546749e+00
-3.504595615903502548e+00
-3.504595444292799122e+00
-3.504595271381606203e+00
-3.504595097166119722e+00
-3.504594921642571137e+00
-3.504594744807224771e+00
-3.504594566656378696e+00
-3.504594387186365179e+00
-3.504594206393546241e+00
-3.504594024274323871e+00
-3.504593840825129369e+00
-3.504593656042433114e+00
-3.504593469922737903e+00
-3.504593282462583836e+00
-3.504593093658545211e+00
-3.504592903507233181e+00
-3.504592712005296651e+00
-3.504592519149419161e+00
-3.504592324936321113e+00
-3.504592129362761987e+00
-3.504591932425539458e+00
-3.504591734121485391e+00
-3.504591534447474288e+00
-3.504591333400416175e+00
-3.504591130977260161e+00
-3.504590927174997095e+00
-3.504590721990655133e+00
-3.504590515421300623e+00
-3.504590307464042542e+00
-3.504590098116029395e+00
-3.504589887374448320e+00
-3.504589675236531310e+00
-3.504589461699548103e+00
-3.504589246760810628e+00
-3.504589030417672113e+00
-3.504588812667527531e+00
-3.504588593507814931e+00
-3.504588372936015883e+00
-3.504588150949651038e+00
-3.504587927546287229e+00
-3.504587702723532150e+00
-3.504587476479040120e+00
-3.504587248810504541e+00
-3.504587019715668550e+00
-3.504586789192312146e+00
-3.504586557238267286e+00
-3.504586323851406338e+00
-3.504586089029646967e+00
-3.504585852770953913e+00
-3.504585615073333660e+00
-3.504585375934843317e+00
-3.504585135353581293e+00
-3.504584893327696626e+00
-3.504584649855378320e+00
-3.504584404934867337e+00
-3.504584158564451268e+00
-3.504583910742462560e+00
-3.504583661467280731e+00
-3.504583410737334592e+00
-3.504583158551098698e+00
-3.504582904907098229e+00
-3.504582649803901884e+00
-3.504582393240132543e+00
-3.504582135214455274e+00
-3.504581875725589324e+00
-3.504581614772298348e+00
-3.504581352353401513e+00
-3.504581088467757510e+00
-3.504580823114285426e+00
-3.504580556291945648e+00
-3.504580287999752741e+00
-3.504580018236767458e+00
-3.504579747002107393e+00
-3.504579474294933217e+00
-3.504579200114462445e+00
-3.504578924459958333e+00
-3.504578647330738317e+00
-3.504578368726169568e+00
-3.504578088645670331e+00
-3.504577807088712582e+00
-3.504577524054816262e+00
-3.504577239543557265e+00
-3.504576953554558560e+00
-3.504576666087501735e+00
-3.504576377142112786e+00
-3.504576086718176775e+00
-3.504575794815528056e+00
-3.504575501434054718e+00
-3.504575206573697255e+00
-3.504574910234449892e+00
-3.504574612416360146e+00
-3.504574313119526163e+00
-3.504574012344101597e+00
-3.504573710090297833e+00
-3.504573406358370669e+00
-3.504573101148637626e+00
-3.504572794461467300e+00
-3.504572486297282907e+00
-3.504572176656561400e+00
-3.504571865539832576e+00
-3.504571552947683966e+00
-3.504571238880755057e+00
-3.504570923339743960e+00
-3.504570606325396742e+00
-3.504570287838520759e+00
-3.504569967879975323e+00
-3.504569646450673925e+00
-3.504569323551590454e+00
-3.504568999183747646e+00
-3.504568673348227748e+00
-3.504568346046167626e+00
-3.504568017278757441e+00
-3.504567687047247748e+00
-3.504567355352943281e+00
-3.504567022197200288e+00
-3.504566687581435414e+00
-3.504566351507120814e+00
-3.504566013975785488e+00
-3.504565674989012170e+00
-3.504565334548440436e+00
-3.504564992655768929e+00
-3.504564649312750468e+00
-3.504564304521194273e+00
-3.504563958282965519e+00
-3.504563610599988444e+00
-3.504563261474243685e+00
-3.504562910907766504e+00
-3.504562558902649005e+00
-3.504562205461043689e+00
-3.504561850585155014e+00
-3.504561494277247835e+00
-3.504561136539644295e+00
-3.504560777374722935e+00
-3.504560416784916477e+00
-3.504560054772720257e+00
-3.504559691340681571e+00
-3.504559326491409443e+00
-3.504558960227567965e+00
-3.504558592551876295e+00
-3.504558223467115319e+00
-3.504557852976121879e+00
-3.504557481081789216e+00
-3.504557107787068304e+00
-3.504556733094968290e+00
-3.504556357008554723e+00
-3.504555979530951326e+00
-3.504555600665339998e+00
-3.504555220414959926e+00
-3.504554838783107140e+00
-3.504554455773135846e+00
-3.504554071388457093e+00
-3.504553685632539661e+00
-3.504553298508913173e+00
-3.504552910021160539e+00
-3.504552520172921959e+00
-3.504552128967899360e+00
-3.504551736409851515e+00
-3.504551342502590927e+00
-3.504550947249992277e+00
-3.504550550655983532e+00
-3.504550152724554835e+00
-3.504549753459752726e+00
-3.504549352865677481e+00
-3.504548950946491992e+00
-3.504548547706412887e+00
-3.504548143149718076e+00
-3.504547737280741870e+00
-3.504547330103871872e+00
-3.504546921623559630e+00
-3.504546511844309986e+00
-3.504546100770687289e+00
-3.504545688407313175e+00
-3.504545274758865236e+00
-3.504544859830078796e+00
-3.504544443625747352e+00
-3.504544026150722136e+00
-3.504543607409912553e+00
-3.504543187408280414e+00
-3.504542766150851474e+00
-3.504542343642701674e+00
-3.504541919888972679e+00
-3.504541494894855003e+00
-3.504541068665599557e+00
-3.504540641206515872e+00
-3.504540212522969878e+00
-3.504539782620383459e+00
-3.504539351504233569e+00
-3.504538919180057555e+00
-3.504538485653448721e+00
-3.504538050930057214e+00
-3.504537615015586915e+00
-3.504537177915802104e+00
-3.504536739636523013e+00
-3.504536300183626274e+00
-3.504535859563043143e+00
-3.504535417780763940e+00
-3.504534974842834050e+00
-3.504534530755355703e+00
-3.504534085524487530e+00
-3.504533639156443225e+00
-3.504533191657492885e+00
-3.504532743033965669e+00
-3.504532293292242695e+00
-3.504531842438766365e+00
-3.504531390480026598e+00
-3.504530937422579040e+00
-3.504530483273025077e+00
-3.504530028038034484e+00
-3.504529571724317449e+00
-3.504529114338652995e+00
-3.504528655887869881e+00
-3.504528196378851046e+00
-3.504527735818538492e+00
-3.504527274213926624e+00
-3.504526811572066247e+00
-3.504526347900065453e+00
-3.504525883205083403e+00
-3.504525417494336548e+00
-3.504524950775097736e+00
-3.504524483054692663e+00
-3.504524014340501648e+00
-3.504523544639962296e+00
-3.504523073960563728e+00
-3.504522602309852353e+00
-3.504522129695428312e+00
-3.504521656124943707e+00
-3.504521181606111035e+00
-3.504520706146690756e+00
-3.504520229754501504e+00
-3.504519752437416091e+00
-3.504519274203359291e+00
-3.504518795060310499e+00
-3.504518315016303731e+00
-3.504517834079428074e+00
-3.504517352257825458e+00
-3.504516869559690662e+00
-3.504516385993272198e+00
-3.504515901566875424e+00
-3.504515416288855434e+00
-3.504514930167619724e+00
-3.504514443211636188e+00
-3.504513955429417571e+00
-3.504513466829537460e+00
-3.504512977420616515e+00
-3.504512487211331795e+00
-3.504511996210412761e+00
-3.504511504426642166e+00
-3.504511011868855608e+00
-3.504510518545939313e+00
-3.504510024466836793e+00
-3.504509529640539967e+00
-3.504509034076094931e+00
-3.504508537782603295e+00
-3.504508040769214183e+00
-3.504507543045133122e+00
-3.504507044619613598e+00
-3.504506545501967718e+00
-3.504506045701553774e+00
-3.504505545227785568e+00
-3.504505044090128862e+00
-3.504504542298100489e+00
-3.504504039861271014e+00
-3.504503536789258522e+00
-3.504503033091740605e+00
-3.504502528778438375e+00
-3.504502023859131121e+00
-3.504501518343646538e+00
-3.504501012241862501e+00
-3.504500505563714619e+00
-3.504499998319186016e+00
-3.504499490518309557e+00
-3.504498982171170951e+00
-3.504498473287910976e+00
-3.504497963878716149e+00
-3.504497453953828501e+00
-3.504496943523538910e+00
-3.504496432598191547e+00
-3.504495921188178542e+00
-3.504495409303946207e+00
-3.504494896955992367e+00
-3.504494384154862807e+00
-3.504493870911156606e+00
-3.504493357235522577e+00
-3.504492843138663716e+00
-3.504492328631328313e+00
-3.504491813724320615e+00
-3.504491298428492385e+00
-3.504490782754750011e+00
-3.504490266714045177e+00
-3.504489750317385521e+00
-3.504489233575826201e+00
-3.504488716500475665e+00
-3.504488199102492096e+00
-3.504487681393082532e+00
-3.504487163383505521e+00
-3.504486645085072016e+00
-3.504486126509143595e+00
-3.504485607667129354e+00
-3.504485088570492568e+00
-3.504484569230744917e+00
-3.504484049659449596e+00
-3.504483529868221314e+00
-3.504483009868721410e+00
-3.504482489672667622e+00
-3.504481969291822541e+00
-3.504481448738004712e+00
-3.504480928023081088e+00
-3.504480407158967026e+00
-3.504479886157630730e+00
-3.504479365031091920e+00
-3.504478843791416054e+00
-3.504478322450729433e+00
-3.504477801021195660e+00
-3.504477279515040067e+00
-3.504476757944533283e+00
-3.504476236321998339e+00
-3.504475714659808894e+00
-3.504475192970388342e+00
-3.504474671266211150e+00
-3.504474149559804186e+00
-3.504473627863744500e+00
-3.504473106190658882e+00
-3.504472584553224745e+00
-3.504472062964173684e+00
-3.504471541436284809e+00
-3.504471019982391855e+00
-3.504470498615374296e+00
-3.504469977348168452e+00
-3.504469456193758159e+00
-3.504468935165180987e+00
-3.504468414275522470e+00
-3.504467893537924983e+00
-3.504467372965575311e+00
-3.504466852571719304e+00
-3.504466332369646775e+00
-3.504465812372704825e+00
-3.504465292594289405e+00
-3.504464773047851089e+00
-3.504464253746886637e+00
-3.504463734704952316e+00
-3.504463215935650577e+00
-3.504462697452637165e+00
-3.504462179269620226e+00
-3.504461661400361638e+00
-3.504461143858673911e+00
-3.504460626658423728e+00
-3.504460109813526181e+00
-3.504459593337952761e+00
-3.504459077245728249e+00
-3.504458561550924944e+00
-3.504458046267675542e+00
-3.504457531410157589e+00
-3.504457016992609031e+00
-3.504456503029314884e+00
-3.504455989534618343e+00
-3.504455476522912338e+00
-3.504454964008645756e+00
-3.504454452006319887e+00
-3.504453940530488421e+00
-3.504453429595763669e+00
-3.504452919216804130e+00
-3.504452409408330915e+00
-3.504451900185112212e+00
-3.504451391561974827e+00
-3.504450883553798857e+00
-3.504450376175518578e+00
-3.504449869442122445e+00
-3.504449363368654868e+00
-3.504448857970216213e+00
-3.504448353261957472e+00
-3.504447849259090919e+00
-3.504447345976879902e+00
-3.504446843430644165e+00
-3.504446341635760742e+00
-3.504445840607659513e+00
-3.504445340361829864e+00
-3.504444840913814918e+00
-3.504444342279214197e+00
-3.504443844473684511e+00
-3.504443347512938622e+00
-3.504442851412746585e+00
-3.504442356188934848e+00
-3.504441861857385820e+00
-3.504441368434042303e+00
-3.504440875934901722e+00
-3.504440384376019235e+00
-3.504439893773509507e+00
-3.504439404143542269e+00
-3.504438915502347651e+00
-3.504438427866212624e+00
-3.504437941251484556e+00
-3.504437455674567659e+00
-3.504436971151922986e+00
-3.504436487700075098e+00
-3.504436005335604065e+00
-3.504435524075150798e+00
-3.504435043935417049e+00
-3.504434564933158747e+00
-3.504434087085198435e+00
-3.504433610408412836e+00
-3.504433134919743953e+00
-3.504432660636191077e+00
-3.504432187574814783e+00
-3.504431715752735155e+00
-3.504431245187137112e+00
-3.504430775895261085e+00
-3.504430307894413676e+00
-3.504429841201960993e+00
-3.504429375835330429e+00
-3.504428911812013769e+00
-3.504428449149559643e+00
-3.504427987865585958e+00
-3.504427527977766132e+00
-3.504427069503842862e+00
-3.504426612461617463e+00
-3.504426156868955644e+00
-3.504425702743784843e+00
-3.504425250104099110e+00
-3.504424798967955113e+00
-3.504424349353470802e+00
-3.504423901278831188e+00
-3.504423454762285672e+00
-3.504423009822146273e+00
-3.504422566476790735e+00
-3.504422124744662970e+00
-3.504421684644267287e+00
-3.504421246194181272e+00
-3.504420809413040683e+00
-3.504420374319550113e+00
-3.504419940932481214e+00
-3.504419509270668698e+00
-3.504419079353016997e+00
-3.504418651198494938e+00
-3.504418224826137962e+00
-3.504417800255050786e+00
-3.504417377504401188e+00
-3.504416956593430665e+00
-3.504416537541441112e+00
-3.504416120367807252e+00
-3.504415705091969535e+00
-3.504415291733437687e+00
-3.504414880311789826e+00
-3.504414470846670238e+00
-3.504414063357795595e+00
-3.504413657864949183e+00
-3.504413254387984900e+00
-3.504412852946825030e+00
-3.504412453561461582e+00
-3.504412056251956287e+00
-3.504411661038441927e+00
-3.504411267941121011e+00
-3.504410876980265321e+00
-3.504410488176214589e+00
-3.504410101549388923e+00
-3.504409717120268386e+00
-3.504409334909411644e+00
-3.504408954937444864e+00
-3.504408577225064381e+00
-3.504408201793044242e+00
-3.504407828662225555e+00
-3.504407457853522256e+00
-3.504407089387920227e+00
-3.504406723286479952e+00
-3.504406359570332086e+00
-3.504405998260679667e+00
-3.504405639378803006e+00
-3.504405282946051248e+00
-3.504404928983847256e+00
-3.504404577513686725e+00
-3.504404228557143952e+00
-3.504403882135862069e+00
-3.504403538271557483e+00
-3.504403196986027424e+00
-3.504402858301132184e+00
-3.504402522238820872e+00
-3.504402188821101216e+00
-3.504401858070071096e+00
-3.504401530007889676e+00
-3.504401204656802715e+00
-3.504400882039122589e+00
-3.504400562177240275e+00
-3.504400245093623578e+00
-3.504399930810813579e+00
-3.504399619351428186e+00
-3.504399310738160800e+00
-3.504399004993782096e+00
-3.504398702141136468e+00
-3.504398402203144691e+00
-3.504398105202806590e+00
-3.504397811163195708e+00
-3.504397520107464636e+00
-3.504397232058839240e+00
-3.504396947040625321e+00
-3.504396665076203732e+00
-3.504396386189034818e+00
-3.504396110402653086e+00
-3.504395837740669428e+00
-3.504395568226775559e+00
-3.504395301884738689e+00
-3.504395038738403745e+00
-3.504394778811693811e+00
-3.504394522128606582e+00
-3.504394268713222349e+00
-3.504394018589693349e+00
-3.504393771782253975e+00
-3.504393528315216333e+00
-3.504393288212968027e+00
-3.504393051499977041e+00
-3.504392818200786852e+00
-3.504392588340020431e+00
-3.504392361942379797e+00
-3.504392139032642906e+00
-3.504391919635667207e+00
-3.504391703776388756e+00
-3.504391491479819987e+00
-3.504391282771055049e+00
-3.504391077675261812e+00
-3.504390876217689410e+00
-3.504390678423663807e+00
-3.504390484318591348e+00
-3.504390293927955202e+00
-3.504390107277314037e+00
-3.504389924392311784e+00
-3.504389745298662984e+00
-3.504389570022165223e+00
-3.504389398588691140e+00
-3.504389231024195528e+00
-3.504389067354706899e+00
-3.504388907606334147e+00
-3.504388751805262991e+00
-3.504388599977760421e+00
-3.504388452150167144e+00
-3.504388308348902470e+00
-3.504388168600465203e+00
-3.504388032931432306e+00
-3.504387901368454461e+00
-3.504387773938264505e+00
-3.504387650667669440e+00
-3.504387531583557092e+00
-3.504387416712886338e+00
-3.504387306082700881e+00
-3.504387199720115031e+00
-3.504387097652324812e+00
-3.504386999906599076e+00
-3.504386906510287059e+00
-3.504386817490811268e+00
-3.504386732875672816e+00
-3.504386652692446091e+00
-3.504386576968786304e+00
-3.504386505732421497e+00
-3.504386439011153431e+00
-3.504386376832866024e+00
-3.504386319225511581e+00
-3.504386266217124124e+00
-3.504386217835804729e+00
-3.504386174109737073e+00
-3.504386135067174113e+00
-3.504386100736449183e+00
-3.504386071145962234e+00
-3.504386046324194037e+00
-3.504386026299695089e+00
-3.504386011101090936e+00
-3.504386000757079067e+00
-3.504385995296433798e+00
