1.591543197302918244e+01
1.591543204022594438e+01
1.591543226004754175e+01
1.591543263263417707e+01
1.591543315812579529e+01
1.591543383666214417e+01
1.591543466838271570e+01
1.591543565342676558e+01
1.591543679193332039e+01
1.591543808404117399e+01
1.591543952988886801e+01
1.591544112961472202e+01
1.591544288335680690e+01
1.591544479125297329e+01
1.591544685344080712e+01
1.591544907005767406e+01
1.591545144124069644e+01
1.591545396712675497e+01
1.591545664785247460e+01
1.591545948355427953e+01
1.591546247436830264e+01
1.591546562043047786e+01
1.591546892187646733e+01
1.591547237884169874e+01
1.591547599146136349e+01
1.591547975987040253e+01
1.591548368420351167e+01
1.591548776459513626e+01
1.591549200117949248e+01
1.591549639409053540e+01
1.591550094346197497e+01
1.591550564942728307e+01
1.591551051211967760e+01
1.591551553167211708e+01
1.591552070821733622e+01
1.591552604188780684e+01
1.591553153281574318e+01
1.591553718113311966e+01
1.591554298697166381e+01
1.591554895046283491e+01
1.591555507173785955e+01
1.591556135092769608e+01
1.591556778816306128e+01
1.591557438357441612e+01
1.591558113729196400e+01
1.591558804944564187e+01
1.591559512016516287e+01
1.591560234957995412e+01
1.591560973781920652e+01
1.591561728501184803e+01
1.591562499128653840e+01
1.591563285677168871e+01
1.591564088159546486e+01
1.591564906588574502e+01
1.591565740977016752e+01
1.591566591337610603e+01
1.591567457683067310e+01
1.591568340026072192e+01
1.591569238379283746e+01
1.591570152755335599e+01
1.591571083166833844e+01
1.591572029626357399e+01
1.591572992146461374e+01
1.591573970739671928e+01
1.591574965418491061e+01
1.591575976195390929e+01
1.591577003082819708e+01
1.591578046093198395e+01
1.591579105238920810e+01
1.591580180532353950e+01
1.591581271985837454e+01
1.591582379611685738e+01
1.591583503422184087e+01
1.591584643429591850e+01
1.591585799646141020e+01
1.591586972084036411e+01
1.591588160755455483e+01
1.591589365672548873e+01
1.591590586847439148e+01
1.591591824292222057e+01
1.591593078018965457e+01
1.591594348039710205e+01
1.591595634366467671e+01
1.591596937011224178e+01
1.591598255985937094e+01
1.591599591302535721e+01
1.591600942972921651e+01
1.591602311008968762e+01
1.591603695422523046e+01
1.591605096225401539e+01
1.591606513429394276e+01
1.591607947046262517e+01
1.591609397087740163e+01
1.591610863565530920e+01
1.591612346491311314e+01
1.591613845876730160e+01
1.591615361733406608e+01
1.591616894072931032e+01
1.591618442906866093e+01
1.591620008246746210e+01
1.591621590104074713e+01
1.591623188490328467e+01
1.591624803416954492e+01
1.591626434895370679e+01
1.591628082936966315e+01
1.591629747553101559e+01
1.591631428755106548e+01
1.591633126554283528e+01
1.591634840961904196e+01
1.591636571989211291e+01
1.591638319647419664e+01
1.591640083947712014e+01
1.591641864901243153e+01
1.591643662519138047e+01
1.591645476812490934e+01
1.591647307792368160e+01
1.591649155469804100e+01
1.591651019855805593e+01
1.591652900961347150e+01
1.591654798797374148e+01
1.591656713374803189e+01
1.591658644704518366e+01
1.591660592797375351e+01
1.591662557664198019e+01
1.591664539315780935e+01
1.591666537762887934e+01
1.591668553016252119e+01
1.591670585086576750e+01
1.591672633984532403e+01
1.591674699720761410e+01
1.591676782305873594e+01
1.591678881750448582e+01
1.591680998065035446e+01
1.591683131260150930e+01
1.591685281346282110e+01
1.591687448333883381e+01
1.591689632233379292e+01
1.591691833055162775e+01
1.591694050809593897e+01
1.591696285507003950e+01
1.591698537157690296e+01
1.591700805771919924e+01
1.591703091359927669e+01
1.591705393931917278e+01
1.591707713498059817e+01
1.591710050068494553e+01
1.591712403653329133e+01
1.591714774262639587e+01
1.591717161906468903e+01
1.591719566594828805e+01
1.591721988337697624e+01
1.591724427145021892e+01
1.591726883026716877e+01
1.591729355992663208e+01
1.591731846052710608e+01
1.591734353216675579e+01
1.591736877494341940e+01
1.591739418895460290e+01
1.591741977429749966e+01
1.591744553106895133e+01
1.591747145936548513e+01
1.591749755928330146e+01
1.591752383091824363e+01
1.591755027436584946e+01
1.591757688972132101e+01
1.591760367707950508e+01
1.591763063653494648e+01
1.591765776818182232e+01
1.591768507211399175e+01
1.591771254842498173e+01
1.591774019720796041e+01
1.591776801855578327e+01
1.591779601256094523e+01
1.591782417931561966e+01
1.591785251891162112e+01
1.591788103144043909e+01
1.591790971699320600e+01
1.591793857566073456e+01
1.591796760753345730e+01
1.591799681270150657e+01
1.591802619125463281e+01
1.591805574328225603e+01
1.591808546887345166e+01
1.591811536811693983e+01
1.591814544110110141e+01
1.591817568791396198e+01
1.591820610864320074e+01
1.591823670337614338e+01
1.591826747219977456e+01
1.591829841520070055e+01
1.591832953246520432e+01
1.591836082407920649e+01
1.591839229012825996e+01
1.591842393069758366e+01
1.591845574587202528e+01
1.591848773573607900e+01
1.591851990037389086e+01
1.591855223986923207e+01
1.591858475430553099e+01
1.591861744376585186e+01
1.591865030833288408e+01
1.591868334808897956e+01
1.591871656311612071e+01
1.591874995349590982e+01
1.591878351930960456e+01
1.591881726063809133e+01
1.591885117756189771e+01
1.591888527016118005e+01
1.591891953851572516e+01
1.591895398270496287e+01
1.591898860280793571e+01
1.591902339890334872e+01
1.591905837106949839e+01
1.591909351938434725e+01
1.591912884392546346e+01
1.591916434477004927e+01
1.591920002199494100e+01
1.591923587567658238e+01
1.591927190589107610e+01
1.591930811271411805e+01
1.591934449622103465e+01
1.591938105648679525e+01
1.591941779358597664e+01
1.591945470759277192e+01
1.591949179858100827e+01
1.591952906662412914e+01
1.591956651179518722e+01
1.591960413416687459e+01
1.591964193381149251e+01
1.591967991080094613e+01
1.591971806520677468e+01
1.591975639710013368e+01
1.591979490655178431e+01
1.591983359363210049e+01
1.591987245841107779e+01
1.591991150095832985e+01
1.591995072134306888e+01
1.591999011963411981e+01
1.592002969589993633e+01
1.592006945020856534e+01
1.592010938262765762e+01
1.592014949322448913e+01
1.592018978206593971e+01
1.592023024921848773e+01
1.592027089474822787e+01
1.592031171872084983e+01
1.592035272120165956e+01
1.592039390225556161e+01
1.592043526194706971e+01
1.592047680034027834e+01
1.592051851749891966e+01
1.592056041348630124e+01
1.592060248836533454e+01
1.592064474219853487e+01
1.592068717504802855e+01
1.592072978697551022e+01
1.592077257804230861e+01
1.592081554830931900e+01
1.592085869783705476e+01
1.592090202668560117e+01
1.592094553491467401e+01
1.592098922258354854e+01
1.592103308975111275e+01
1.592107713647583900e+01
1.592112136281579815e+01
1.592116576882865076e+01
1.592121035457164524e+01
1.592125512010161970e+01
1.592130006547501075e+01
1.592134519074783405e+01
1.592139049597568778e+01
1.592143598121378290e+01
1.592148164651689513e+01
1.592152749193938810e+01
1.592157351753521510e+01
1.592161972335792619e+01
1.592166610946062910e+01
1.592171267589604078e+01
1.592175942271643940e+01
1.592180634997370703e+01
1.592185345771929050e+01
1.592190074600422633e+01
1.592194821487912293e+01
1.592199586439418013e+01
1.592204369459917146e+01
1.592209170554344588e+01
1.592213989727594203e+01
1.592218826984515267e+01
1.592223682329917089e+01
1.592228555768565101e+01
1.592233447305183702e+01
1.592238356944452882e+01
1.592243284691011951e+01
1.592248230549455457e+01
1.592253194524337978e+01
1.592258176620168975e+01
1.592263176841415984e+01
1.592268195192504621e+01
1.592273231677815737e+01
1.592278286301688084e+01
1.592283359068418136e+01
1.592288449982257603e+01
1.592293559047416629e+01
1.592298686268061836e+01
1.592303831648315793e+01
1.592308995192258614e+01
1.592314176903926004e+01
1.592319376787311569e+01
1.592324594846365038e+01
1.592329831084991021e+01
1.592335085507053094e+01
1.592340358116370247e+01
1.592345648916716883e+01
1.592350957911824594e+01
1.592356285105381275e+01
1.592361630501030589e+01
1.592366994102371969e+01
1.592372375912961857e+01
1.592377775936311401e+01
1.592383194175889827e+01
1.592388630635120350e+01
1.592394085317382846e+01
1.592399558226013134e+01
1.592405049364302627e+01
1.592410558735497261e+01
1.592416086342801762e+01
1.592421632189373959e+01
1.592427196278327806e+01
1.592432778612732669e+01
1.592438379195613862e+01
1.592443998029953356e+01
1.592449635118685336e+01
1.592455290464703310e+01
1.592460964070852825e+01
1.592466655939936970e+01
1.592472366074712475e+01
1.592478094477892725e+01
1.592483841152145274e+01
1.592489606100093624e+01
1.592495389324315447e+01
1.592501190827344715e+01
1.592507010611669926e+01
1.592512848679734105e+01
1.592518705033936044e+01
1.592524579676628704e+01
1.592530472610120640e+01
1.592536383836674041e+01
1.592542313358509531e+01
1.592548261177796398e+01
1.592554227296665026e+01
1.592560211717196772e+01
1.592566214441427874e+01
1.592572235471351583e+01
1.592578274808913363e+01
1.592584332456014451e+01
1.592590408414510783e+01
1.592596502686212290e+01
1.592602615272884314e+01
1.592608746176245127e+01
1.592614895397970010e+01
1.592621062939685395e+01
1.592627248802975259e+01
1.592633452989376330e+01
1.592639675500380569e+01
1.592645916337433398e+01
1.592652175501934586e+01
1.592658452995239671e+01
1.592664748818656761e+01
1.592671062973449558e+01
1.592677395460834688e+01
1.592683746281985435e+01
1.592690115438025700e+01
1.592696502930036750e+01
1.592702908759052782e+01
1.592709332926061627e+01
1.592715775432006353e+01
1.592722236277783665e+01
1.592728715464244083e+01
1.592735212992193361e+01
1.592741728862389117e+01
1.592748263075546333e+01
1.592754815632329546e+01
1.592761386533363321e+01
1.592767975779220890e+01
1.592774583370430719e+01
1.592781209307477752e+01
1.592787853590799685e+01
1.592794516220786072e+01
1.592801197197782770e+01
1.592807896522090161e+01
1.592814614193959954e+01
1.592821350213599807e+01
1.592828104581171722e+01
1.592834877296790097e+01
1.592841668360523322e+01
1.592848477772395555e+01
1.592855305532382815e+01
1.592862151640416357e+01
1.592869016096380896e+01
1.592875898900115139e+01
1.592882800051412140e+01
1.592889719550017169e+01
1.592896657395631443e+01
1.592903613587909462e+01
1.592910588126459004e+01
1.592917581010843264e+01
1.592924592240576942e+01
1.592931621815130860e+01
1.592938669733928769e+01
1.592945735996348411e+01
1.592952820601722053e+01
1.592959923549334533e+01
1.592967044838427348e+01
1.592974184468191723e+01
1.592981342437776604e+01
1.592988518746283688e+01
1.592995713392767776e+01
1.593002926376238726e+01
1.593010157695658968e+01
1.593017407349947590e+01
1.593024675337974827e+01
1.593031961658567042e+01
1.593039266310501922e+01
1.593046589292515058e+01
1.593053930603292123e+01
1.593061290241475803e+01
1.593068668205660821e+01
1.593076064494397492e+01
1.593083479106189770e+01
1.593090912039494533e+01
1.593098363292724962e+01
1.593105832864246452e+01
1.593113320752379103e+01
1.593120826955397540e+01
1.593128351471530735e+01
1.593135894298960409e+01
1.593143455435824585e+01
1.593151034880214567e+01
1.593158632630175475e+01
1.593166248683706421e+01
1.593173883038762106e+01
1.593181535693250872e+01
1.593189206645035583e+01
1.593196895891932918e+01
1.593204603431713906e+01
1.593212329262104987e+01
1.593220073380786239e+01
1.593227835785391910e+01
1.593235616473511307e+01
1.593243415442688082e+01
1.593251232690420416e+01
1.593259068214160656e+01
1.593266922011316389e+01
1.593274794079248480e+01
1.593282684415274630e+01
1.593290593016665113e+01
1.593298519880645969e+01
1.593306465004396522e+01
1.593314428385052928e+01
1.593322410019704627e+01
1.593330409905396650e+01
1.593338428039127841e+01
1.593346464417852815e+01
1.593354519038480710e+01
1.593362591897875546e+01
1.593370682992856047e+01
1.593378792320196524e+01
1.593386919876625107e+01
1.593395065658826937e+01
1.593403229663439369e+01
1.593411411887058016e+01
1.593419612326231061e+01
1.593427830977463167e+01
1.593436067837213699e+01
1.593444322901897969e+01
1.593452596167885460e+01
1.593460887631501244e+01
1.593469197289026873e+01
1.593477525136697537e+01
1.593485871170704371e+01
1.593494235387194990e+01
1.593502617782271003e+01
1.593511018351991204e+01
1.593519437092367497e+01
1.593527873999370037e+01
1.593536329068922619e+01
1.593544802296905161e+01
1.593553293679155125e+01
1.593561803211462546e+01
1.593570330889575537e+01
1.593578876709196912e+01
1.593587440665986499e+01
1.593596022755558828e+01
1.593604622973484730e+01
1.593613241315291873e+01
1.593621877776462092e+01
1.593630532352434770e+01
1.593639205038605233e+01
1.593647895830324757e+01
1.593656604722901271e+01
1.593665331711596345e+01
1.593674076791632288e+01
1.593682839958184161e+01
1.593691621206385456e+01
1.593700420531324191e+01
1.593709237928046285e+01
1.593718073391553958e+01
1.593726926916804487e+01
1.593735798498715184e+01
1.593744688132155751e+01
1.593753595811955392e+01
1.593762521532899257e+01
1.593771465289729150e+01
1.593780427077143536e+01
1.593789406889797533e+01
1.593798404722303985e+01
1.593807420569232924e+01
1.593816454425109974e+01
1.593825506284418303e+01
1.593834576141598625e+01
1.593843663991049198e+01
1.593852769827123339e+01
1.593861893644134931e+01
1.593871035436352024e+01
1.593880195198001104e+01
1.593889372923266912e+01
1.593898568606290667e+01
1.593907782241170779e+01
1.593917013821963913e+01
1.593926263342684102e+01
1.593935530797303279e+01
1.593944816179749502e+01
1.593954119483911569e+01
1.593963440703632095e+01
1.593972779832714970e+01
1.593982136864920562e+01
1.593991511793966076e+01
1.594000904613528924e+01
1.594010315317242465e+01
1.594019743898700270e+01
1.594029190351451142e+01
1.594038654669004451e+01
1.594048136844826757e+01
1.594057636872343764e+01
1.594067154744938541e+01
1.594076690455951884e+01
1.594086243998685504e+01
1.594095815366396174e+01
1.594105404552302296e+01
1.594115011549579286e+01
1.594124636351361346e+01
1.594134278950740757e+01
1.594143939340769833e+01
1.594153617514458965e+01
1.594163313464777509e+01
1.594173027184653435e+01
1.594182758666973854e+01
1.594192507904584133e+01
1.594202274890289672e+01
1.594212059616854660e+01
1.594221862077002427e+01
1.594231682263415628e+01
1.594241520168733928e+01
1.594251375785560754e+01
1.594261249106454947e+01
1.594271140123936448e+01
1.594281048830484337e+01
1.594290975218537199e+01
1.594300919280492757e+01
1.594310881008708414e+01
1.594320860395502315e+01
1.594330857433150861e+01
1.594340872113890484e+01
1.594350904429918714e+01
1.594360954373390271e+01
1.594371021936422927e+01
1.594381107111091644e+01
1.594391209889434080e+01
1.594401330263443839e+01
1.594411468225079886e+01
1.594421623766258023e+01
1.594431796878854257e+01
1.594441987554705698e+01
1.594452195785609661e+01
1.594462421563323495e+01
1.594472664879565471e+01
1.594482925726014244e+01
1.594493204094307792e+01
1.594503499976046790e+01
1.594513813362789989e+01
1.594524144246059194e+01
1.594534492617335175e+01
1.594544858468060688e+01
1.594555241789637812e+01
1.594565642573432029e+01
1.594576060810766016e+01
1.594586496492927097e+01
1.594596949611161207e+01
1.594607420156676092e+01
1.594617908120640770e+01
1.594628413494185359e+01
1.594638936268400897e+01
1.594649476434339519e+01
1.594660033983015168e+01
1.594670608905403775e+01
1.594681201192440412e+01
1.594691810835023205e+01
1.594702437824012797e+01
1.594713082150228800e+01
1.594723743804453875e+01
1.594734422777432847e+01
1.594745119059871641e+01
1.594755832642436388e+01
1.594766563515757518e+01
1.594777311670426556e+01
1.594788077096995416e+01
1.594798859785979239e+01
1.594809659727855333e+01
1.594820476913062102e+01
1.594831311332000645e+01
1.594842162975034583e+01
1.594853031832487744e+01
1.594863917894648964e+01
1.594874821151766575e+01
1.594885741594052497e+01
1.594896679211681523e+01
1.594907633994789364e+01
1.594918605933475853e+01
1.594929595017801738e+01
1.594940601237790467e+01
1.594951624583429073e+01
1.594962665044667105e+01
1.594973722611414324e+01
1.594984797273546562e+01
1.594995889020899504e+01
1.595006997843274199e+01
1.595018123730431725e+01
1.595029266672098522e+01
1.595040426657961952e+01
1.595051603677673846e+01
1.595062797720847314e+01
1.595074008777060293e+01
1.595085236835851461e+01
1.595096481886725748e+01
1.595107743919148113e+01
1.595119022922547991e+01
1.595130318886318221e+01
1.595141631799814697e+01
1.595152961652356183e+01
1.595164308433225209e+01
1.595175672131667532e+01
1.595187052736891076e+01
1.595198450238070542e+01
1.595209864624339779e+01
1.595221295884798884e+01
1.595232744008511361e+01
1.595244208984502343e+01
1.595255690801763215e+01
1.595267189449246992e+01
1.595278704915871160e+01
1.595290237190516436e+01
1.595301786262028187e+01
1.595313352119214301e+01
1.595324934750847135e+01
1.595336534145662988e+01
1.595348150292362099e+01
1.595359783179607938e+01
1.595371432796029332e+01
1.595383099130215854e+01
1.595394782170725456e+01
1.595406481906076301e+01
1.595418198324753334e+01
1.595429931415203306e+01
1.595441681165839043e+01
1.595453447565036598e+01
1.595465230601136142e+01
1.595477030262441787e+01
1.595488846537222472e+01
1.595500679413710721e+01
1.595512528880104952e+01
1.595524394924564859e+01
1.595536277535217273e+01
1.595548176700151544e+01
1.595560092407423447e+01
1.595572024645051634e+01
1.595583973401018341e+01
1.595595938663272051e+01
1.595607920419725367e+01
1.595619918658254477e+01
1.595631933366701460e+01
1.595643964532870918e+01
1.595656012144534763e+01
1.595668076189427076e+01
1.595680156655247295e+01
1.595692253529659688e+01
1.595704366800293705e+01
1.595716496454742384e+01
1.595728642480563586e+01
1.595740804865281248e+01
1.595752983596382890e+01
1.595765178661320505e+01
1.595777390047511624e+01
1.595789617742338073e+01
1.595801861733146154e+01
1.595814122007248059e+01
1.595826398551920633e+01
1.595838691354404304e+01
1.595851000401905395e+01
1.595863325681595768e+01
1.595875667180610158e+01
1.595888024886050438e+01
1.595900398784982066e+01
1.595912788864435683e+01
1.595925195111406758e+01
1.595937617512856299e+01
1.595950056055709965e+01
1.595962510726858063e+01
1.595974981513157331e+01
1.595987468401427911e+01
1.595999971378454774e+01
1.596012490430988606e+01
1.596025025545746345e+01
1.596037576709407624e+01
1.596050143908619745e+01
1.596062727129992354e+01
1.596075326360102586e+01
1.596087941585490810e+01
1.596100572792663641e+01
1.596113219968092878e+01
1.596125883098214793e+01
1.596138562169430841e+01
1.596151257168107129e+01
1.596163968080577256e+01
1.596176694893136805e+01
1.596189437592048854e+01
1.596202196163540421e+01
1.596214970593804061e+01
1.596227760868997869e+01
1.596240566975243169e+01
1.596253388898630199e+01
1.596266226625210471e+01
1.596279080141002815e+01
1.596291949431991775e+01
1.596304834484124235e+01
1.596317735283314754e+01
1.596330651815443957e+01
1.596343584066353749e+01
1.596356532021855656e+01
1.596369495667722482e+01
1.596382474989695055e+01
1.596395469973478853e+01
1.596408480604743296e+01
1.596421506869123341e+01
1.596434548752220550e+01
1.596447606239600248e+01
1.596460679316792763e+01
1.596473767969294677e+01
1.596486872182567573e+01
1.596499991942037155e+01
1.596513127233095553e+01
1.596526278041098657e+01
1.596539444351368964e+01
1.596552626149193621e+01
1.596565823419824603e+01
1.596579036148479602e+01
1.596592264320340071e+01
1.596605507920554246e+01
1.596618766934235190e+01
1.596632041346459907e+01
1.596645331142271829e+01
1.596658636306678503e+01
1.596671956824653194e+01
1.596685292681134882e+01
1.596698643861026312e+01
1.596712010349195232e+01
1.596725392130475818e+01
1.596738789189666541e+01
1.596752201511530522e+01
1.596765629080796245e+01
1.596779071882158085e+01
1.596792529900274893e+01
1.596806003119768924e+01
1.596819491525229573e+01
1.596832995101210173e+01
1.596846513832230130e+01
1.596860047702772256e+01
1.596873596697284903e+01
1.596887160800182670e+01
1.596900739995842677e+01
1.596914334268609714e+01
1.596927943602791444e+01
1.596941567982660359e+01
1.596955207392455378e+01
1.596968861816379182e+01
1.596982531238599634e+01
1.596996215643249606e+01
1.597009915014426440e+01
1.597023629336192840e+01
1.597037358592575274e+01
1.597051102767566277e+01
1.597064861845123040e+01
1.597078635809166336e+01
1.597092424643583009e+01
1.597106228332223665e+01
1.597120046858904985e+01
1.597133880207407231e+01
1.597147728361475316e+01
1.597161591304819694e+01
1.597175469021115468e+01
1.597189361494001147e+01
1.597203268707080781e+01
1.597217190643923779e+01
1.597231127288062780e+01
1.597245078622996495e+01
1.597259044632186509e+01
1.597273025299061011e+01
1.597287020607010355e+01
1.597301030539392741e+01
1.597315055079527468e+01
1.597329094210700262e+01
1.597343147916161143e+01
1.597357216179125139e+01
1.597371298982770149e+01
1.597385396310239791e+01
1.597399508144642333e+01
1.597413634469050336e+01
1.597427775266499594e+01
1.597441930519992326e+01
1.597456100212493268e+01
1.597470284326932699e+01
1.597484482846205367e+01
1.597498695753169962e+01
1.597512923030649112e+01
1.597527164661430277e+01
1.597541420628265918e+01
1.597555690913871729e+01
1.597569975500928230e+01
1.597584274372079527e+01
1.597598587509935442e+01
1.597612914897069558e+01
1.597627256516017979e+01
1.597641612349283058e+01
1.597655982379331618e+01
1.597670366588592472e+01
1.597684764959461035e+01
1.597699177474295773e+01
1.597713604115419272e+01
1.597728044865118235e+01
1.597742499705643837e+01
1.597756968619212081e+01
1.597771451588001668e+01
1.597785948594156302e+01
1.597800459619782565e+01
1.597814984646954706e+01
1.597829523657706474e+01
1.597844076634038757e+01
1.597858643557913894e+01
1.597873224411262605e+01
1.597887819175974755e+01
1.597902427833908234e+01
1.597917050366881675e+01
1.597931686756680847e+01
1.597946336985052973e+01
1.597961001033710460e+01
1.597975678884329831e+01
1.597990370518551195e+01
1.598005075917979312e+01
1.598019795064182169e+01
1.598034527938691696e+01
1.598049274523005003e+01
1.598064034798582078e+01
1.598078808746846136e+01
1.598093596349186107e+01
1.598108397586953444e+01
1.598123212441465668e+01
1.598138040894001399e+01
1.598152882925805507e+01
1.598167738518085557e+01
1.598182607652012699e+01
1.598197490308723268e+01
1.598212386469317892e+01
1.598227296114858653e+01
1.598242219226374417e+01
1.598257155784855321e+01
1.598272105771258289e+01
1.598287069166502050e+01
1.598302045951469985e+01
1.598317036107009237e+01
1.598332039613931244e+01
1.598347056453010673e+01
1.598362086604987020e+01
1.598377130050563544e+01
1.598392186770406731e+01
1.598407256745147720e+01
1.598422339955381766e+01
1.598437436381666821e+01
1.598452546004526376e+01
1.598467668804447328e+01
1.598482804761880693e+01
1.598497953857240006e+01
1.598513116070905049e+01
1.598528291383218480e+01
1.598543479774486542e+01
1.598558681224980660e+01
1.598573895714936022e+01
1.598589123224550157e+01
1.598604363733987199e+01
1.598619617223374334e+01
1.598634883672801088e+01
1.598650163062323415e+01
1.598665455371960853e+01
1.598680760581697058e+01
1.598696078671478737e+01
1.598711409621217427e+01
1.598726753410790025e+01
1.598742110020035057e+01
1.598757479428757833e+01
1.598772861616726004e+01
1.598788256563672938e+01
1.598803664249294165e+01
1.598819084653252354e+01
1.598834517755170737e+01
1.598849963534641461e+01
1.598865421971217238e+01
1.598880893044416318e+01
1.598896376733721603e+01
1.598911873018580643e+01
1.598927381878403686e+01
1.598942903292567941e+01
1.598958437240413133e+01
1.598973983701244705e+01
1.598989542654331686e+01
1.599005114078907575e+01
1.599020697954171766e+01
1.599036294259287061e+01
1.599051902973380379e+01
1.599067524075545066e+01
1.599083157544838052e+01
1.599098803360280918e+01
1.599114461500859896e+01
1.599130131945526756e+01
1.599145814673196853e+01
1.599161509662752145e+01
1.599177216893038000e+01
1.599192936342865679e+01
1.599208667991009136e+01
1.599224411816210711e+01
1.599240167797175793e+01
1.599255935912574955e+01
1.599271716141043420e+01
1.599287508461183371e+01
1.599303312851560044e+01
1.599319129290705632e+01
1.599334957757115738e+01
1.599350798229252923e+01
1.599366650685544577e+01
1.599382515104382918e+01
1.599398391464126412e+01
1.599414279743098888e+01
1.599430179919589179e+01
1.599446091971851835e+01
1.599462015878106946e+01
1.599477951616540672e+01
1.599493899165305955e+01
1.599509858502518256e+01
1.599525829606261951e+01
1.599541812454585710e+01
1.599557807025505163e+01
1.599573813297001301e+01
1.599589831247021188e+01
1.599605860853476891e+01
1.599621902094249393e+01
1.599637954947183260e+01
1.599654019390090021e+01
1.599670095400748515e+01
1.599686182956902059e+01
1.599702282036262879e+01
1.599718392616506790e+01
1.599734514675279051e+01
1.599750648190189040e+01
1.599766793138814869e+01
1.599782949498699836e+01
1.599799117247354729e+01
1.599815296362256944e+01
1.599831486820851545e+01
1.599847688600549311e+01
1.599863901678728695e+01
1.599880126032735816e+01
1.599896361639884290e+01
1.599912608477452558e+01
1.599928866522689752e+01
1.599945135752809655e+01
1.599961416144994786e+01
1.599977707676394978e+01
1.599994010324128801e+01
1.600010324065279832e+01
1.600026648876902868e+01
1.600042984736017360e+01
1.600059331619612735e+01
1.600075689504646093e+01
1.600092058368041137e+01
1.600108438186692794e+01
1.600124828937460819e+01
1.600141230597176545e+01
1.600157643142635422e+01
1.600174066550606611e+01
1.600190500797824456e+01
1.600206945860990615e+01
1.600223401716781169e+01
1.600239868341834892e+01
1.600256345712763562e+01
1.600272833806145201e+01
1.600289332598529057e+01
1.600305842066431339e+01
1.600322362186341962e+01
1.600338892934713897e+01
1.600355434287974177e+01
1.600371986222517151e+01
1.600388548714708392e+01
1.600405121740881853e+01
1.600421705277342355e+01
1.600438299300364164e+01
1.600454903786191352e+01
1.600471518711038499e+01
1.600488144051090700e+01
1.600504779782501075e+01
1.600521425881396809e+01
1.600538082323872402e+01
1.600554749085995354e+01
1.600571426143802256e+01
1.600588113473300922e+01
1.600604811050470389e+01
1.600621518851261271e+01
1.600638236851592922e+01
1.600654965027358756e+01
1.600671703354421993e+01
1.600688451808617785e+01
1.600705210365753217e+01
1.600721979001604467e+01
1.600738757691923553e+01
1.600755546412429808e+01
1.600772345138821606e+01
1.600789153846762147e+01
1.600805972511887276e+01
1.600822801109810456e+01
1.600839639616113530e+01
1.600856488006352762e+01
1.600873346256054575e+01
1.600890214340721229e+01
1.600907092235825147e+01
1.600923979916814943e+01
1.600940877359108327e+01
1.600957784538101336e+01
1.600974701429158387e+01
1.600991628007619383e+01
1.601008564248797228e+01
1.601025510127982088e+01
1.601042465620432154e+01
1.601059430701385011e+01
1.601076405346046627e+01
1.601093389529603783e+01
1.601110383227213063e+01
1.601127386414006182e+01
1.601144399065091406e+01
1.601161421155548581e+01
1.601178452660436236e+01
1.601195493554782701e+01
1.601212543813597833e+01
1.601229603411862001e+01
1.601246672324531062e+01
1.601263750526539908e+01
1.601280837992796435e+01
1.601297934698182601e+01
1.601315040617561181e+01
1.601332155725765816e+01
1.601349279997608477e+01
1.601366413407880529e+01
1.601383555931343849e+01
1.601400707542741486e+01
1.601417868216789842e+01
1.601435037928185778e+01
1.601452216651599869e+01
1.601469404361682436e+01
1.601486601033057866e+01
1.601503806640331717e+01
1.601521021158084679e+01
1.601538244560874347e+01
1.601555476823239133e+01
1.601572717919693289e+01
1.601589967824730110e+01
1.601607226512819082e+01
1.601624493958410511e+01
1.601641770135932319e+01
1.601659055019791111e+01
1.601676348584371468e+01
1.601693650804038427e+01
1.601710961653135357e+01
1.601728281105985374e+01
1.601745609136890280e+01
1.601762945720131270e+01
1.601780290829971065e+01
1.601797644440649293e+01
1.601815006526388530e+01
1.601832377061389323e+01
1.601849756019832327e+01
1.601867143375882563e+01
1.601884539103680183e+01
1.601901943177349352e+01
1.601919355570995052e+01
1.601936776258700590e+01
1.601954205214535065e+01
1.601971642412545549e+01
1.601989087826759572e+01
1.602006541431191167e+01
1.602024003199831981e+01
1.602041473106656611e+01
1.602058951125621533e+01
1.602076437230667594e+01
1.602093931395716453e+01
1.602111433594670231e+01
1.602128943801417904e+01
1.602146461989829263e+01
1.602163988133757400e+01
1.602181522207036579e+01
1.602199064183489341e+01
1.602216614036917264e+01
1.602234171741107005e+01
1.602251737269830301e+01
1.602269310596841123e+01
1.602286891695878879e+01
1.602304480540666276e+01
1.602322077104910747e+01
1.602339681362305512e+01
1.602357293286527096e+01
1.602374912851238875e+01
1.602392540030086820e+01
1.602410174796703402e+01
1.602427817124707943e+01
1.602445466987703426e+01
1.602463124359277913e+01
1.602480789213009160e+01
1.602498461522457518e+01
1.602516141261171967e+01
1.602533828402685856e+01
1.602551522920519034e+01
1.602569224788180335e+01
1.602586933979164030e+01
1.602604650466951952e+01
1.602622374225013147e+01
1.602640105226802092e+01
1.602657843445765806e+01
1.602675588855333899e+01
1.602693341428926743e+01
1.602711101139950500e+01
1.602728867961802806e+01
1.602746641867866728e+01
1.602764422831516455e+01
1.602782210826112674e+01
1.602800005825006480e+01
1.602817807801537242e+01
1.602835616729033674e+01
1.602853432580813120e+01
1.602871255330184752e+01
1.602889084950446374e+01
1.602906921414885844e+01
1.602924764696779292e+01
1.602942614769393614e+01
1.602960471605990023e+01
1.602978335179816227e+01
1.602996205464109636e+01
1.603014082432103393e+01
1.603031966057018209e+01
1.603049856312065913e+01
1.603067753170452647e+01
1.603085656605371057e+01
1.603103566590011297e+01
1.603121483097552513e+01
1.603139406101165321e+01
1.603157335574013587e+01
1.603175271489253362e+01
1.603193213820033591e+01
1.603211162539495760e+01
1.603229117620773536e+01
1.603247079036994904e+01
1.603265046761280388e+01
1.603283020766744826e+01
1.603301001026494887e+01
1.603318987513631200e+01
1.603336980201250839e+01
1.603354979062440933e+01
1.603372984070287188e+01
1.603390995197867142e+01
1.603409012418251578e+01
1.603427035704511283e+01
1.603445065029704608e+01
1.603463100366890970e+01
1.603481141689120548e+01
1.603499188969444944e+01
1.603517242180904745e+01
1.603535301296539117e+01
1.603553366289384385e+01
1.603571437132471189e+01
1.603589513798826260e+01
1.603607596261473134e+01
1.603625684493432146e+01
1.603643778467720793e+01
1.603661878157350529e+01
1.603679983535336362e+01
1.603698094574681932e+01
1.603716211248394785e+01
1.603734333529477496e+01
1.603752461390929085e+01
1.603770594805749994e+01
1.603788733746936046e+01
1.603806878187479512e+01
1.603825028100375505e+01
1.603843183458613808e+01
1.603861344235185271e+01
1.603879510403077191e+01
1.603897681935278641e+01
1.603915858804774786e+01
1.603934040984553278e+01
1.603952228447598927e+01
1.603970421166896543e+01
1.603988619115429870e+01
1.604006822266184074e+01
1.604025030592143963e+01
1.604043244066295770e+01
1.604061462661621817e+01
1.604079686351108691e+01
1.604097915107744399e+01
1.604116148904514461e+01
1.604134387714408305e+01
1.604152631510412519e+01
1.604170880265522925e+01
1.604189133952725754e+01
1.604207392545017896e+01
1.604225656015393042e+01
1.604243924336849147e+01
1.604262197482386298e+01
1.604280475425005292e+01
1.604298758137707992e+01
1.604317045593504076e+01
1.604335337765400382e+01
1.604353634626406944e+01
1.604371936149542321e+01
1.604390242307821168e+01
1.604408553074265242e+01
1.604426868421898789e+01
1.604445188323749250e+01
1.604463512752849041e+01
1.604481841682232712e+01
1.604500175084939073e+01
1.604518512934010488e+01
1.604536855202495715e+01
1.604555201863447422e+01
1.604573552889920762e+01
1.604591908254976573e+01
1.604610267931679601e+01
1.604628631893102408e+01
1.604647000112320399e+01
1.604665372562412884e+01
1.604683749216468058e+01
1.604702130047576603e+01
1.604720515028837013e+01
1.604738904133350985e+01
1.604757297334228028e+01
1.604775694604583336e+01
1.604794095917537788e+01
1.604812501246219014e+01
1.604830910563761392e+01
1.604849323843304276e+01
1.604867741057994834e+01
1.604886162180987341e+01
1.604904587185442821e+01
1.604923016044529049e+01
1.604941448731419840e+01
1.604959885219299309e+01
1.604978325481356194e+01
1.604996769490788822e+01
1.605015217220800139e+01
1.605033668644605882e+01
1.605052123735424274e+01
1.605070582466486329e+01
1.605089044811028387e+01
1.605107510742294252e+01
1.605125980233540162e+01
1.605144453258026616e+01
1.605162929789026194e+01
1.605181409799816805e+01
1.605199893263687727e+01
1.605218380153938540e+01
1.605236870443873798e+01
1.605255364106810845e+01
1.605273861116074841e+01
1.605292361444999472e+01
1.605310865066931569e+01
1.605329371955222939e+01
1.605347882083239242e+01
1.605366395424353598e+01
1.605384911951950855e+01
1.605403431639424738e+01
1.605421954460177858e+01
1.605440480387627744e+01
1.605459009395197256e+01
1.605477541456324175e+01
1.605496076544453032e+01
1.605514614633042569e+01
1.605533155695559699e+01
1.605551699705483060e+01
1.605570246636304788e+01
1.605588796461524126e+01
1.605607349154655239e+01
1.605625904689220107e+01
1.605644463038756697e+01
1.605663024176809728e+01
1.605681588076938482e+01
1.605700154712714678e+01
1.605718724057719271e+01
1.605737296085546717e+01
1.605755870769804261e+01
1.605774448084108741e+01
1.605793028002092981e+01
1.605811610497399045e+01
1.605830195543681427e+01
1.605848783114607770e+01
1.605867373183861346e+01
1.605885965725132536e+01
1.605904560712127704e+01
1.605923158118568139e+01
1.605941757918182944e+01
1.605960360084717209e+01
1.605978964591930591e+01
1.605997571413592340e+01
1.606016180523486270e+01
1.606034791895412539e+01
1.606053405503179832e+01
1.606072021320614240e+01
1.606090639321553226e+01
1.606109259479849882e+01
1.606127881769367605e+01
1.606146506163986132e+01
1.606165132637600124e+01
1.606183761164116319e+01
1.606202391717454958e+01
1.606221024271553688e+01
1.606239658800358328e+01
1.606258295277837789e+01
1.606276933677965957e+01
1.606295573974735547e+01
1.606314216142154905e+01
1.606332860154246234e+01
1.606351505985043104e+01
1.606370153608597917e+01
1.606388802998976217e+01
1.606407454130256340e+01
1.606426106976535095e+01
1.606444761511921726e+01
1.606463417710541108e+01
1.606482075546532684e+01
1.606500734994051882e+01
1.606519396027269764e+01
1.606538058620370535e+01
1.606556722747554744e+01
1.606575388383038216e+01
1.606594055501052054e+01
1.606612724075844767e+01
1.606631394081675168e+01
1.606650065492823742e+01
1.606668738283582698e+01
1.606687412428260942e+01
1.606706087901183366e+01
1.606724764676689787e+01
1.606743442729136362e+01
1.606762122032895590e+01
1.606780802562355248e+01
1.606799484291917679e+01
1.606818167196004055e+01
1.606836851249049403e+01
1.606855536425505804e+01
1.606874222699841326e+01
1.606892910046540379e+01
1.606911598440101230e+01
1.606930287855042749e+01
1.606948978265896244e+01
1.606967669647210784e+01
1.606986361973552491e+01
1.607005055219503475e+01
1.607023749359660059e+01
1.607042444368638456e+01
1.607061140221069806e+01
1.607079836891601587e+01
1.607098534354897978e+01
1.607117232585639499e+01
1.607135931558524078e+01
1.607154631248266341e+01
1.607173331629596902e+01
1.607192032677263782e+01
1.607210734366030636e+01
1.607229436670678879e+01
1.607248139566006984e+01
1.607266843026829761e+01
1.607285547027978723e+01
1.607304251544301721e+01
1.607322956550666859e+01
1.607341662021954320e+01
1.607360367933064538e+01
1.607379074258915352e+01
1.607397780974438461e+01
1.607416488054585813e+01
1.607435195474324274e+01
1.607453903208639190e+01
1.607472611232534021e+01
1.607491319521025019e+01
1.607510028049151529e+01
1.607528736791965684e+01
1.607547445724537383e+01
1.607566154821956061e+01
1.607584864059325724e+01
1.607603573411770270e+01
1.607622282854428875e+01
1.607640992362458476e+01
1.607659701911033778e+01
1.607678411475345825e+01
1.607697121030604137e+01
1.607715830552035996e+01
1.607734540014883251e+01
1.607753249394408002e+01
1.607771958665890111e+01
1.607790667804624718e+01
1.607809376785924371e+01
1.607828085585121869e+01
1.607846794177562799e+01
1.607865502538615132e+01
1.607884210643661049e+01
1.607902918468101916e+01
1.607921625987355796e+01
1.607940333176857095e+01
1.607959040012062601e+01
1.607977746468439051e+01
1.607996452521476982e+01
1.608015158146680079e+01
1.608033863319573342e+01
1.608052568015697048e+01
1.608071272210609592e+01
1.608089975879887845e+01
1.608108678999123242e+01
1.608127381543927825e+01
1.608146083489930689e+01
1.608164784812776915e+01
1.608183485488130415e+01
1.608202185491672154e+01
1.608220884799101569e+01
1.608239583386135507e+01
1.608258281228506803e+01
1.608276978301967119e+01
1.608295674582286239e+01
1.608314370045249575e+01
1.608333064666663148e+01
1.608351758422347899e+01
1.608370451288141822e+01
1.608389143239904584e+01
1.608407834253508639e+01
1.608426524304847050e+01
1.608445213369829219e+01
1.608463901424381248e+01
1.608482588444450911e+01
1.608501274405997350e+01
1.608519959285002443e+01
1.608538643057463347e+01
1.608557325699394269e+01
1.608576007186829671e+01
1.608594687495817510e+01
1.608613366602427064e+01
1.608632044482743240e+01
1.608650721112867643e+01
1.608669396468921420e+01
1.608688070527043124e+01
1.608706743263386940e+01
1.608725414654127306e+01
1.608744084675452868e+01
1.608762753303572168e+01
1.608781420514710803e+01
1.608800086285111419e+01
1.608818750591035496e+01
1.608837413408759431e+01
1.608856074714578099e+01
1.608874734484806979e+01
1.608893392695775049e+01
1.608912049323827986e+01
1.608930704345333140e+01
1.608949357736674557e+01
1.608968009474248362e+01
1.608986659534475550e+01
1.609005307893789904e+01
1.609023954528642619e+01
1.609042599415505492e+01
1.609061242530865243e+01
1.609079883851225290e+01
1.609098523353108590e+01
1.609117161013055153e+01
1.609135796807620977e+01
1.609154430713379469e+01
1.609173062706923218e+01
1.609191692764860093e+01
1.609210320863817145e+01
1.609228946980437769e+01
1.609247571091382767e+01
1.609266193173330706e+01
1.609284813202975428e+01
1.609303431157032804e+01
1.609322047012229717e+01
1.609340660745315432e+01
1.609359272333054491e+01
1.609377881752228490e+01
1.609396488979637496e+01
1.609415093992097212e+01
1.609433696766441813e+01
1.609452297279523236e+01
1.609470895508207633e+01
1.609489491429382468e+01
1.609508085019949775e+01
1.609526676256829703e+01
1.609545265116959811e+01
1.609563851577294358e+01
1.609582435614805362e+01
1.609601017206480122e+01
1.609619596329326185e+01
1.609638172960368507e+01
1.609656747076643413e+01
1.609675318655212450e+01
1.609693887673148893e+01
1.609712454107544133e+01
1.609731017935508035e+01
1.609749579134166808e+01
1.609768137680664069e+01
1.609786693552160841e+01
1.609805246725833427e+01
1.609823797178878024e+01
1.609842344888507171e+01
1.609860889831947972e+01
1.609879431986450271e+01
1.609897971329274569e+01
1.609916507837703392e+01
1.609935041489032059e+01
1.609953572260577914e+01
1.609972100129671801e+01
1.609990625073662684e+01
1.610009147069917645e+01
1.610027666095819399e+01
1.610046182128769487e+01
1.610064695146182956e+01
1.610083205125496519e+01
1.610101712044160749e+01
1.610120215879647176e+01
1.610138716609439413e+01
1.610157214211040611e+01
1.610175708661972038e+01
1.610194199939770598e+01
1.610212688021991312e+01
1.610231172886204831e+01
1.610249654509999218e+01
1.610268132870983848e+01
1.610286607946777337e+01
1.610305079715022458e+01
1.610323548153375484e+01
1.610342013239511871e+01
1.610360474951121290e+01
1.610378933265913659e+01
1.610397388161614529e+01
1.610415839615967926e+01
1.610434287606731374e+01
1.610452732111685492e+01
1.610471173108620846e+01
1.610489610575353225e+01
1.610508044489708368e+01
1.610526474829534394e+01
1.610544901572692211e+01
1.610563324697064758e+01
1.610581744180548469e+01
1.610600160001058256e+01
1.610618572136525373e+01
1.610636980564901322e+01
1.610655385264151462e+01
1.610673786212259628e+01
1.610692183387228482e+01
1.610710576767073121e+01
1.610728966329833156e+01
1.610747352053560277e+01
1.610765733916322517e+01
1.610784111896212067e+01
1.610802485971331421e+01
1.610820856119802968e+01
1.610839222319767217e+01
1.610857584549382082e+01
1.610875942786821824e+01
1.610894297010277754e+01
1.610912647197961078e+01
1.610930993328097571e+01
1.610949335378932190e+01
1.610967673328728367e+01
1.610986007155763389e+01
1.611004336838336570e+01
1.611022662354761081e+01
1.611040983683371053e+01
1.611059300802513405e+01
1.611077613690559929e+01
1.611095922325892715e+01
1.611114226686914819e+01
1.611132526752048832e+01
1.611150822499732271e+01
1.611169113908419348e+01
1.611187400956585236e+01
1.611205683622722162e+01
1.611223961885339406e+01
1.611242235722964011e+01
1.611260505114141495e+01
1.611278770037435137e+01
1.611297030471424563e+01
1.611315286394709645e+01
1.611333537785907311e+01
1.611351784623652961e+01
1.611370026886600115e+01
1.611388264553418637e+01
1.611406497602797572e+01
1.611424726013445508e+01
1.611442949764087018e+01
1.611461168833466573e+01
1.611479383200346405e+01
1.611497592843505444e+01
1.611515797741743228e+01
1.611533997873877411e+01
1.611552193218743056e+01
1.611570383755191926e+01
1.611588569462098164e+01
1.611606750318351544e+01
1.611624926302861027e+01
1.611643097394556534e+01
1.611661263572382907e+01
1.611679424815303818e+01
1.611697581102305321e+01
1.611715732412389102e+01
1.611733878724576030e+01
1.611752020017906162e+01
1.611770156271438026e+01
1.611788287464250757e+01
1.611806413575441255e+01
1.611824534584122048e+01
1.611842650469431604e+01
1.611860761210521886e+01
1.611878866786566178e+01
1.611896967176756945e+01
1.611915062360305129e+01
1.611933152316441564e+01
1.611951237024416983e+01
1.611969316463499879e+01
1.611987390612976867e+01
1.612005459452160139e+01
1.612023522960375033e+01
1.612041581116969269e+01
1.612059633901309752e+01
1.612077681292782572e+01
1.612095723270794423e+01
1.612113759814770475e+01
1.612131790904158635e+01
1.612149816518422796e+01
1.612167836637049589e+01
1.612185851239544121e+01
1.612203860305433523e+01
1.612221863814261624e+01
1.612239861745594993e+01
1.612257854079020092e+01
1.612275840794143988e+01
1.612293821870592936e+01
1.612311797288014148e+01
1.612329767026076155e+01
1.612347731064465961e+01
1.612365689382894374e+01
1.612383641961087122e+01
1.612401588778798356e+01
1.612419529815796793e+01
1.612437465051875662e+01
1.612455394466846315e+01
1.612473318040541415e+01
1.612491235752817431e+01
1.612509147583550018e+01
1.612527053512634723e+01
1.612544953519991608e+01
1.612562847585557080e+01
1.612580735689295253e+01
1.612598617811185520e+01
1.612616493931233208e+01
1.612634364029462830e+01
1.612652228085920569e+01
1.612670086080674992e+01
1.612687937993818466e+01
1.612705783805459347e+01
1.612723623495735126e+01
1.612741457044798565e+01
1.612759284432830853e+01
1.612777105640029873e+01
1.612794920646618380e+01
1.612812729432840442e+01
1.612830531978964288e+01
1.612848328265277686e+01
1.612866118272093630e+01
1.612883901979744294e+01
1.612901679368588859e+01
1.612919450419005685e+01
1.612937215111396938e+01
1.612954973426189653e+01
1.612972725343828984e+01
1.612990470844789215e+01
1.613008209909561330e+01
1.613025942518665801e+01
1.613043668652640150e+01
1.613061388292050680e+01
1.613079101417483585e+01
1.613096808009548866e+01
1.613114508048883167e+01
1.613132201516142317e+01
1.613149888392007725e+01
1.613167568657186024e+01
1.613185242292405519e+01
1.613202909278418673e+01
1.613220569596004594e+01
1.613238223225962997e+01
1.613255870149119175e+01
1.613273510346323647e+01
1.613291143798449312e+01
1.613308770486396071e+01
1.613326390391085141e+01
1.613344003493464385e+01
1.613361609774506533e+01
1.613379209215208476e+01
1.613396801796590552e+01
1.613414387499699387e+01
1.613431966305608611e+01
1.613449538195413169e+01
1.613467103150233228e+01
1.613484661151218447e+01
1.613502212179540152e+01
1.613519756216395606e+01
1.613537293243008008e+01
1.613554823240625424e+01
1.613572346190522921e+01
1.613589862074000081e+01
1.613607370872383839e+01
1.613624872567023516e+01
1.613642367139298628e+01
1.613659854570611429e+01
1.613677334842392597e+01
1.613694807936098385e+01
1.613712273833210631e+01
1.613729732515237814e+01
1.613747183963714704e+01
1.613764628160203429e+01
1.613782065086292405e+01
1.613799494723595629e+01
1.613816917053755873e+01
1.613834332058442200e+01
1.613851739719348899e+01
1.613869140018199744e+01
1.613886532936742668e+01
1.613903918456756159e+01
1.613921296560044638e+01
1.613938667228437396e+01
1.613956030443794987e+01
1.613973386188004255e+01
1.613990734442977981e+01
1.614008075190659852e+01
1.614025408413017360e+01
1.614042734092049258e+01
1.614060052209778817e+01
1.614077362748261990e+01
1.614094665689577468e+01
1.614111961015836982e+01
1.614129248709177489e+01
1.614146528751765430e+01
1.614163801125792830e+01
1.614181065813485816e+01
1.614198322797093965e+01
1.614215572058898829e+01
1.614232813581207893e+01
1.614250047346359551e+01
1.614267273336718489e+01
1.614284491534682786e+01
1.614301701922675036e+01
1.614318904483149453e+01
1.614336099198589025e+01
1.614353286051504099e+01
1.614370465024436641e+01
1.614387636099958456e+01
1.614404799260668000e+01
1.614421954489195343e+01
1.614439101768199691e+01
1.614456241080369736e+01
1.614473372408425078e+01
1.614490495735111963e+01
1.614507611043210744e+01
1.614524718315529483e+01
1.614541817534906443e+01
1.614558908684208660e+01
1.614575991746336214e+01
1.614593066704217961e+01
1.614610133540813308e+01
1.614627192239109732e+01
1.614644242782128813e+01
1.614661285152921977e+01
1.614678319334568002e+01
1.614695345310180841e+01
1.614712363062901801e+01
1.614729372575903810e+01
1.614746373832391768e+01
1.614763366815600065e+01
1.614780351508795064e+01
1.614797327895272971e+01
1.614814295958361967e+01
1.614831255681422562e+01
1.614848207047843687e+01
1.614865150041046959e+01
1.614882084644487037e+01
1.614899010841646643e+01
1.614915928616041896e+01
1.614932837951220890e+01
1.614949738830760850e+01
1.614966631238273820e+01
1.614983515157402394e+01
1.615000390571818301e+01
1.615017257465228440e+01
1.615034115821372041e+01
1.615050965624015333e+01
1.615067806856960786e+01
1.615084639504042485e+01
1.615101463549123650e+01
1.615118278976105159e+01
1.615135085768914536e+01
1.615151883911512343e+01
1.615168673387893605e+01
1.615185454182084968e+01
1.615202226278145048e+01
1.615218989660163018e+01
1.615235744312264998e+01
1.615252490218601977e+01
1.615269227363367222e+01
1.615285955730779932e+01
1.615302675305091640e+01
1.615319386070589758e+01
1.615336088011592963e+01
1.615352781112451552e+01
1.615369465357550638e+01
1.615386140731306241e+01
1.615402807218168491e+01
1.615419464802618421e+01
1.615436113469172597e+01
1.615452753202378844e+01
1.615469383986818031e+01
1.615486005807104064e+01
1.615502618647884603e+01
1.615519222493837859e+01
1.615535817329678991e+01
1.615552403140153714e+01
1.615568979910040071e+01
1.615585547624151985e+01
1.615602106267335003e+01
1.615618655824466288e+01
1.615635196280458175e+01
1.615651727620256750e+01
1.615668249828841141e+01
1.615684762891219961e+01
1.615701266792441615e+01
1.615717761517581508e+01
1.615734247051753059e+01
1.615750723380100595e+01
1.615767190487802552e+01
1.615783648360069336e+01
1.615800096982147238e+01
1.615816536339315235e+01
1.615832966416884275e+01
1.615849387200198706e+01
1.615865798674638398e+01
1.615882200825616266e+01
1.615898593638575775e+01
1.615914977098996630e+01
1.615931351192392285e+01
1.615947715904307813e+01
1.615964071220323106e+01
1.615980417126049318e+01
1.615996753607135616e+01
1.616013080649259237e+01
1.616029398238135428e+01
1.616045706359509282e+01
1.616062004999161772e+01
1.616078294142907978e+01
1.616094573776593535e+01
1.616110843886098181e+01
1.616127104457338604e+01
1.616143355476259558e+01
1.616159596928843456e+01
1.616175828801106107e+01
1.616192051079092806e+01
1.616208263748887219e+01
1.616224466796601078e+01
1.616240660208385194e+01
1.616256843970420221e+01
1.616273018068919143e+01
1.616289182490132603e+01
1.616305337220341798e+01
1.616321482245860608e+01
1.616337617553037020e+01
1.616353743128253839e+01
1.616369858957922645e+01
1.616385965028494454e+01
1.616402061326449413e+01
1.616418147838302133e+01
1.616434224550598842e+01
1.616450291449920229e+01
1.616466348522880381e+01
1.616482395756127133e+01
1.616498433136340296e+01
1.616514460650230944e+01
1.616530478284545325e+01
1.616546486026062013e+01
1.616562483861594401e+01
1.616578471777986437e+01
1.616594449762114394e+01
1.616610417800890431e+01
1.616626375881256550e+01
1.616642323990189212e+01
1.616658262114696498e+01
1.616674190241820597e+01
1.616690108358633893e+01
1.616706016452243944e+01
1.616721914509789571e+01
1.616737802518443701e+01
1.616753680465408749e+01
1.616769548337920526e+01
1.616785406123250723e+01
1.616801253808697680e+01
1.616817091381595972e+01
1.616832918829312149e+01
1.616848736139244025e+01
1.616864543298819612e+01
1.616880340295502805e+01
1.616896127116787341e+01
1.616911903750198931e+01
1.616927670183295973e+01
1.616943426403668482e+01
1.616959172398937739e+01
1.616974908156758062e+01
1.616990633664813259e+01
1.617006348910821245e+01
1.617022053882529420e+01
1.617037748567719291e+01
1.617053432954200787e+01
1.617069107029815811e+01
1.617084770782440017e+01
1.617100424199977837e+01
1.617116067270366031e+01
1.617131699981572268e+01
1.617147322321594416e+01
1.617162934278462316e+01
1.617178535840237075e+01
1.617194126995009995e+01
1.617209707730902934e+01
1.617225278036069014e+01
1.617240837898691552e+01
1.617256387306984067e+01
1.617271926249192049e+01
1.617287454713589057e+01
1.617302972688481688e+01
1.617318480162205319e+01
1.617333977123124100e+01
1.617349463559636291e+01
1.617364939460165729e+01
1.617380404813168937e+01
1.617395859607130504e+01
1.617411303830566993e+01
1.617426737472023746e+01
1.617442160520073458e+01
1.617457572963321155e+01
1.617472974790401352e+01
1.617488365989975208e+01
1.617503746550737276e+01
1.617519116461407336e+01
1.617534475710735720e+01
1.617549824287501181e+01
1.617565162180513738e+01
1.617580489378610054e+01
1.617595805870654146e+01
1.617611111645542721e+01
1.617626406692197705e+01
1.617641690999570159e+01
1.617656964556640986e+01
1.617672227352416670e+01
1.617687479375934956e+01
1.617702720616258816e+01
1.617717951062480708e+01
1.617733170703720447e+01
1.617748379529125913e+01
1.617763577527873053e+01
1.617778764689163395e+01
1.617793941002229019e+01
1.617809106456325807e+01
1.617824261040740552e+01
1.617839404744783849e+01
1.617854537557795425e+01
1.617869659469141652e+01
1.617884770468215549e+01
1.617899870544436070e+01
1.617914959687249521e+01
1.617930037886128858e+01
1.617945105130572969e+01
1.617960161410107744e+01
1.617975206714284653e+01
1.617990241032680743e+01
1.618005264354900774e+01
1.618020276670572244e+01
1.618035277969352848e+01
1.618050268240921596e+01
1.618065247474985568e+01
1.618080215661276711e+01
1.618095172789550773e+01
1.618110118849592638e+01
1.618125053831207083e+01
1.618139977724225886e+01
1.618154890518508537e+01
1.618169792203934776e+01
1.618184682770411698e+01
1.618199562207869135e+01
1.618214430506263923e+01
1.618229287655573501e+01
1.618244133645804084e+01
1.618258968466979653e+01
1.618273792109155451e+01
1.618288604562402355e+01
1.618303405816822860e+01
1.618318195862536513e+01
1.618332974689690928e+01
1.618347742288454683e+01
1.618362498649019798e+01
1.618377243761599971e+01
1.618391977616436606e+01
1.618406700203787452e+01
1.618421411513936903e+01
1.618436111537191380e+01
1.618450800263879685e+01
1.618465477684352294e+01
1.618480143788982772e+01
1.618494798568164228e+01
1.618509442012315347e+01
1.618524074111875777e+01
1.618538694857302218e+01
1.618553304239081569e+01
1.618567902247713519e+01
1.618582488873724046e+01
1.618597064107657957e+01
1.618611627940085285e+01
1.618626180361589562e+01
1.618640721362783097e+01
1.618655250934292766e+01
1.618669769066769959e+01
1.618684275750883828e+01
1.618698770977324486e+01
1.618713254736805141e+01
1.618727727020053564e+01
1.618742187817822398e+01
1.618756637120880981e+01
1.618771074920019259e+01
1.618785501206047783e+01
1.618799915969795933e+01
1.618814319202109786e+01
1.618828710893857803e+01
1.618843091035928339e+01
1.618857459619223604e+01
1.618871816634668903e+01
1.618886162073208368e+01
1.618900495925801408e+01
1.618914818183428039e+01
1.618929128837086751e+01
1.618943427877792729e+01
1.618957715296581057e+01
1.618971991084502804e+01
1.618986255232627158e+01
1.619000507732041427e+01
1.619014748573852103e+01
1.619028977749179532e+01
1.619043195249164313e+01
1.619057401064962320e+01
1.619071595187747192e+01
1.619085777608708199e+01
1.619099948319055216e+01
1.619114107310008777e+01
1.619128254572812153e+01
1.619142390098721052e+01
1.619156513879007164e+01
1.619170625904960303e+01
1.619184726167886978e+01
1.619198814659105423e+01
1.619212891369954832e+01
1.619226956291785768e+01
1.619241009415968335e+01
1.619255050733884360e+01
1.619269080236932368e+01
1.619283097916527936e+01
1.619297103764096590e+01
1.619311097771085173e+01
1.619325079928952604e+01
1.619339050229169530e+01
1.619353008663225779e+01
1.619366955222623616e+01
1.619380889898879516e+01
1.619394812683523099e+01
1.619408723568101749e+01
1.619422622544173862e+01
1.619436509603312757e+01
1.619450384737103832e+01
1.619464247937149892e+01
1.619478099195061560e+01
1.619491938502468997e+01
1.619505765851012669e+01
1.619519581232345118e+01
1.619533384638135587e+01
1.619547176060063265e+01
1.619560955489822263e+01
1.619574722919116283e+01
1.619588478339665727e+01
1.619602221743202008e+01
1.619615953121467200e+01
1.619629672466218295e+01
1.619643379769223657e+01
1.619657075022264436e+01
1.619670758217132445e+01
1.619684429345631571e+01
1.619698088399581337e+01
1.619711735370805172e+01
1.619725370251146757e+01
1.619738993032457586e+01
1.619752603706598748e+01
1.619766202265445898e+01
1.619779788700884282e+01
1.619793363004811582e+01
1.619806925169134715e+01
1.619820475185774100e+01
1.619834013046659393e+01
1.619847538743731263e+01
1.619861052268941393e+01
1.619874553614252832e+01
1.619888042771637515e+01
1.619901519733079809e+01
1.619914984490573673e+01
1.619928437036121949e+01
1.619941877361741334e+01
1.619955305459455985e+01
1.619968721321299654e+01
1.619982124939318169e+01
1.619995516305565531e+01
1.620008895412107108e+01
1.620022262251018574e+01
1.620035616814383417e+01
1.620048959094294716e+01
1.620062289082855145e+01
1.620075606772180876e+01
1.620088912154393412e+01
1.620102205221622782e+01
1.620115485966012514e+01
1.620128754379711467e+01
1.620142010454880932e+01
1.620155254183688243e+01
1.620168485558312099e+01
1.620181704570939729e+01
1.620194911213766886e+01
1.620208105478998206e+01
1.620221287358847562e+01
1.620234456845537352e+01
1.620247613931299924e+01
1.620260758608372242e+01
1.620273890869004418e+01
1.620287010705456154e+01
1.620300118109990706e+01
1.620313213074881631e+01
1.620326295592414212e+01
1.620339365654877639e+01
1.620352423254572471e+01
1.620365468383805307e+01
1.620378501034893404e+01
1.620391521200159346e+01
1.620404528871940286e+01
1.620417524042571955e+01
1.620430506704406071e+01
1.620443476849800035e+01
1.620456434471119067e+01
1.620469379560735845e+01
1.620482312111030865e+01
1.620495232114394213e+01
1.620508139563225214e+01
1.620521034449928166e+01
1.620533916766915894e+01
1.620546786506610815e+01
1.620559643661439964e+01
1.620572488223843877e+01
1.620585320186265221e+01
1.620598139541158744e+01
1.620610946280983455e+01
1.620623740398209023e+01
1.620636521885312931e+01
1.620649290734778347e+01
1.620662046939098389e+01
1.620674790490772921e+01
1.620687521382309626e+01
1.620700239606224358e+01
1.620712945155042206e+01
1.620725638021293591e+01
1.620738318197517458e+01
1.620750985676261990e+01
1.620763640450081411e+01
1.620776282511540600e+01
1.620788911853208347e+01
1.620801528467665520e+01
1.620814132347497249e+01
1.620826723485299681e+01
1.620839301873673222e+01
1.620851867505230715e+01
1.620864420372589976e+01
1.620876960468377703e+01
1.620889487785228056e+01
1.620902002315784074e+01
1.620914504052696614e+01
1.620926992988625415e+01
1.620939469116235898e+01
1.620951932428204856e+01
1.620964382917215119e+01
1.620976820575958399e+01
1.620989245397134582e+01
1.621001657373452787e+01
1.621014056497629596e+01
1.621026442762389408e+01
1.621038816160466922e+01
1.621051176684601813e+01
1.621063524327547967e+01
1.621075859082063531e+01
1.621088180940915180e+01
1.621100489896879182e+01
1.621112785942743528e+01
1.621125069071300473e+01
1.621137339275353639e+01
1.621149596547713045e+01
1.621161840881201854e+01
1.621174072268649269e+01
1.621186290702893018e+01
1.621198496176783621e+01
1.621210688683174794e+01
1.621222868214938373e+01
1.621235034764945482e+01
1.621247188326082878e+01
1.621259328891247620e+01
1.621271456453341031e+01
1.621283571005279356e+01
1.621295672539985588e+01
1.621307761050392671e+01
1.621319836529444913e+01
1.621331898970096930e+01
1.621343948365310084e+01
1.621355984708058884e+01
1.621368007991326721e+01
1.621380018208107288e+01
1.621392015351407068e+01
1.621403999414238584e+01
1.621415970389628569e+01
1.621427928270612284e+01
1.621439873050237068e+01
1.621451804721561274e+01
1.621463723277652136e+01
1.621475628711589678e+01
1.621487521016463518e+01
1.621499400185378548e+01
1.621511266211443925e+01
1.621523119087787990e+01
1.621534958807545479e+01
1.621546785363863208e+01
1.621558598749902558e+01
1.621570398958833081e+01
1.621582185983839608e+01
1.621593959818117270e+01
1.621605720454871857e+01
1.621617467887325503e+01
1.621629202108709222e+01
1.621640923112268595e+01
1.621652630891260216e+01
1.621664325438953824e+01
1.621676006748633014e+01
1.621687674813594526e+01
1.621699329627145403e+01
1.621710971182610095e+01
1.621722599473323712e+01
1.621734214492633441e+01
1.621745816233904947e+01
1.621757404690511706e+01
1.621768979855847803e+01
1.621780541723312652e+01
1.621792090286328758e+01
1.621803625538326799e+01
1.621815147472753793e+01
1.621826656083072393e+01
1.621838151362758751e+01
1.621849633305301452e+01
1.621861101904208979e+01
1.621872557153000471e+01
1.621883999045212832e+01
1.621895427574398241e+01
1.621906842734122733e+01
1.621918244517967977e+01
1.621929632919533049e+01
1.621941007932432655e+01
1.621952369550296424e+01
1.621963717766770330e+01
1.621975052575518461e+01
1.621986373970217699e+01
1.621997681944565528e+01
1.622008976492274002e+01
1.622020257607072224e+01
1.622031525282707776e+01
1.622042779512943866e+01
1.622054020291560761e+01
1.622065247612359329e+01
1.622076461469152875e+01
1.622087661855778151e+01
1.622098848766085766e+01
1.622110022193947287e+01
1.622121182133249206e+01
1.622132328577900751e+01
1.622143461521825358e+01
1.622154580958970271e+01
1.622165686883295876e+01
1.622176779288787074e+01
1.622187858169444397e+01
1.622198923519287561e+01
1.622209975332359733e+01
1.622221013602717932e+01
1.622232038324445114e+01
1.622243049491641642e+01
1.622254047098426000e+01
1.622265031138940827e+01
1.622276001607346174e+01
1.622286958497826248e+01
1.622297901804581244e+01
1.622308831521836936e+01
1.622319747643837573e+01
1.622330650164849430e+01
1.622341539079162587e+01
1.622352414381085239e+01
1.622363276064949389e+01
1.622374124125108708e+01
1.622384958555938539e+01
1.622395779351838030e+01
1.622406586507228354e+01
1.622417380016552002e+01
1.622428159874274911e+01
1.622438926074887888e+01
1.622449678612903767e+01
1.622460417482856698e+01
1.622471142679308542e+01
1.622481854196840700e+01
1.622492552030062640e+01
1.622503236173604080e+01
1.622513906622119961e+01
1.622524563370292938e+01
1.622535206412824493e+01
1.622545835744447018e+01
1.622556451359912799e+01
1.622567053254001124e+01
1.622577641421518280e+01
1.622588215857292582e+01
1.622598776556180411e+01
1.622609323513063728e+01
1.622619856722849363e+01
1.622630376180472211e+01
1.622640881880891683e+01
1.622651373819093124e+01
1.622661851990090298e+01
1.622672316388923974e+01
1.622682767010659433e+01
1.622693203850393218e+01
1.622703626903244611e+01
1.622714036164363094e+01
1.622724431628925856e+01
1.622734813292136735e+01
1.622745181149228699e+01
1.622755535195462784e+01
1.622765875426127380e+01
1.622776201836541077e+01
1.622786514422049464e+01
1.622796813178029041e+01
1.622807098099882595e+01
1.622817369183044178e+01
1.622827626422977332e+01
1.622837869815174727e+01
1.622848099355157458e+01
1.622858315038478949e+01
1.622868516860721044e+01
1.622878704817496498e+01
1.622888878904447196e+01
1.622899039117248776e+01
1.622909185451602454e+01
1.622919317903246750e+01
1.622929436467946118e+01
1.622939541141497699e+01
1.622949631919731317e+01
1.622959708798507705e+01
1.622969771773718861e+01
1.622979820841288046e+01
1.622989855997172626e+01
1.622999877237361588e+01
1.623009884557874116e+01
1.623019877954765278e+01
1.623029857424119626e+01
1.623039822962058309e+01
1.623049774564731607e+01
1.623059712228326035e+01
1.623069635949059375e+01
1.623079545723185646e+01
1.623089441546987999e+01
1.623099323416787954e+01
1.623109191328939360e+01
1.623119045279830175e+01
1.623128885265882460e+01
1.623138711283551672e+01
1.623148523329330573e+01
1.623158321399744608e+01
1.623168105491355817e+01
1.623177875600759634e+01
1.623187631724588087e+01
1.623197373859506953e+01
1.623207102002218249e+01
1.623216816149461650e+01
1.623226516298008804e+01
1.623236202444671505e+01
1.623245874586295301e+01
1.623255532719761263e+01
1.623265176841988477e+01
1.623274806949932625e+01
1.623284423040585267e+01
1.623294025110974914e+01
1.623303613158169512e+01
1.623313187179268269e+01
1.623322747171414093e+01
1.623332293131782933e+01
1.623341825057590881e+01
1.623351342946091336e+01
1.623360846794572154e+01
1.623370336600365960e+01
1.623379812360835928e+01
1.623389274073388933e+01
1.623398721735468442e+01
1.623408155344555581e+01
1.623417574898170201e+01
1.623426980393872299e+01
1.623436371829258107e+01
1.623445749201967558e+01
1.623455112509675047e+01
1.623464461750096888e+01
1.623473796920986700e+01
1.623483118020139671e+01
1.623492425045388288e+01
1.623501717994609095e+01
1.623510996865712741e+01
1.623520261656653929e+01
1.623529512365427152e+01
1.623538748990063851e+01
1.623547971528640588e+01
1.623557179979270515e+01
1.623566374340109064e+01
1.623575554609352167e+01
1.623584720785235902e+01
1.623593872866038978e+01
1.623603010850079187e+01
1.623612134735715173e+01
1.623621244521348927e+01
1.623630340205421518e+01
1.623639421786416293e+01
1.623648489262859229e+01
1.623657542633315387e+01
1.623666581896395300e+01
1.623675607050746450e+01
1.623684618095061083e+01
1.623693615028074788e+01
1.623702597848562945e+01
1.623711566555342856e+01
1.623720521147274809e+01
1.623729461623262438e+01
1.623738387982250586e+01
1.623747300223227441e+01
1.623756198345221691e+01
1.623765082347307498e+01
1.623773952228600237e+01
1.623782807988258980e+01
1.623791649625485078e+01
1.623800477139522869e+01
1.623809290529658966e+01
1.623818089795226172e+01
1.623826874935596365e+01
1.623835645950188677e+01
1.623844402838461320e+01
1.623853145599919756e+01
1.623861874234112435e+01
1.623870588740627952e+01
1.623879289119103930e+01
1.623887975369216718e+01
1.623896647490688139e+01
1.623905305483284778e+01
1.623913949346817276e+01
1.623922579081138196e+01
1.623931194686144863e+01
1.623939796161780080e+01
1.623948383508029636e+01
1.623956956724921952e+01
1.623965515812531279e+01
1.623974060770976635e+01
1.623982591600421799e+01
1.623991108301070696e+01
1.623999610873175570e+01
1.624008099317032361e+01
1.624016573632980354e+01
1.624025033821403596e+01
1.624033479882732323e+01
1.624041911817439043e+01
1.624050329626041744e+01
1.624058733309102109e+01
1.624067122867227653e+01
1.624075498301071008e+01
1.624083859611326730e+01
1.624092206798736626e+01
1.624100539864088333e+01
1.624108858808208566e+01
1.624117163631974847e+01
1.624125454336306262e+01
1.624133730922168439e+01
1.624141993390569993e+01
1.624150241742564305e+01
1.624158475979252358e+01
1.624166696101775997e+01
1.624174902111325025e+01
1.624183094009132233e+01
1.624191271796476244e+01
1.624199435474677955e+01
1.624207585045109425e+01
1.624215720509178595e+01
1.624223841868345986e+01
1.624231949124112973e+01
1.624240042278026408e+01
1.624248121331676487e+01
1.624256186286701720e+01
1.624264237144782896e+01
1.624272273907645214e+01
1.624280296577059346e+01
1.624288305154840728e+01
1.624296299642850272e+01
1.624304280042990456e+01
1.624312246357213141e+01
1.624320198587510333e+01
1.624328136735920225e+01
1.624336060804526838e+01
1.624343970795456116e+01
1.624351866710880898e+01
1.624359748553017369e+01
1.624367616324126473e+01
1.624375470026512502e+01
1.624383309662525221e+01
1.624391135234557382e+01
1.624398946745047212e+01
1.624406744196477348e+01
1.624414527591373414e+01
1.624422296932304732e+01
1.624430052221887166e+01
1.624437793462777435e+01
1.624445520657678443e+01
1.624453233809334662e+01
1.624460932920537104e+01
1.624468617994119413e+01
1.624476289032957865e+01
1.624483946039973858e+01
1.624491589018131421e+01
1.624499217970437570e+01
1.624506832899944797e+01
1.624514433809746805e+01
1.624522020702980996e+01
1.624529593582830245e+01
1.624537152452515087e+01
1.624544697315306152e+01
1.624552228174511015e+01
1.624559745033484859e+01
1.624567247895620881e+01
1.624574736764358818e+01
1.624582211643180685e+01
1.624589672535607932e+01
1.624597119445208193e+01
1.624604552375588895e+01
1.624611971330400806e+01
1.624619376313336616e+01
1.624626767328132004e+01
1.624634144378562794e+01
1.624641507468448864e+01
1.624648856601648816e+01
1.624656191782066728e+01
1.624663513013644334e+01
1.624670820300367780e+01
1.624678113646262645e+01
1.624685393055398208e+01
1.624692658531881406e+01
1.624699910079864296e+01
1.624707147703535171e+01
1.624714371407127089e+01
1.624721581194910414e+01
1.624728777071199914e+01
1.624735959040348376e+01
1.624743127106746599e+01
1.624750281274831210e+01
1.624757421549074010e+01
1.624764547933989789e+01
1.624771660434130638e+01
1.624778759054089861e+01
1.624785843798500551e+01
1.624792914672034527e+01
1.624799971679401978e+01
1.624807014825352525e+01
1.624814044114677714e+01
1.624821059552205682e+01
1.624828061142801161e+01
1.624835048891371514e+01
1.624842022802858921e+01
1.624848982882244997e+01
1.624855929134554344e+01
1.624862861564839633e+01
1.624869780178200074e+01
1.624876684979768626e+01
1.624883575974717687e+01
1.624890453168254467e+01
1.624897316565625971e+01
1.624904166172115083e+01
1.624911001993041282e+01
1.624917824033762059e+01
1.624924632299668659e+01
1.624931426796193179e+01
1.624938207528801826e+01
1.624944974502995620e+01
1.624951727724313244e+01
1.624958467198328904e+01
1.624965192930650915e+01
1.624971904926925603e+01
1.624978603192833404e+01
1.624985287734089923e+01
1.624991958556444516e+01
1.624998615665683133e+01
1.625005259067625829e+01
1.625011888768126767e+01
1.625018504773073857e+01
1.625025107088391607e+01
1.625031695720035074e+01
1.625038270673995200e+01
1.625044831956295610e+01
1.625051379572993326e+01
1.625057913530179832e+01
1.625064433833976807e+01
1.625070940490542526e+01
1.625077433506065105e+01
1.625083912886764992e+01
1.625090378638898869e+01
1.625096830768748291e+01
1.625103269282635665e+01
1.625109694186907205e+01
1.625116105487944651e+01
1.625122503192161361e+01
1.625128887305999115e+01
1.625135257835934155e+01
1.625141614788469724e+01
1.625147958170143880e+01
1.625154287987522039e+01
1.625160604247199814e+01
1.625166906955804080e+01
1.625173196119991559e+01
1.625179471746447035e+01
1.625185733841886204e+01
1.625191982413054248e+01
1.625198217466723705e+01
1.625204439009696955e+01
1.625210647048805157e+01
1.625216841590908246e+01
1.625223022642893511e+01
1.625229190211675245e+01
1.625235344304197938e+01
1.625241484927432722e+01
1.625247612088378091e+01
1.625253725794058468e+01
1.625259826051528478e+01
1.625265912867866547e+01
1.625271986250178458e+01
1.625278046205595928e+01
1.625284092741279807e+01
1.625290125864413682e+01
1.625296145582208851e+01
1.625302151901899705e+01
1.625308144830749058e+01
1.625314124376042813e+01
1.625320090545093521e+01
1.625326043345236826e+01
1.625331982783832530e+01
1.625337908868267789e+01
1.625343821605951788e+01
1.625349721004315384e+01
1.625355607070819630e+01
1.625361479812942278e+01
1.625367339238187725e+01
1.625373185354083461e+01
1.625379018168179002e+01
1.625384837688047313e+01
1.625390643921283029e+01
1.625396436875503525e+01
1.625402216558348556e+01
1.625407982977480614e+01
1.625413736140578891e+01
1.625419476055350998e+01
1.625425202729521246e+01
1.625430916170837392e+01
1.625436616387066024e+01
1.625442303385995046e+01
1.625447977175432612e+01
1.625453637763208548e+01
1.625459285157170086e+01
1.625464919365186844e+01
1.625470540395147268e+01
1.625476148254957565e+01
1.625481742952543485e+01
1.625487324495852803e+01
1.625492892892847863e+01
1.625498448151513031e+01
1.625503990279848665e+01
1.625509519285873239e+01
1.625515035177624767e+01
1.625520537963158674e+01
1.625526027650545657e+01
1.625531504247878090e+01
1.625536967763260066e+01
1.625542418204816997e+01
1.625547855580690637e+01
1.625553279899034465e+01
1.625558691168024339e+01
1.625564089395849621e+01
1.625569474590713170e+01
1.625574846760840231e+01
1.625580205914462795e+01
1.625585552059835948e+01
1.625590885205225078e+01
1.625596205358911917e+01
1.625601512529193471e+01
1.625606806724380604e+01
1.625612087952798746e+01
1.625617356222786825e+01
1.625622611542697626e+01
1.625627853920899568e+01
1.625633083365772080e+01
1.625638299885711291e+01
1.625643503489121855e+01
1.625648694184424414e+01
1.625653871980050269e+01
1.625659036884447062e+01
1.625664188906072383e+01
1.625669328053394480e+01
1.625674454334895103e+01
1.625679567759070920e+01
1.625684668334423577e+01
1.625689756069469638e+01
1.625694830972740590e+01
1.625699893052771827e+01
1.625704942318115087e+01
1.625709978777329923e+01
1.625715002438988677e+01
1.625720013311670442e+01
1.625725011403968523e+01
1.625729996724483328e+01
1.625734969281825926e+01
1.625739929084618396e+01
1.625744876141489215e+01
1.625749810461079292e+01
1.625754732052035578e+01
1.625759640923016747e+01
1.625764537082688221e+01
1.625769420539724663e+01
1.625774291302807839e+01
1.625779149380630528e+01
1.625783994781892616e+01
1.625788827515299673e+01
1.625793647589565438e+01
1.625798455013412891e+01
1.625803249795572825e+01
1.625808031944780652e+01
1.625812801469779600e+01
1.625817558379322492e+01
1.625822302682163567e+01
1.625827034387068437e+01
1.625831753502806976e+01
1.625836460038154385e+01
1.625841154001894751e+01
1.625845835402815354e+01
1.625850504249709516e+01
1.625855160551376599e+01
1.625859804316622359e+01
1.625864435554256815e+01
1.625869054273095671e+01
1.625873660481957472e+01
1.625878254189667160e+01
1.625882835405056070e+01
1.625887404136957315e+01
1.625891960394209335e+01
1.625896504185654479e+01
1.625901035520139359e+01
1.625905554406515208e+01
1.625910060853635386e+01
1.625914554870358231e+01
1.625919036465546696e+01
1.625923505648061607e+01
1.625927962426775863e+01
1.625932406810555619e+01
1.625936838808279106e+01
1.625941258428819580e+01
1.625945665681057406e+01
1.625950060573875788e+01
1.625954443116157933e+01
1.625958813316789886e+01
1.625963171184660894e+01
1.625967516728660556e+01
1.625971849957683091e+01
1.625976170880621652e+01
1.625980479506371168e+01
1.625984775843829766e+01
1.625989059901895573e+01
1.625993331689470622e+01
1.625997591215453397e+01
1.626001838488746287e+01
1.626006073518252748e+01
1.626010296312875880e+01
1.626014506881520205e+01
1.626018705233090955e+01
1.626022891376491941e+01
1.626027065320630172e+01
1.626031227074409813e+01
1.626035376646738584e+01
1.626039514046520296e+01
1.626043639282661246e+01
1.626047752364066312e+01
1.626051853299640726e+01
1.626055942098290075e+01
1.626060018768915327e+01
1.626064083320423492e+01
1.626068135761713407e+01
1.626072176101689948e+01
1.626076204349251597e+01
1.626080220513297547e+01
1.626084224602727701e+01
1.626088216626439475e+01
1.626092196593326733e+01
1.626096164512284759e+01
1.626100120392206350e+01
1.626104064241983593e+01
1.626107996070504669e+01
1.626111915886655979e+01
1.626115823699325347e+01
1.626119719517396334e+01
1.626123603349749658e+01
1.626127475205264616e+01
1.626131335092818020e+01
1.626135183021288455e+01
1.626139018999543495e+01
1.626142843036455332e+01
1.626146655140891184e+01
1.626150455321715782e+01
1.626154243587792791e+01
1.626158019947979483e+01
1.626161784411131705e+01
1.626165536986105309e+01
1.626169277681749747e+01
1.626173006506912699e+01
1.626176723470436514e+01
1.626180428581163895e+01
1.626184121847933284e+01
1.626187803279576372e+01
1.626191472884926981e+01
1.626195130672811118e+01
1.626198776652052302e+01
1.626202410831472989e+01
1.626206033219886748e+01
1.626209643826108930e+01
1.626213242658947777e+01
1.626216829727207269e+01
1.626220405039690320e+01
1.626223968605194514e+01
1.626227520432512108e+01
1.626231060530433226e+01
1.626234588907743017e+01
1.626238105573222725e+01
1.626241610535647553e+01
1.626245103803791991e+01
1.626248585386422718e+01
1.626252055292304988e+01
1.626255513530196950e+01
1.626258960108854268e+01
1.626262395037026565e+01
1.626265818323461687e+01
1.626269229976898600e+01
1.626272630006075204e+01
1.626276018419724778e+01
1.626279395226571722e+01
1.626282760435340791e+01
1.626286114054748566e+01
1.626289456093508790e+01
1.626292786560329873e+01
1.626296105463914188e+01
1.626299412812959844e+01
1.626302708616161041e+01
1.626305992882205231e+01
1.626309265619777378e+01
1.626312526837553207e+01
1.626315776544208447e+01
1.626319014748409941e+01
1.626322241458820628e+01
1.626325456684099180e+01
1.626328660432896100e+01
1.626331852713861181e+01
1.626335033535636398e+01
1.626338202906858399e+01
1.626341360836158501e+01
1.626344507332162337e+01
1.626347642403491989e+01
1.626350766058763142e+01
1.626353878306587220e+01
1.626356979155566052e+01
1.626360068614303600e+01
1.626363146691390682e+01
1.626366213395419180e+01
1.626369268734969609e+01
1.626372312718621416e+01
1.626375345354946589e+01
1.626378366652513918e+01
1.626381376619882602e+01
1.626384375265610771e+01
1.626387362598247677e+01
1.626390338626339371e+01
1.626393303358426579e+01
1.626396256803041140e+01
1.626399198968713833e+01
1.626402129863965840e+01
1.626405049497315858e+01
1.626407957877277255e+01
1.626410855012355228e+01
1.626413740911049644e+01
1.626416615581859659e+01
1.626419479033271642e+01
1.626422331273771960e+01
1.626425172311839162e+01
1.626428002155947183e+01
1.626430820814564271e+01
1.626433628296151568e+01
1.626436424609166309e+01
1.626439209762061822e+01
1.626441983763281129e+01
1.626444746621266191e+01
1.626447498344453280e+01
1.626450238941269788e+01
1.626452968420140266e+01
1.626455686789485000e+01
1.626458394057714330e+01
1.626461090233237528e+01
1.626463775324457117e+01
1.626466449339769937e+01
1.626469112287566077e+01
1.626471764176233137e+01
1.626474405014152680e+01
1.626477034809696320e+01
1.626479653571237449e+01
1.626482261307140220e+01
1.626484858025762392e+01
1.626487443735460658e+01
1.626490018444581409e+01
1.626492582161469613e+01
1.626495134894463490e+01
1.626497676651895219e+01
1.626500207442093782e+01
1.626502727273381410e+01
1.626505236154075007e+01
1.626507734092488633e+01
1.626510221096927822e+01
1.626512697175695621e+01
1.626515162337089748e+01
1.626517616589401527e+01
1.626520059940918017e+01
1.626522492399921305e+01
1.626524913974688857e+01
1.626527324673493169e+01
1.626529724504599983e+01
1.626532113476272912e+01
1.626534491596770593e+01
1.626536858874341362e+01
1.626539215317238174e+01
1.626541560933700126e+01
1.626543895731968448e+01
1.626546219720274422e+01
1.626548532906848621e+01
1.626550835299913800e+01
1.626553126907689162e+01
1.626555407738391423e+01
1.626557677800229840e+01
1.626559937101410824e+01
1.626562185650135817e+01
1.626564423454599506e+01
1.626566650522996227e+01
1.626568866863513207e+01
1.626571072484334479e+01
1.626573267393638389e+01
1.626575451599600441e+01
1.626577625110391878e+01
1.626579787934177546e+01
1.626581940079120159e+01
1.626584081553377814e+01
1.626586212365103634e+01
1.626588332522448255e+01
1.626590442033556627e+01
1.626592540906571216e+01
1.626594629149627380e+01
1.626596706770861189e+01
1.626598773778401608e+01
1.626600830180372981e+01
1.626602875984898944e+01
1.626604911200096737e+01
1.626606935834079692e+01
1.626608949894959366e+01
1.626610953390842695e+01
1.626612946329833065e+01
1.626614928720028885e+01
1.626616900569527857e+01
1.626618861886420220e+01
1.626620812678795502e+01
1.626622752954739326e+01
1.626624682722334114e+01
1.626626601989656962e+01
1.626628510764785318e+01
1.626630409055786686e+01
1.626632296870734606e+01
1.626634174217691253e+01
1.626636041104719155e+01
1.626637897539877997e+01
1.626639743531222848e+01
1.626641579086806644e+01
1.626643404214677702e+01
1.626645218922884695e+01
1.626647023219469190e+01
1.626648817112473822e+01
1.626650600609935182e+01
1.626652373719887379e+01
1.626654136450364163e+01
1.626655888809392891e+01
1.626657630805000920e+01
1.626659362445214185e+01
1.626661083738050806e+01
1.626662794691529967e+01
1.626664495313666947e+01
1.626666185612478088e+01
1.626667865595971207e+01
1.626669535272156253e+01
1.626671194649037844e+01
1.626672843734620955e+01
1.626674482536906297e+01
1.626676111063891383e+01
1.626677729323574084e+01
1.626679337323948715e+01
1.626680935073006395e+01
1.626682522578739309e+01
1.626684099849131826e+01
1.626685666892172577e+01
1.626687223715842734e+01
1.626688770328125244e+01
1.626690306736998437e+01
1.626691832950442418e+01
1.626693348976430187e+01
1.626694854822935454e+01
1.626696350497932642e+01
1.626697836009389775e+01
1.626699311365275236e+01
1.626700776573555984e+01
1.626702231642195784e+01
1.626703676579159108e+01
1.626705111392407233e+01
1.626706536089899302e+01
1.626707950679592685e+01
1.626709355169445814e+01
1.626710749567412861e+01
1.626712133881448352e+01
1.626713508119502904e+01
1.626714872289528557e+01
1.626716226399473086e+01
1.626717570457284978e+01
1.626718904470912364e+01
1.626720228448297689e+01
1.626721542397386955e+01
1.626722846326121896e+01
1.626724140242443895e+01
1.626725424154293975e+01
1.626726698069610677e+01
1.626727961996330762e+01
1.626729215942391704e+01
1.626730459915730265e+01
1.626731693924279654e+01
1.626732917975973436e+01
1.626734132078743400e+01
1.626735336240520979e+01
1.626736530469238318e+01
1.626737714772823296e+01
1.626738889159205215e+01
1.626740053636310535e+01
1.626741208212066425e+01
1.626742352894398991e+01
1.626743487691232204e+01
1.626744612610490748e+01
1.626745727660097529e+01
1.626746832847974389e+01
1.626747928182043879e+01
1.626749013670225352e+01
1.626750089320440651e+01
1.626751155140608063e+01
1.626752211138645166e+01
1.626753257322471669e+01
1.626754293700002307e+01
1.626755320279155725e+01
1.626756337067846303e+01
1.626757344073988421e+01
1.626758341305498945e+01
1.626759328770288704e+01
1.626760306476272433e+01
1.626761274431362025e+01
1.626762232643469730e+01
1.626763181120505664e+01
1.626764119870381720e+01
1.626765048901007304e+01
1.626765968220292180e+01
1.626766877836143266e+01
1.626767777756471389e+01
1.626768667989183115e+01
1.626769548542185717e+01
1.626770419423384340e+01
1.626771280640686967e+01
1.626772132201996968e+01
1.626772974115221260e+01
1.626773806388261789e+01
1.626774629029024410e+01
1.626775442045410713e+01
1.626776245445323354e+01
1.626777039236664990e+01
1.626777823427335790e+01
1.626778598025238765e+01
1.626779363038271242e+01
1.626780118474334813e+01
1.626780864341328225e+01
1.626781600647148807e+01
1.626782327399695660e+01
1.626783044606866468e+01
1.626783752276555717e+01
1.626784450416659666e+01
1.626785139035075645e+01
1.626785818139696360e+01
1.626786487738418074e+01
1.626787147839132430e+01
1.626787798449731781e+01
1.626788439578108836e+01
1.626789071232154171e+01
1.626789693419760141e+01
1.626790306148814125e+01
1.626790909427206699e+01
1.626791503262824534e+01
1.626792087663557851e+01
1.626792662637291542e+01
1.626793228191910501e+01
1.626793784335302107e+01
1.626794331075348055e+01
1.626794868419934303e+01
1.626795396376940417e+01
1.626795914954249866e+01
1.626796424159742216e+01
1.626796924001297384e+01
1.626797414486794224e+01
1.626797895624110168e+01
1.626798367421121227e+01
1.626798829885703412e+01
1.626799283025730958e+01
1.626799726849076677e+01
1.626800161363613029e+01
1.626800586577211760e+01
1.626801002497742132e+01
1.626801409133073406e+01
1.626801806491070224e+01
1.626802194579602201e+01
1.626802573406532204e+01
1.626802942979724165e+01
1.626803303307039172e+01
1.626803654396340448e+01
1.626803996255483398e+01
1.626804328892329821e+01
1.626804652314732635e+01
1.626804966530549024e+01
1.626805271547632259e+01
1.626805567373831352e+01
1.626805854016999220e+01
1.626806131484982743e+01
1.626806399785628443e+01
1.626806658926782490e+01
1.626806908916287142e+01
1.626807149761983240e+01
1.626807381471711267e+01
1.626807604053309930e+01
1.626807817514611898e+01
1.626808021863452325e+01
1.626808217107664589e+01
1.626808403255076030e+01
1.626808580313516117e+01
1.626808748290808637e+01
1.626808907194778442e+01
1.626809057033247186e+01
1.626809197814031904e+01
1.626809329544950700e+01
1.626809452233818121e+01
1.626809565888444453e+01
1.626809670516641759e+01
1.626809766126215706e+01
1.626809852724970895e+01
1.626809930320709441e+01
1.626809998921232392e+01
1.626810058534334757e+01
1.626810109167811902e+01
1.626810150829455637e+01
1.626810183527054576e+01
1.626810207268394493e+01
1.626810222061259026e+01
