6.266045631795174486e+00
6.266045661110625886e+00
6.266045785168012472e+00
6.266046003910219042e+00
6.266046317280066447e+00
6.266046725220318692e+00
6.266047227673672282e+00
6.266047824582765990e+00
6.266048515890175530e+00
6.266049301538411775e+00
6.266050181469934977e+00
6.266051155627132552e+00
6.266052223952332412e+00
6.266053386387805624e+00
6.266054642875745984e+00
6.266055993358307319e+00
6.266057437777554640e+00
6.266058976075508546e+00
6.266060608194116810e+00
6.266062334075267692e+00
6.266064153660781066e+00
6.266066066892418185e+00
6.266068073711870134e+00
6.266070174060764053e+00
6.266072367880668459e+00
6.266074655113073710e+00
6.266077035699413322e+00
6.266079509581055973e+00
6.266082076699295733e+00
6.266084736995370719e+00
6.266087490410445326e+00
6.266090336885612899e+00
6.266093276361906383e+00
6.266096308780295665e+00
6.266099434081664477e+00
6.266102652206842372e+00
6.266105963096583409e+00
6.266109366691577698e+00
6.266112862932443406e+00
6.266116451759728534e+00
6.266120133113902924e+00
6.266123906935379573e+00
6.266127773164491543e+00
6.266131731741499955e+00
6.266135782606598426e+00
6.266139925699907742e+00
6.266144160961469645e+00
6.266148488331260147e+00
6.266152907749175327e+00
6.266157419155046426e+00
6.266162022488619421e+00
6.266166717689576338e+00
6.266171504697511274e+00
6.266176383451954379e+00
6.266181353892353201e+00
6.266186415958078904e+00
6.266191569588429822e+00
6.266196814722622577e+00
6.266202151299799183e+00
6.266207579259022609e+00
6.266213098539273219e+00
6.266218709079457660e+00
6.266224410818395540e+00
6.266230203694832745e+00
6.266236087647435227e+00
6.266242062614786335e+00
6.266248128535377049e+00
6.266254285347634401e+00
6.266260532989889498e+00
6.266266871400396177e+00
6.266273300517319456e+00
6.266279820278747081e+00
6.266286430622677095e+00
6.266293131487024937e+00
6.266299922809617229e+00
6.266306804528196217e+00
6.266313776580416217e+00
6.266320838903847168e+00
6.266327991435967526e+00
6.266335234114168706e+00
6.266342566875753306e+00
6.266349989657933328e+00
6.266357502397830181e+00
6.266365105032480010e+00
6.266372797498817704e+00
6.266380579733699108e+00
6.266388451673874371e+00
6.266396413256011932e+00
6.266404464416673648e+00
6.266412605092346766e+00
6.266420835219403074e+00
6.266429154734132645e+00
6.266437563572724301e+00
6.266446061671273604e+00
6.266454648965772201e+00
6.266463325392123807e+00
6.266472090886127333e+00
6.266480945383483103e+00
6.266489888819791076e+00
6.266498921130560618e+00
6.266508042251187405e+00
6.266517252116972969e+00
6.266526550663113149e+00
6.266535937824708746e+00
6.266545413536745102e+00
6.266554977734113407e+00
6.266564630351600940e+00
6.266574371323883064e+00
6.266584200585535669e+00
6.266594118071021846e+00
6.266604123714704322e+00
6.266614217450831248e+00
6.266624399213553964e+00
6.266634668936897690e+00
6.266645026554794384e+00
6.266655472001056104e+00
6.266666005209389212e+00
6.266676626113385495e+00
6.266687334646523944e+00
6.266698130742172523e+00
6.266709014333583738e+00
6.266719985353901734e+00
6.266731043736142759e+00
6.266742189413225361e+00
6.266753422317934863e+00
6.266764742382952669e+00
6.266776149540835839e+00
6.266787643724023305e+00
6.266799224864834095e+00
6.266810892895471774e+00
6.266822647748017339e+00
6.266834489354430993e+00
6.266846417646550371e+00
6.266858432556093206e+00
6.266870534014650218e+00
6.266882721953691338e+00
6.266894996304563925e+00
6.266907356998479450e+00
6.266919803966544578e+00
6.266932337139714981e+00
6.266944956448833537e+00
6.266957661824609893e+00
6.266970453197634683e+00
6.266983330498359983e+00
6.266996293657100203e+00
6.267009342604058730e+00
6.267022477269290626e+00
6.267035697582727494e+00
6.267049003474166824e+00
6.267062394873269326e+00
6.267075871709562485e+00
6.267089433912445884e+00
6.267103081411169008e+00
6.267116814134855218e+00
6.267130632012489322e+00
6.267144534972919345e+00
6.267158522944848542e+00
6.267172595856847828e+00
6.267186753637343344e+00
6.267200996214621789e+00
6.267215323516832193e+00
6.267229735471972596e+00
6.267244232007908700e+00
6.267258813052355215e+00
6.267273478532881192e+00
6.267288228376920678e+00
6.267303062511746958e+00
6.267317980864498317e+00
6.267332983362162047e+00
6.267348069931580667e+00
6.267363240499441268e+00
6.267378494992281723e+00
6.267393833336501352e+00
6.267409255458332495e+00
6.267424761283867163e+00
6.267440350739041932e+00
6.267456023749636174e+00
6.267471780241282708e+00
6.267487620139451820e+00
6.267503543369465469e+00
6.267519549856483962e+00
6.267535639525520175e+00
6.267551812301415559e+00
6.267568068108863244e+00
6.267584406872387603e+00
6.267600828516370903e+00
6.267617332965020438e+00
6.267633920142388959e+00
6.267650589972357800e+00
6.267667342378659967e+00
6.267684177284852609e+00
6.267701094614334778e+00
6.267718094290342989e+00
6.267735176235944117e+00
6.267752340374040720e+00
6.267769586627361278e+00
6.267786914918477947e+00
6.267804325169788804e+00
6.267821817303522280e+00
6.267839391241738944e+00
6.267857046906327056e+00
6.267874784219001683e+00
6.267892603101311799e+00
6.267910503474627859e+00
6.267928485260150673e+00
6.267946548378906080e+00
6.267964692751736955e+00
6.267982918299323636e+00
6.268001224942162608e+00
6.268019612600575385e+00
6.268038081194702293e+00
6.268056630644509575e+00
6.268075260869779619e+00
6.268093971790119845e+00
6.268112763324955594e+00
6.268131635393525691e+00
6.268150587914893102e+00
6.268169620807935161e+00
6.268188733991348904e+00
6.268207927383635081e+00
6.268227200903128349e+00
6.268246554467960863e+00
6.268265987996092470e+00
6.268285501405281401e+00
6.268305094613110029e+00
6.268324767536965325e+00
6.268344520094048633e+00
6.268364352201371226e+00
6.268384263775747200e+00
6.268404254733812131e+00
6.268424324991992869e+00
6.268444474466543070e+00
6.268464703073503230e+00
6.268485010728734430e+00
6.268505397347896135e+00
6.268525862846453300e+00
6.268546407139675480e+00
6.268567030142637719e+00
6.268587731770209892e+00
6.268608511937070915e+00
6.268629370557695424e+00
6.268650307546369760e+00
6.268671322817159997e+00
6.268692416283950131e+00
6.268713587860414549e+00
6.268734837460024245e+00
6.268756164996051261e+00
6.268777570381556252e+00
6.268799053529410692e+00
6.268820614352262233e+00
6.268842252762564904e+00
6.268863968672564013e+00
6.268885761994297035e+00
6.268907632639597161e+00
6.268929580520080869e+00
6.268951605547163908e+00
6.268973707632051529e+00
6.268995886685735819e+00
6.269018142618994816e+00
6.269040475342407603e+00
6.269062884766324117e+00
6.269085370800898893e+00
6.269107933356058204e+00
6.269130572341522267e+00
6.269153287666796359e+00
6.269176079241167265e+00
6.269198946973708608e+00
6.269221890773276407e+00
6.269244910548511740e+00
6.269268006207829202e+00
6.269291177659440883e+00
6.269314424811323505e+00
6.269337747571243291e+00
6.269361145846744421e+00
6.269384619545149917e+00
6.269408168573563422e+00
6.269431792838862094e+00
6.269455492247708150e+00
6.269479266706529330e+00
6.269503116121539321e+00
6.269527040398725326e+00
6.269551039443846285e+00
6.269575113162439095e+00
6.269599261459814166e+00
6.269623484241053646e+00
6.269647781411014975e+00
6.269672152874322890e+00
6.269696598535383636e+00
6.269721118298364537e+00
6.269745712067206433e+00
6.269770379745623679e+00
6.269795121237096147e+00
6.269819936444876340e+00
6.269844825271981392e+00
6.269869787621200174e+00
6.269894823395083527e+00
6.269919932495960246e+00
6.269945114825910437e+00
6.269970370286790384e+00
6.269995698780219229e+00
6.270021100207581632e+00
6.270046574470026890e+00
6.270072121468464488e+00
6.270097741103569433e+00
6.270123433275785807e+00
6.270149197885311665e+00
6.270175034832107919e+00
6.270200944015900113e+00
6.270226925336176649e+00
6.270252978692180790e+00
6.270279103982916880e+00
6.270305301107156559e+00
6.270331569963421003e+00
6.270357910449993355e+00
6.270384322464916949e+00
6.270410805905992646e+00
6.270437360670777949e+00
6.270463986656586108e+00
6.270490683760489681e+00
6.270517451879315196e+00
6.270544290909644047e+00
6.270571200747816043e+00
6.270598181289927631e+00
6.270625232431824791e+00
6.270652354069108370e+00
6.270679546097135848e+00
6.270706808411015132e+00
6.270734140905614318e+00
6.270761543475542155e+00
6.270789016015172912e+00
6.270816558418619735e+00
6.270844170579758625e+00
6.270871852392208012e+00
6.270899603749349183e+00
6.270927424544300521e+00
6.270955314669934388e+00
6.270983274018880671e+00
6.271011302483512573e+00
6.271039399955950167e+00
6.271067566328071941e+00
6.271095801491490818e+00
6.271124105337583465e+00
6.271152477757465427e+00
6.271180918642003554e+00
6.271209427881807130e+00
6.271238005367242963e+00
6.271266650988414959e+00
6.271295364635174785e+00
6.271324146197129856e+00
6.271352995563621135e+00
6.271381912623748889e+00
6.271410897266345152e+00
6.271439949380000378e+00
6.271469068853038564e+00
6.271498255573539460e+00
6.271527509429323466e+00
6.271556830307950747e+00
6.271586218096736332e+00
6.271615672682730569e+00
6.271645193952733344e+00
6.271674781793284303e+00
6.271704436090668189e+00
6.271734156730913945e+00
6.271763943599797386e+00
6.271793796582834091e+00
6.271823715565281177e+00
6.271853700432139966e+00
6.271883751068157764e+00
6.271913867357820749e+00
6.271944049185359304e+00
6.271974296434747131e+00
6.272004608989698582e+00
6.272034986733668660e+00
6.272065429549861904e+00
6.272095937321216397e+00
6.272126509930418869e+00
6.272157147259893151e+00
6.272187849191804609e+00
6.272218615608065484e+00
6.272249446390329553e+00
6.272280341419983252e+00
6.272311300578161664e+00
6.272342323745744963e+00
6.272373410803349536e+00
6.272404561631333308e+00
6.272435776109795746e+00
6.272467054118582297e+00
6.272498395537276394e+00
6.272529800245197684e+00
6.272561268121415345e+00
6.272592799044743650e+00
6.272624392893725087e+00
6.272656049546653456e+00
6.272687768881562320e+00
6.272719550776224118e+00
6.272751395108158157e+00
6.272783301754620844e+00
6.272815270592611014e+00
6.272847301498870820e+00
6.272879394349886617e+00
6.272911549021880973e+00
6.272943765390824211e+00
6.272976043332426421e+00
6.273008382722136567e+00
6.273040783435150480e+00
6.273073245346408200e+00
6.273105768330585086e+00
6.273138352262112249e+00
6.273170997015146355e+00
6.273203702463600706e+00
6.273236468481125705e+00
6.273269294941116847e+00
6.273302181716718273e+00
6.273335128680804118e+00
6.273368135706004267e+00
6.273401202664693699e+00
6.273434329428981826e+00
6.273467515870725819e+00
6.273500761861536823e+00
6.273534067272757753e+00
6.273567431975485498e+00
6.273600855840559376e+00
6.273634338738561134e+00
6.273667880539821162e+00
6.273701481114419387e+00
6.273735140332173721e+00
6.273768858062655163e+00
6.273802634175180692e+00
6.273836468538810607e+00
6.273870361022355624e+00
6.273904311494374220e+00
6.273938319823169074e+00
6.273972385876797730e+00
6.274006509523061936e+00
6.274040690629505868e+00
6.274074929063435668e+00
6.274109224691901687e+00
6.274143577381696701e+00
6.274177986999372791e+00
6.274212453411230683e+00
6.274246976483317972e+00
6.274281556081434452e+00
6.274316192071139220e+00
6.274350884317725807e+00
6.274385632686260372e+00
6.274420437041547949e+00
6.274455297248149321e+00
6.274490213170379249e+00
6.274525184672309130e+00
6.274560211617759009e+00
6.274595293870312673e+00
6.274630431293294563e+00
6.274665623749793752e+00
6.274700871102659505e+00
6.274736173214483514e+00
6.274771529947626547e+00
6.274806941164203344e+00
6.274842406726079957e+00
6.274877926494888847e+00
6.274913500332017335e+00
6.274949128098612938e+00
6.274984809655575368e+00
6.275020544863575189e+00
6.275056333583038715e+00
6.275092175674149786e+00
6.275128070996859542e+00
6.275164019410872207e+00
6.275200020775669074e+00
6.275236074950478304e+00
6.275272181794305126e+00
6.275308341165901638e+00
6.275344552923808550e+00
6.275380816926305449e+00
6.275417133031459649e+00
6.275453501097090658e+00
6.275489920980786174e+00
6.275526392539909182e+00
6.275562915631581973e+00
6.275599490112701240e+00
6.275636115839930085e+00
6.275672792669701572e+00
6.275709520458213397e+00
6.275746299061444766e+00
6.275783128335140404e+00
6.275820008134811445e+00
6.275856938315753197e+00
6.275893918733027377e+00
6.275930949241469214e+00
6.275968029695690120e+00
6.276005159950075907e+00
6.276042339858792118e+00
6.276079569275773373e+00
6.276116848054736685e+00
6.276154176049175248e+00
6.276191553112361099e+00
6.276228979097343341e+00
6.276266453856957028e+00
6.276303977243802734e+00
6.276341549110286522e+00
6.276379169308571093e+00
6.276416837690620198e+00
6.276454554108171990e+00
6.276492318412748794e+00
6.276530130455656220e+00
6.276567990087994708e+00
6.276605897160637326e+00
6.276643851524259965e+00
6.276681853029308478e+00
6.276719901526029766e+00
6.276757996864455791e+00
6.276796138894403576e+00
6.276834327465493857e+00
6.276872562427124436e+00
6.276910843628492387e+00
6.276949170918588727e+00
6.276987544146193088e+00
6.277025963159885258e+00
6.277064427808036307e+00
6.277102937938811245e+00
6.277141493400183236e+00
6.277180094039910507e+00
6.277218739705555883e+00
6.277257430244481462e+00
6.277296165503845948e+00
6.277334945330613536e+00
6.277373769571546802e+00
6.277412638073215589e+00
6.277451550681984571e+00
6.277490507244033680e+00
6.277529507605342118e+00
6.277568551611692804e+00
6.277607639108683912e+00
6.277646769941712890e+00
6.277685943955988890e+00
6.277725160996531883e+00
6.277764420908173548e+00
6.277803723535552827e+00
6.277843068723121256e+00
6.277882456315147408e+00
6.277921886155716891e+00
6.277961358088712807e+00
6.278000871957862827e+00
6.278040427606682350e+00
6.278080024878526899e+00
6.278119663616552160e+00
6.278159343663747727e+00
6.278199064862921119e+00
6.278238827056696003e+00
6.278278630087520185e+00
6.278318473797672716e+00
6.278358358029239916e+00
6.278398282624151783e+00
6.278438247424159790e+00
6.278478252270834226e+00
6.278518297005581061e+00
6.278558381469636629e+00
6.278598505504060512e+00
6.278638668949752422e+00
6.278678871647438875e+00
6.278719113437679411e+00
6.278759394160870144e+00
6.278799713657241988e+00
6.278840071766863318e+00
6.278880468329636422e+00
6.278920903185302826e+00
6.278961376173453068e+00
6.279001887133501825e+00
6.279042435904715447e+00
6.279083022326200414e+00
6.279123646236908662e+00
6.279164307475638473e+00
6.279205005881027368e+00
6.279245741291561878e+00
6.279286513545578430e+00
6.279327322481267792e+00
6.279368167936659972e+00
6.279409049749639316e+00
6.279449967757950724e+00
6.279490921799182779e+00
6.279531911710779291e+00
6.279572937330047289e+00
6.279613998494141924e+00
6.279655095040078905e+00
6.279696226804737158e+00
6.279737393624850839e+00
6.279778595337009328e+00
6.279819831777681216e+00
6.279861102783185878e+00
6.279902408189711238e+00
6.279943747833304002e+00
6.279985121549893634e+00
6.280026529175257721e+00
6.280067970545059275e+00
6.280109445494820974e+00
6.280150953859946483e+00
6.280192495475705350e+00
6.280234070177239225e+00
6.280275677799571632e+00
6.280317318177601749e+00
6.280358991146098191e+00
6.280400696539713223e+00
6.280442434192987200e+00
6.280484203940321919e+00
6.280526005616022367e+00
6.280567839054260304e+00
6.280609704089106238e+00
6.280651600554504554e+00
6.280693528284291283e+00
6.280735487112195869e+00
6.280777476871828746e+00
6.280819497396692874e+00
6.280861548520194404e+00
6.280903630075612476e+00
6.280945741896141854e+00
6.280987883814852957e+00
6.281030055664725609e+00
6.281072257278640159e+00
6.281114488489369485e+00
6.281156749129586103e+00
6.281199039031870157e+00
6.281241358028701427e+00
6.281283705952462881e+00
6.281326082635447783e+00
6.281368487909855247e+00
6.281410921607792019e+00
6.281453383561269810e+00
6.281495873602216840e+00
6.281538391562474288e+00
6.281580937273790965e+00
6.281623510567835744e+00
6.281666111276192233e+00
6.281708739230359662e+00
6.281751394261754662e+00
6.281794076201721033e+00
6.281836784881516422e+00
6.281879520132320316e+00
6.281922281785243811e+00
6.281965069671314517e+00
6.282007883621494315e+00
6.282050723466664266e+00
6.282093589037644144e+00
6.282136480165172898e+00
6.282179396679932637e+00
6.282222338412531748e+00
6.282265305193514671e+00
6.282308296853356566e+00
6.282351313222484634e+00
6.282394354131246139e+00
6.282437419409937718e+00
6.282480508888796500e+00
6.282523622397999219e+00
6.282566759767671094e+00
6.282609920827875172e+00
6.282653105408627425e+00
6.282696313339890537e+00
6.282739544451570346e+00
6.282782798573529170e+00
6.282826075535585808e+00
6.282869375167495996e+00
6.282912697298983495e+00
6.282956041759729438e+00
6.282999408379358108e+00
6.283042796987468925e+00
6.283086207413607127e+00
6.283129639487286866e+00
6.283173093037987655e+00
6.283216567895138382e+00
6.283260063888155500e+00
6.283303580846401282e+00
6.283347118599217573e+00
6.283390676975911582e+00
6.283434255805767421e+00
6.283477854918025685e+00
6.283521474141921637e+00
6.283565113306647021e+00
6.283608772241379370e+00
6.283652450775273124e+00
6.283696148737459630e+00
6.283739865957046256e+00
6.283783602263131485e+00
6.283827357484790710e+00
6.283871131451082448e+00
6.283914923991051893e+00
6.283958734933738910e+00
6.284002564108157607e+00
6.284046411343319427e+00
6.284090276468230485e+00
6.284134159311883572e+00
6.284178059703267927e+00
6.284221977471363907e+00
6.284265912445155422e+00
6.284309864453618388e+00
6.284353833325728722e+00
6.284397818890464116e+00
6.284441820976800486e+00
6.284485839413729735e+00
6.284529874030231333e+00
6.284573924655298072e+00
6.284617991117931624e+00
6.284662073247140768e+00
6.284706170871943165e+00
6.284750283821368022e+00
6.284794411924455204e+00
6.284838555010266781e+00
6.284882712907870150e+00
6.284926885446354028e+00
6.284971072454823116e+00
6.285015273762401655e+00
6.285059489198237870e+00
6.285103718591496857e+00
6.285147961771373026e+00
6.285192218567076772e+00
6.285236488807847799e+00
6.285280772322962228e+00
6.285325068941705950e+00
6.285369378493411929e+00
6.285413700807434445e+00
6.285458035713164193e+00
6.285502383040022067e+00
6.285546742617471594e+00
6.285591114275000280e+00
6.285635497842144481e+00
6.285679893148469866e+00
6.285724300023595390e+00
6.285768718297162216e+00
6.285813147798871903e+00
6.285857588358464199e+00
6.285902039805718822e+00
6.285946501970470557e+00
6.285990974682592380e+00
6.286035457772015000e+00
6.286079951068714422e+00
6.286124454402719053e+00
6.286168967604111479e+00
6.286213490503024914e+00
6.286258022929655631e+00
6.286302564714244312e+00
6.286347115687100029e+00
6.286391675678585145e+00
6.286436244519127747e+00
6.286480822039208327e+00
6.286525408069380205e+00
6.286570002440249993e+00
6.286614604982503351e+00
6.286659215526876565e+00
6.286703833904184968e+00
6.286748459945304290e+00
6.286793093481188421e+00
6.286837734342858752e+00
6.286882382361406840e+00
6.286927037367999738e+00
6.286971699193877328e+00
6.287016367670358541e+00
6.287061042628839580e+00
6.287105723900791254e+00
6.287150411317765197e+00
6.287195104711395643e+00
6.287239803913394987e+00
6.287284508755557333e+00
6.287329219069770936e+00
6.287373934687995103e+00
6.287418655442285065e+00
6.287463381164777765e+00
6.287508111687706069e+00
6.287552846843387222e+00
6.287597586464221955e+00
6.287642330382722022e+00
6.287687078431472010e+00
6.287731830443164860e+00
6.287776586250578781e+00
6.287821345686595009e+00
6.287866108584190705e+00
6.287910874776438064e+00
6.287955644096511421e+00
6.288000416377688140e+00
6.288045191453338845e+00
6.288089969156948733e+00
6.288134749322097150e+00
6.288179531782471798e+00
6.288224316371866962e+00
6.288269102924180842e+00
6.288313891273427103e+00
6.288358681253717997e+00
6.288403472699279462e+00
6.288448265444452012e+00
6.288493059323688072e+00
6.288537854171546648e+00
6.288582649822706649e+00
6.288627446111958896e+00
6.288672242874211449e+00
6.288717039944494047e+00
6.288761837157942125e+00
6.288806634349822566e+00
6.288851431355519495e+00
6.288896228010526279e+00
6.288941024150476622e+00
6.288985819611114358e+00
6.289030614228312110e+00
6.289075407838061516e+00
6.289120200276488326e+00
6.289164991379838199e+00
6.289209780984487352e+00
6.289254568926936351e+00
6.289299355043818984e+00
6.289344139171897829e+00
6.289388921148071354e+00
6.289433700809358818e+00
6.289478477992922478e+00
6.289523252536052489e+00
6.289568024276180225e+00
6.289612793050861406e+00
6.289657558697799189e+00
6.289702321054827294e+00
6.289747079959921550e+00
6.289791835251191898e+00
6.289836586766894833e+00
6.289881334345413855e+00
6.289926077825292339e+00
6.289970817045203333e+00
6.290015551843965547e+00
6.290060282060539798e+00
6.290105007534040560e+00
6.290149728103710203e+00
6.290194443608952746e+00
6.290239153889318757e+00
6.290283858784491144e+00
6.290328558134318904e+00
6.290373251778794916e+00
6.290417939558052396e+00
6.290462621312387093e+00
6.290507296882245747e+00
6.290551966108215431e+00
6.290596628831051973e+00
6.290641284891651530e+00
6.290685934131074575e+00
6.290730576390528128e+00
6.290775211511382636e+00
6.290819839335157759e+00
6.290864459703534806e+00
6.290909072458354956e+00
6.290953677441612157e+00
6.290998274495462894e+00
6.291042863462219081e+00
6.291087444184362276e+00
6.291132016504525915e+00
6.291176580265509521e+00
6.291221135310275159e+00
6.291265681481945649e+00
6.291310218623810790e+00
6.291354746579323809e+00
6.291399265192096912e+00
6.291443774305913728e+00
6.291488273764726635e+00
6.291532763412644336e+00
6.291577243093953165e+00
6.291621712653103771e+00
6.291666171934712892e+00
6.291710620783570462e+00
6.291755059044622733e+00
6.291799486563012245e+00
6.291843903184029863e+00
6.291888308753136982e+00
6.291932703115982406e+00
6.291977086118375695e+00
6.292021457606298718e+00
6.292065817425916308e+00
6.292110165423550505e+00
6.292154501445717862e+00
6.292198825339091250e+00
6.292243136950527393e+00
6.292287436127058875e+00
6.292331722715894138e+00
6.292375996564413043e+00
6.292420257520178417e+00
6.292464505430930721e+00
6.292508740144580948e+00
6.292552961509226606e+00
6.292597169373138399e+00
6.292641363584770886e+00
6.292685543992755370e+00
6.292729710445899904e+00
6.292773862793199946e+00
6.292818000883824148e+00
6.292862124567132120e+00
6.292906233692653117e+00
6.292950328110108238e+00
6.292994407669393553e+00
6.293038472220592539e+00
6.293082521613967195e+00
6.293126555699969593e+00
6.293170574329228550e+00
6.293214577352559402e+00
6.293258564620961337e+00
6.293302535985620949e+00
6.293346491297903356e+00
6.293390430409367298e+00
6.293434353171747375e+00
6.293478259436973588e+00
6.293522149057152681e+00
6.293566021884585915e+00
6.293609877771752181e+00
6.293653716571334655e+00
6.293697538136176384e+00
6.293741342319330911e+00
6.293785128974029419e+00
6.293828897953693158e+00
6.293872649111929007e+00
6.293916382302533030e+00
6.293960097379492247e+00
6.294003794196982859e+00
6.294047472609363147e+00
6.294091132471185013e+00
6.294134773637191316e+00
6.294178395962311434e+00
6.294221999301665704e+00
6.294265583510562756e+00
6.294309148444502178e+00
6.294352693959170963e+00
6.294396219910449730e+00
6.294439726154410941e+00
6.294483212547312689e+00
6.294526678945604026e+00
6.294570125205925848e+00
6.294613551185111788e+00
6.294656956740186438e+00
6.294700341728357351e+00
6.294743706007036366e+00
6.294787049433812065e+00
6.294830371866477314e+00
6.294873673163007055e+00
6.294916953181573405e+00
6.294960211780533221e+00
6.295003448818442315e+00
6.295046664154041238e+00
6.295089857646269493e+00
6.295133029154248661e+00
6.295176178537299272e+00
6.295219305654931041e+00
6.295262410366847305e+00
6.295305492532937031e+00
6.295348552013283694e+00
6.295391588668167948e+00
6.295434602358054299e+00
6.295477592943600875e+00
6.295520560285661205e+00
6.295563504245275332e+00
6.295606424683673374e+00
6.295649321462284398e+00
6.295692194442717771e+00
6.295735043486788030e+00
6.295777868456490012e+00
6.295820669214012177e+00
6.295863445621734833e+00
6.295906197542229243e+00
6.295948924838256744e+00
6.295991627372766963e+00
6.296034305008911147e+00
6.296076957610016400e+00
6.296119585039607003e+00
6.296162187161395529e+00
6.296204763839296170e+00
6.296247314937390982e+00
6.296289840319968079e+00
6.296332339851502979e+00
6.296374813396661274e+00
6.296417260820291517e+00
6.296459681987438550e+00
6.296502076763330180e+00
6.296544445013388724e+00
6.296586786603220354e+00
6.296629101398628414e+00
6.296671389265592111e+00
6.296713650070286050e+00
6.296755883679074906e+00
6.296798089958504541e+00
6.296840268775312666e+00
6.296882419996424396e+00
6.296924543488951365e+00
6.296966639120188169e+00
6.297008706757625696e+00
6.297050746268928023e+00
6.297092757521954631e+00
6.297134740384750629e+00
6.297176694725542312e+00
6.297218620412742496e+00
6.297260517314954953e+00
6.297302385300956651e+00
6.297344224239725285e+00
6.297386034000402866e+00
6.297427814452332129e+00
6.297469565465034336e+00
6.297511286908211048e+00
6.297552978651747679e+00
6.297594640565717938e+00
6.297636272520372280e+00
6.297677874386145014e+00
6.297719446033654300e+00
6.297760987333692384e+00
6.297802498157244244e+00
6.297843978375469831e+00
6.297885427859707619e+00
6.297926846481481711e+00
6.297968234112485852e+00
6.298009590624610965e+00
6.298050915889906953e+00
6.298092209780619122e+00
6.298133472169160640e+00
6.298174702928130309e+00
6.298215901930302785e+00
6.298257069048623258e+00
6.298298204156221658e+00
6.298339307126406439e+00
6.298380377832651256e+00
6.298421416148618945e+00
6.298462421948139323e+00
6.298503395105221614e+00
6.298544335494050905e+00
6.298585242988975708e+00
6.298626117464531937e+00
6.298666958795426929e+00
6.298707766856534995e+00
6.298748541522909861e+00
6.298789282669770451e+00
6.298829990172516879e+00
6.298870663906709133e+00
6.298911303748094603e+00
6.298951909572575225e+00
6.298992481256232345e+00
6.299033018675316065e+00
6.299073521706242573e+00
6.299113990225604809e+00
6.299154424110156469e+00
6.299194823236820895e+00
6.299235187482692844e+00
6.299275516725031387e+00
6.299315810841267016e+00
6.299356069708986539e+00
6.299396293205957953e+00
6.299436481210103800e+00
6.299476633599511821e+00
6.299516750252442066e+00
6.299556831047310901e+00
6.299596875862704337e+00
6.299636884577370033e+00
6.299676857070218183e+00
6.299716793220319744e+00
6.299756692906909983e+00
6.299796556009386705e+00
6.299836382407309365e+00
6.299876171980394624e+00
6.299915924608522566e+00
6.299955640171731375e+00
6.299995318550217327e+00
6.300034959624342790e+00
6.300074563274619344e+00
6.300114129381721995e+00
6.300153657826480291e+00
6.300193148489887207e+00
6.300232601253084042e+00
6.300272015997373742e+00
6.300311392604215577e+00
6.300350730955217138e+00
6.300390030932146779e+00
6.300429292416928284e+00
6.300468515291639093e+00
6.300507699438504972e+00
6.300546844739908892e+00
6.300585951078383040e+00
6.300625018336617700e+00
6.300664046397450591e+00
6.300703035143870423e+00
6.300741984459014233e+00
6.300780894226178930e+00
6.300819764328799977e+00
6.300858594650467381e+00
6.300897385074922141e+00
6.300936135486047363e+00
6.300974845767883359e+00
6.301013515804609000e+00
6.301052145480551481e+00
6.301090734680190764e+00
6.301129283288149807e+00
6.301167791189192791e+00
6.301206258268237548e+00
6.301244684410340469e+00
6.301283069500700940e+00
6.301321413424665785e+00
6.301359716067731931e+00
6.301397977315525090e+00
6.301436197053822852e+00
6.301474375168545805e+00
6.301512511545751316e+00
6.301550606071639749e+00
6.301588658632553575e+00
6.301626669114976487e+00
6.301664637405527181e+00
6.301702563390970013e+00
6.301740446958207009e+00
6.301778287994273420e+00
6.301816086386352822e+00
6.301853842021759355e+00
6.301891554787939498e+00
6.301929224572494270e+00
6.301966851263142821e+00
6.302004434747755290e+00
6.302041974914323497e+00
6.302079471650985809e+00
6.302116924846011159e+00
6.302154334387799040e+00
6.302191700164899935e+00
6.302229022065969133e+00
6.302266299979824460e+00
6.302303533795396540e+00
6.302340723401761657e+00
6.302377868688122220e+00
6.302414969543806755e+00
6.302452025858290341e+00
6.302489037521160853e+00
6.302526004422157158e+00
6.302562926451127367e+00
6.302599803498066144e+00
6.302636635453086278e+00
6.302673422206437337e+00
6.302710163648496788e+00
6.302746859669762891e+00
6.302783510160875124e+00
6.302820115012583102e+00
6.302856674115785651e+00
6.302893187361487293e+00
6.302929654640834656e+00
6.302966075845091609e+00
6.303002450865650808e+00
6.303038779594033691e+00
6.303075061921882494e+00
6.303111297740963792e+00
6.303147486943173838e+00
6.303183629420531453e+00
6.303219725065176249e+00
6.303255773769370407e+00
6.303291775425506671e+00
6.303327729926097689e+00
6.303363637163774236e+00
6.303399497031294985e+00
6.303435309421536736e+00
6.303471074227501525e+00
6.303506791342309512e+00
6.303542460659206981e+00
6.303578082071554789e+00
6.303613655472839028e+00
6.303649180756663917e+00
6.303684657816754466e+00
6.303720086546952928e+00
6.303755466841229449e+00
6.303790798593662537e+00
6.303826081698456818e+00
6.303861316049930608e+00
6.303896501542525677e+00
6.303931638070797483e+00
6.303966725529422277e+00
6.304001763813194437e+00
6.304036752817021139e+00
6.304071692435933016e+00
6.304106582565069949e+00
6.304141423099701491e+00
6.304176213935198447e+00
6.304210954967056857e+00
6.304245646090888222e+00
6.304280287202415067e+00
6.304314878197479821e+00
6.304349418972040375e+00
6.304383909422166532e+00
6.304418349444045333e+00
6.304452738933983724e+00
6.304487077788391680e+00
6.304521365903799079e+00
6.304555603176853928e+00
6.304589789504313480e+00
6.304623924783053113e+00
6.304658008910052125e+00
6.304692041782419487e+00
6.304726023297360094e+00
6.304759953352205848e+00
6.304793831844389018e+00
6.304827658671466217e+00
6.304861433731103304e+00
6.304895156921075383e+00
6.304928828139269470e+00
6.304962447283689819e+00
6.304996014252453485e+00
6.305029528943779660e+00
6.305062991256013660e+00
6.305096401087599389e+00
6.305129758337095325e+00
6.305163062903183402e+00
6.305196314684636150e+00
6.305229513580360212e+00
6.305262659489356381e+00
6.305295752310742685e+00
6.305328791943744626e+00
6.305361778287706720e+00
6.305394711242079175e+00
6.305427590706420560e+00
6.305460416580400462e+00
6.305493188763805712e+00
6.305525907156529719e+00
6.305558571658572475e+00
6.305591182170049436e+00
6.305623738591185301e+00
6.305656240822314018e+00
6.305688688763883221e+00
6.305721082316440018e+00
6.305753421380660306e+00
6.305785705857313239e+00
6.305817935647285211e+00
6.305850110651573637e+00
6.305882230771286068e+00
6.305914295907630418e+00
6.305946305961941611e+00
6.305978260835655824e+00
6.306010160430311373e+00
6.306042004647570920e+00
6.306073793389202820e+00
6.306105526557078456e+00
6.306137204053188228e+00
6.306168825779629117e+00
6.306200391638608238e+00
6.306231901532438400e+00
6.306263355363554091e+00
6.306294753034491940e+00
6.306326094447897823e+00
6.306357379506533078e+00
6.306388608113264738e+00
6.306419780171076184e+00
6.306450895583052052e+00
6.306481954252402211e+00
6.306512956082430676e+00
6.306543900976567585e+00
6.306574788838341661e+00
6.306605619571397092e+00
6.306636393079492642e+00
6.306667109266490989e+00
6.306697768036376495e+00
6.306728369293233882e+00
6.306758912941272222e+00
6.306789398884792952e+00
6.306819827028230740e+00
6.306850197276118841e+00
6.306880509533104195e+00
6.306910763703950984e+00
6.306940959693531745e+00
6.306971097406829152e+00
6.307001176748942228e+00
6.307031197625085461e+00
6.307061159940580808e+00
6.307091063600865688e+00
6.307120908511489432e+00
6.307150694578115946e+00
6.307180421706522822e+00
6.307210089802604003e+00
6.307239698772362679e+00
6.307269248521913063e+00
6.307298738957499928e+00
6.307328169985463084e+00
6.307357541512269350e+00
6.307386853444497454e+00
6.307416105688838925e+00
6.307445298152101643e+00
6.307474430741216942e+00
6.307503503363219188e+00
6.307532515925264427e+00
6.307561468334628607e+00
6.307590360498703141e+00
6.307619192324993129e+00
6.307647963721120021e+00
6.307676674594827837e+00
6.307705324853977835e+00
6.307733914406543185e+00
6.307762443160617849e+00
6.307790911024421021e+00
6.307819317906280254e+00
6.307847663714651887e+00
6.307875948358102391e+00
6.307904171745327027e+00
6.307932333785132961e+00
6.307960434386449045e+00
6.307988473458333800e+00
6.308016450909956774e+00
6.308044366650609192e+00
6.308072220589710177e+00
6.308100012636793430e+00
6.308127742701520546e+00
6.308155410693673915e+00
6.308183016523157605e+00
6.308210560100003583e+00
6.308238041334360169e+00
6.308265460136500913e+00
6.308292816416829041e+00
6.308320110085874788e+00
6.308347341054280299e+00
6.308374509232827165e+00
6.308401614532412438e+00
6.308428656864065509e+00
6.308455636138944556e+00
6.308482552268323218e+00
6.308509405163615469e+00
6.308536194736356961e+00
6.308562920898214799e+00
6.308589583560980429e+00
6.308616182636574088e+00
6.308642718037052788e+00
6.308669189674594335e+00
6.308695597461517757e+00
6.308721941310254877e+00
6.308748221133390288e+00
6.308774436843624933e+00
6.308800588353797423e+00
6.308826675576882259e+00
6.308852698425976513e+00
6.308878656814322028e+00
6.308904550655288546e+00
6.308930379862380811e+00
6.308956144349238571e+00
6.308981844029637465e+00
6.309007478817493464e+00
6.309033048626846885e+00
6.309058553371882816e+00
6.309083992966927568e+00
6.309109367326440676e+00
6.309134676365014016e+00
6.309159919997389565e+00
6.309185098138438086e+00
6.309210210703175115e+00
6.309235257606760960e+00
6.309260238764488271e+00
6.309285154091797132e+00
6.309310003504262632e+00
6.309334786917608184e+00
6.309359504247699313e+00
6.309384155410545425e+00
6.309408740322294484e+00
6.309433258899246333e+00
6.309457711057838480e+00
6.309482096714662092e+00
6.309506415786449551e+00
6.309530668190078018e+00
6.309554853842572086e+00
6.309578972661111784e+00
6.309603024563019247e+00
6.309627009465765823e+00
6.309650927286966748e+00
6.309674777944404234e+00
6.309698561355991053e+00
6.309722277439802518e+00
6.309745926114065817e+00
6.309769507297154689e+00
6.309793020907601857e+00
6.309816466864089257e+00
6.309839845085455146e+00
6.309863155490689657e+00
6.309886397998943686e+00
6.309909572529520005e+00
6.309932679001875933e+00
6.309955717335629544e+00
6.309978687450555235e+00
6.310001589266583721e+00
6.310024422703811808e+00
6.310047187682489067e+00
6.310069884123028494e+00
6.310092511945992300e+00
6.310115071072124771e+00
6.310137561422316743e+00
6.310159982917626920e+00
6.310182335479278315e+00
6.310204619028653816e+00
6.310226833487302400e+00
6.310248978776937356e+00
6.310271054819448722e+00
6.310293061536871306e+00
6.310314998851422885e+00
6.310336866685489099e+00
6.310358664961615460e+00
6.310380393602518012e+00
6.310402052531089545e+00
6.310423641670388051e+00
6.310445160943643828e+00
6.310466610274255039e+00
6.310487989585793045e+00
6.310509298802009504e+00
6.310530537846819499e+00
6.310551706644313086e+00
6.310572805118767725e+00
6.310593833194619862e+00
6.310614790796494233e+00
6.310635677849182557e+00
6.310656494277661288e+00
6.310677240007084521e+00
6.310697914962777766e+00
6.310718519070255716e+00
6.310739052255208925e+00
6.310759514443502916e+00
6.310779905561197722e+00
6.310800225534522134e+00
6.310820474289894122e+00
6.310840651753918173e+00
6.310860757853375524e+00
6.310880792515238369e+00
6.310900755666660089e+00
6.310920647234984138e+00
6.310940467147735156e+00
6.310960215332628742e+00
6.310979891717571455e+00
6.310999496230654593e+00
6.311019028800158637e+00
6.311038489354557690e+00
6.311057877822513262e+00
6.311077194132876933e+00
6.311096438214703674e+00
6.311115609997227871e+00
6.311134709409881971e+00
6.311153736382292045e+00
6.311172690844287558e+00
6.311191572725880050e+00
6.311210381957286231e+00
6.311229118468913768e+00
6.311247782191378164e+00
6.311266373055483214e+00
6.311284890992231666e+00
6.311303335932835878e+00
6.311321707808697390e+00
6.311340006551425574e+00
6.311358232092830534e+00
6.311376384364925762e+00
6.311394463299919266e+00
6.311412468830233102e+00
6.311430400888493608e+00
6.311448259407523409e+00
6.311466044320359181e+00
6.311483755560242770e+00
6.311501393060618526e+00
6.311518956755144849e+00
6.311536446577688864e+00
6.311553862462318421e+00
6.311571204343315422e+00
6.311588472155177598e+00
6.311605665832614065e+00
6.311622785310533779e+00
6.311639830524071293e+00
6.311656801408567219e+00
6.311673697899584212e+00
6.311690519932890098e+00
6.311707267444470304e+00
6.311723940370529640e+00
6.311740538647490517e+00
6.311757062211985847e+00
6.311773511000875025e+00
6.311789884951229723e+00
6.311806184000342768e+00
6.311822408085731695e+00
6.311838557145125428e+00
6.311854631116480263e+00
6.311870629937982535e+00
6.311886553548021972e+00
6.311902401885228109e+00
6.311918174888448085e+00
6.311933872496754638e+00
6.311949494649442549e+00
6.311965041286043743e+00
6.311980512346305972e+00
6.311995907770203473e+00
6.312011227497948518e+00
6.312026471469975419e+00
6.312041639626946754e+00
6.312056731909762242e+00
6.312071748259542758e+00
6.312086688617644548e+00
6.312101552925661885e+00
6.312116341125413754e+00
6.312131053158958061e+00
6.312145688968580970e+00
6.312160248496805792e+00
6.312174731686395646e+00
6.312189138480344575e+00
6.312203468821887320e+00
6.312217722654485996e+00
6.312231899921855849e+00
6.312246000567938609e+00
6.312260024536920255e+00
6.312273971773225689e+00
6.312287842221524059e+00
6.312301635826718105e+00
6.312315352533961033e+00
6.312328992288641416e+00
6.312342555036393854e+00
6.312356040723098083e+00
6.312369449294873647e+00
6.312382780698093221e+00
6.312396034879371065e+00
6.312409211785559471e+00
6.312422311363777183e+00
6.312435333561368545e+00
6.312448278325940798e+00
6.312461145605345436e+00
6.312473935347685305e+00
6.312486647501311943e+00
6.312499282014826463e+00
6.312511838837083111e+00
6.312524317917187489e+00
6.312536719204501878e+00
6.312549042648632813e+00
6.312561288199453280e+00
6.312573455807077849e+00
6.312585545421885769e+00
6.312597556994509418e+00
6.312609490475835194e+00
6.312621345817008844e+00
6.312633122969433686e+00
6.312644821884772384e+00
6.312656442514941624e+00
6.312667984812128097e+00
6.312679448728769849e+00
6.312690834217562497e+00
6.312702141231475217e+00
6.312713369723730317e+00
6.312724519647812116e+00
6.312735590957476717e+00
6.312746583606738682e+00
6.312757497549871921e+00
6.312768332741423905e+00
6.312779089136202337e+00
6.312789766689284043e+00
6.312800365356014076e+00
6.312810885092003055e+00
6.312821325853127163e+00
6.312831687595535257e+00
6.312841970275642645e+00
6.312852173850139081e+00
6.312862298275982553e+00
6.312872343510397499e+00
6.312882309510889911e+00
6.312892196235225128e+00
6.312902003641451820e+00
6.312911731687893990e+00
6.312921380333137655e+00
6.312930949536054825e+00
6.312940439255789293e+00
6.312949849451760187e+00
6.312959180083657529e+00
6.312968431111460887e+00
6.312977602495420726e+00
6.312986694196059290e+00
6.312995706174189259e+00
6.313004638390895096e+00
6.313013490807546368e+00
6.313022263385789756e+00
6.313030956087548162e+00
6.313039568875038476e+00
6.313048101710752924e+00
6.313056554557461730e+00
6.313064927378229108e+00
6.313073220136398156e+00
6.313081432795589087e+00
6.313089565319722318e+00
6.313097617672990047e+00
6.313105589819882901e+00
6.313113481725170395e+00
6.313121293353905372e+00
6.313129024671444434e+00
6.313136675643415963e+00
6.313144246235744106e+00
6.313151736414646997e+00
6.313159146146621659e+00
6.313166475398474198e+00
6.313173724137280729e+00
6.313180892330420235e+00
6.313187979945570127e+00
6.313194986950685816e+00
6.313201913314028246e+00
6.313208759004147907e+00
6.313215523989888389e+00
6.313222208240391709e+00
6.313228811725092093e+00
6.313235334413722200e+00
6.313241776276311334e+00
6.313248137283189010e+00
6.313254417404973395e+00
6.313260616612589082e+00
6.313266734877258202e+00
6.313272772170500424e+00
6.313278728464132961e+00
6.313284603730282107e+00
6.313290397941365484e+00
6.313296111070106242e+00
6.313301743089526852e+00
6.313307293972960643e+00
6.313312763694032270e+00
6.313318152226679913e+00
6.313323459545135741e+00
6.313328685623946335e+00
6.313333830437957594e+00
6.313338893962321841e+00
6.313343876172494262e+00
6.313348777044241800e+00
6.313353596553639591e+00
6.313358334677064754e+00
6.313362991391200829e+00
6.313367566673049325e+00
6.313372060499911953e+00
6.313376472849400400e+00
6.313380803699438992e+00
6.313385053028263805e+00
6.313389220814422664e+00
6.313393307036763602e+00
6.313397311674456169e+00
6.313401234706985221e+00
6.313405076114142034e+00
6.313408835876026082e+00
6.313412513973062801e+00
6.313416110385982272e+00
6.313419625095838761e+00
6.313423058083984962e+00
6.313426409332102196e+00
6.313429678822186197e+00
6.313432866536545340e+00
6.313435972457805967e+00
6.313438996568916828e+00
6.313441938853131319e+00
6.313444799294034127e+00
6.313447577875518135e+00
6.313450274581802191e+00
6.313452889397425771e+00
6.313455422307235665e+00
6.313457873296414391e+00
6.313460242350453555e+00
6.313462529455172501e+00
6.313464734596705874e+00
6.313466857761513396e+00
6.313468898936378970e+00
6.313470858108407135e+00
6.313472735265023061e+00
6.313474530393976991e+00
6.313476243483338912e+00
6.313477874521511879e+00
6.313479423497215137e+00
6.313480890399493006e+00
6.313482275217721984e+00
6.313483577941595648e+00
6.313484798561137090e+00
6.313485937066697140e+00
6.313486993448950813e+00
6.313487967698897307e+00
6.313488859807874221e+00
6.313489669767527346e+00
6.313490397569850643e+00
6.313491043207155151e+00
6.313491606672082312e+00
6.313492087957602195e+00
6.313492487057013491e+00
6.313492803963948852e+00
6.313493038672365110e+00
6.313493191176553943e+00
