4.128945478525294810e+00
4.128945503031438591e+00
4.128945581055920577e+00
4.128945712628535603e+00
4.128945897779074947e+00
4.128946136537308575e+00
4.128946428932995794e+00
4.128946774995881697e+00
4.128947174755698946e+00
4.128947628242175760e+00
4.128948135485020821e+00
4.128948696513938366e+00
4.128949311358628194e+00
4.128949980048782109e+00
4.128950702614077706e+00
4.128951479084202347e+00
4.128952309488826522e+00
4.128953193857623383e+00
4.128954132220265194e+00
4.128955124606420668e+00
4.128956171045758516e+00
4.128957271567951004e+00
4.128958426202673060e+00
4.128959634979595172e+00
4.128960897928396712e+00
4.128962215078767706e+00
4.128963586460393742e+00
4.128965012102975507e+00
4.128966492036215463e+00
4.128968026289829396e+00
4.128969614893537532e+00
4.128971257877078749e+00
4.128972955270195477e+00
4.128974707102648800e+00
4.128976513404214010e+00
4.128978374204669954e+00
4.128980289533828341e+00
4.128982259421503542e+00
4.128984283897533025e+00
4.128986362991770243e+00
4.128988496734095293e+00
4.128990685154398932e+00
4.128992928282600339e+00
4.128995226148639119e+00
4.128997578782477085e+00
4.128999986214097362e+00
4.129002448473515052e+00
4.129004965590765686e+00
4.129007537595915878e+00
4.129010164519058890e+00
4.129012846390315516e+00
4.129015583239839415e+00
4.129018375097809113e+00
4.129021221994440438e+00
4.129024123959983861e+00
4.129027081024716495e+00
4.129030093218950981e+00
4.129033160573041705e+00
4.129036283117375916e+00
4.129039460882372836e+00
4.129042693898495209e+00
4.129045982196247522e+00
4.129049325806168902e+00
4.129052724758841109e+00
4.129056179084887646e+00
4.129059688814971985e+00
4.129063253979806447e+00
4.129066874610145099e+00
4.129070550736781975e+00
4.129074282390565287e+00
4.129078069602387657e+00
4.129081912403187005e+00
4.129085810823950098e+00
4.129089764895716108e+00
4.129093774649571280e+00
4.129097840116654261e+00
4.129101961328155213e+00
4.129106138315320251e+00
4.129110371109444344e+00
4.129114659741877524e+00
4.129119004244027558e+00
4.129123404647356388e+00
4.129127860983379250e+00
4.129132373283679769e+00
4.129136941579885978e+00
4.129141565903693412e+00
4.129146246286858890e+00
4.129150982761190747e+00
4.129155775358568370e+00
4.129160624110926214e+00
4.129165529050267125e+00
4.129170490208655231e+00
4.129175507618214169e+00
4.129180581311143072e+00
4.129185711319693475e+00
4.129190897676193295e+00
4.129196140413036176e+00
4.129201439562677933e+00
4.129206795157650767e+00
4.129212207230549048e+00
4.129217675814039090e+00
4.129223200940857375e+00
4.129228782643814100e+00
4.129234420955789631e+00
4.129240115909733611e+00
4.129245867538673842e+00
4.129251675875704741e+00
4.129257540954004213e+00
4.129263462806813223e+00
4.129269441467458890e+00
4.129275476969341163e+00
4.129281569345929270e+00
4.129287718630777704e+00
4.129293924857523557e+00
4.129300188059861654e+00
4.129306508271588072e+00
4.129312885526560173e+00
4.129319319858728576e+00
4.129325811302121174e+00
4.129332359890837800e+00
4.129338965659068883e+00
4.129345628641082122e+00
4.129352348871230483e+00
4.129359126383943313e+00
4.129365961213744107e+00
4.129372853395228304e+00
4.129379802963078383e+00
4.129386809952069193e+00
4.129393874397046638e+00
4.129400996332951657e+00
4.129408175794807789e+00
4.129415412817727393e+00
4.129422707436902762e+00
4.129430059687616783e+00
4.129437469605241162e+00
4.129444937225234646e+00
4.129452462583135919e+00
4.129460045714581362e+00
4.129467686655294401e+00
4.129475385441076618e+00
4.129483142107835292e+00
4.129490956691549641e+00
4.129498829228307244e+00
4.129506759754266731e+00
4.129514748305687100e+00
4.129522794918915274e+00
4.129530899630386109e+00
4.129539062476633049e+00
4.129547283494269472e+00
4.129555562720010009e+00
4.129563900190651893e+00
4.129572295943087390e+00
4.129580750014303803e+00
4.129589262441375475e+00
4.129597833261467343e+00
4.129606462511843823e+00
4.129615150229854592e+00
4.129623896452938148e+00
4.129632701218635127e+00
4.129641564564574097e+00
4.129650486528475106e+00
4.129659467148154128e+00
4.129668506461511512e+00
4.129677604506549748e+00
4.129686761321359256e+00
4.129695976944121938e+00
4.129705251413118283e+00
4.129714584766714047e+00
4.129723977043373573e+00
4.129733428281648244e+00
4.129742938520186257e+00
4.129752507797726402e+00
4.129762136153099839e+00
4.129771823625230986e+00
4.129781570253137524e+00
4.129791376075927722e+00
4.129801241132803113e+00
4.129811165463052269e+00
4.129821149106064126e+00
4.129831192101312887e+00
4.129841294488364234e+00
4.129851456306879776e+00
4.129861677596613490e+00
4.129871958397400178e+00
4.129882298749175007e+00
4.129892698691957520e+00
4.129903158265866736e+00
4.129913677511098058e+00
4.129924256467951693e+00
4.129934895176802456e+00
4.129945593678129967e+00
4.129956352012491116e+00
4.129967170220535166e+00
4.129978048343002861e+00
4.129988986420722874e+00
4.129999984494602039e+00
4.130011042605649330e+00
4.130022160794947439e+00
4.130033339103676759e+00
4.130044577573099396e+00
4.130055876244560942e+00
4.130067235159492256e+00
4.130078654359419232e+00
4.130090133885939707e+00
4.130101673780746552e+00
4.130113274085612574e+00
4.130124934842384299e+00
4.130136656093008618e+00
4.130148437879502588e+00
4.130160280243972082e+00
4.130172183228600247e+00
4.130184146875654605e+00
4.130196171227473734e+00
4.130208256326491245e+00
4.130220402215211806e+00
4.130232608936217353e+00
4.130244876532172427e+00
4.130257205045814395e+00
4.130269594519962340e+00
4.130282044997510837e+00
4.130294556521426408e+00
4.130307129134760835e+00
4.130319762880628076e+00
4.130332457802222024e+00
4.130345213942814731e+00
4.130358031345736869e+00
4.130370910054407041e+00
4.130383850112305133e+00
4.130396851562985638e+00
4.130409914450072328e+00
4.130423038817256476e+00
4.130436224708298631e+00
4.130449472167030400e+00
4.130462781237342007e+00
4.130476151963197395e+00
4.130489584388623570e+00
4.130503078557711483e+00
4.130516634514616037e+00
4.130530252303551642e+00
4.130543931968804650e+00
4.130557673554712927e+00
4.130571477105676514e+00
4.130585342666154958e+00
4.130599270280672641e+00
4.130613259993805464e+00
4.130627311850187056e+00
4.130641425894507890e+00
4.130655602171512619e+00
4.130669840726000963e+00
4.130684141602827708e+00
4.130698504846897379e+00
4.130712930503163349e+00
4.130727418616629620e+00
4.130741969232359700e+00
4.130756582395453513e+00
4.130771258151060721e+00
4.130785996544384275e+00
4.130800797620665321e+00
4.130815661425187635e+00
4.130830588003285619e+00
4.130845577400333646e+00
4.130860629661742500e+00
4.130875744832970042e+00
4.130890922959505218e+00
4.130906164086881383e+00
4.130921468260665641e+00
4.130936835526461515e+00
4.130952265929908940e+00
4.130967759516676274e+00
4.130983316332465627e+00
4.130998936423016410e+00
4.131014619834093793e+00
4.131030366611485150e+00
4.131046176801017822e+00
4.131062050448536915e+00
4.131077987599914181e+00
4.131093988301046238e+00
4.131110052597854576e+00
4.131126180536276671e+00
4.131142372162276644e+00
4.131158627521835491e+00
4.131174946660944869e+00
4.131191329625624853e+00
4.131207776461902625e+00
4.131224287215823132e+00
4.131240861933441977e+00
4.131257500660825421e+00
4.131274203444051274e+00
4.131290970329208001e+00
4.131307801362382293e+00
4.131324696589683043e+00
4.131341656057203160e+00
4.131358679811058643e+00
4.131375767897353057e+00
4.131392920362196186e+00
4.131410137251699588e+00
4.131427418611965052e+00
4.131444764489101473e+00
4.131462174929199094e+00
4.131479649978349933e+00
4.131497189682638904e+00
4.131514794088139375e+00
4.131532463240911390e+00
4.131550197187007889e+00
4.131567995972463159e+00
4.131585859643291947e+00
4.131603788245509890e+00
4.131621781825092654e+00
4.131639840428008803e+00
4.131657964100204694e+00
4.131676152887599152e+00
4.131694406836089684e+00
4.131712725991548041e+00
4.131731110399817553e+00
4.131749560106714014e+00
4.131768075158016806e+00
4.131786655599483993e+00
4.131805301476831893e+00
4.131824012835741300e+00
4.131842789721854814e+00
4.131861632180791055e+00
4.131880540258102918e+00
4.131899513999326423e+00
4.131918553449938081e+00
4.131937658655377987e+00
4.131956829661032948e+00
4.131976066512248913e+00
4.131995369254317652e+00
4.132014737932475867e+00
4.132034172591914079e+00
4.132053673277766848e+00
4.132073240035105677e+00
4.132092872908948777e+00
4.132112571944254853e+00
4.132132337185918658e+00
4.132152168678774551e+00
4.132172066467589389e+00
4.132192030597061638e+00
4.132212061111824930e+00
4.132232158056438287e+00
4.132252321475395007e+00
4.132272551413111117e+00
4.132292847913922706e+00
4.132313211022099253e+00
4.132333640781817863e+00
4.132354137237183700e+00
4.132374700432221992e+00
4.132395330410865597e+00
4.132416027216963883e+00
4.132436790894280954e+00
4.132457621486488542e+00
4.132478519037168674e+00
4.132499483589811007e+00
4.132520515187801280e+00
4.132541613874444408e+00
4.132562779692930732e+00
4.132584012686361774e+00
4.132605312897726257e+00
4.132626680369917871e+00
4.132648115145717505e+00
4.132669617267805684e+00
4.132691186778743031e+00
4.132712823720987139e+00
4.132734528136876584e+00
4.132756300068642474e+00
4.132778139558388020e+00
4.132800046648102743e+00
4.132822021379660704e+00
4.132844063794800071e+00
4.132866173935148879e+00
4.132888351842196606e+00
4.132910597557311938e+00
4.132932911121730335e+00
4.132955292576553141e+00
4.132977741962752916e+00
4.133000259321160108e+00
4.133022844692470166e+00
4.133045498117246197e+00
4.133068219635892326e+00
4.133091009288681228e+00
4.133113867115742579e+00
4.133136793157050626e+00
4.133159787452435729e+00
4.133182850041568379e+00
4.133205980963981396e+00
4.133229180259035296e+00
4.133252447965945819e+00
4.133275784123765284e+00
4.133299188771380805e+00
4.133322661947529397e+00
4.133346203690767773e+00
4.133369814039496326e+00
4.133393493031944033e+00
4.133417240706171114e+00
4.133441057100059268e+00
4.133464942251323215e+00
4.133488896197492934e+00
4.133512918975934980e+00
4.133537010623820507e+00
4.133561171178141258e+00
4.133585400675710453e+00
4.133609699153153016e+00
4.133634066646904692e+00
4.133658503193212930e+00
4.133683008828133332e+00
4.133707583587524326e+00
4.133732227507054269e+00
4.133756940622187237e+00
4.133781722968195460e+00
4.133806574580141557e+00
4.133831495492894526e+00
4.133856485741104869e+00
4.133881545359231247e+00
4.133906674381506718e+00
4.133931872841968058e+00
4.133957140774429995e+00
4.133982478212495870e+00
4.134007885189547871e+00
4.134033361738756795e+00
4.134058907893064294e+00
4.134084523685192636e+00
4.134110209147644710e+00
4.134135964312689815e+00
4.134161789212371652e+00
4.134187683878502995e+00
4.134213648342663028e+00
4.134239682636199120e+00
4.134265786790224162e+00
4.134291960835606794e+00
4.134318204802980290e+00
4.134344518722739892e+00
4.134370902625026822e+00
4.134397356539744273e+00
4.134423880496551185e+00
4.134450474524847152e+00
4.134477138653786632e+00
4.134503872912269173e+00
4.134530677328945636e+00
4.134557551932199537e+00
4.134584496750164817e+00
4.134611511810704521e+00
4.134638597141436556e+00
4.134665752769697278e+00
4.134692978722560142e+00
4.134720275026841918e+00
4.134747641709078714e+00
4.134775078795537517e+00
4.134802586312214423e+00
4.134830164284823084e+00
4.134857812738811589e+00
4.134885531699342920e+00
4.134913321191292290e+00
4.134941181239270236e+00
4.134969111867584424e+00
4.134997113100266297e+00
4.135025184961060418e+00
4.135053327473415585e+00
4.135081540660491051e+00
4.135109824545159185e+00
4.135138179149988602e+00
4.135166604497259257e+00
4.135195100608941132e+00
4.135223667506719991e+00
4.135252305211964519e+00
4.135281013745752077e+00
4.135309793128843836e+00
4.135338643381698986e+00
4.135367564524472073e+00
4.135396556576997007e+00
4.135425619558803945e+00
4.135454753489109514e+00
4.135483958386807046e+00
4.135513234270480787e+00
4.135542581158389908e+00
4.135571999068476501e+00
4.135601488018358474e+00
4.135631048025331324e+00
4.135660679106365478e+00
4.135690381278103622e+00
4.135720154556856265e+00
4.135749998958608842e+00
4.135779914499010168e+00
4.135809901193381322e+00
4.135839959056702320e+00
4.135870088103614783e+00
4.135900288348430820e+00
4.135930559805117923e+00
4.135960902487296309e+00
4.135991316408254015e+00
4.136021801580923807e+00
4.136052358017903607e+00
4.136082985731429851e+00
4.136113684733400575e+00
4.136144455035363876e+00
4.136175296648504585e+00
4.136206209583667359e+00
4.136237193851330929e+00
4.136268249461624968e+00
4.136299376424315000e+00
4.136330574748815714e+00
4.136361844444168767e+00
4.136393185519061433e+00
4.136424597981815054e+00
4.136456081840387711e+00
4.136487637102367998e+00
4.136519263774976807e+00
4.136550961865069986e+00
4.136582731379125910e+00
4.136614572323255246e+00
4.136646484703190296e+00
4.136678468524297436e+00
4.136710523791557570e+00
4.136742650509580344e+00
4.136774848682592598e+00
4.136807118314441034e+00
4.136839459408593989e+00
4.136871871968136993e+00
4.136904355995765670e+00
4.136936911493799052e+00
4.136969538464162710e+00
4.137002236908397634e+00
4.137035006827654016e+00
4.137067848222693911e+00
4.137100761093888579e+00
4.137133745441209598e+00
4.137166801264245741e+00
4.137199928562182549e+00
4.137233127333813876e+00
4.137266397577530341e+00
4.137299739291331768e+00
4.137333152472812081e+00
4.137366637119170854e+00
4.137400193227196432e+00
4.137433820793280148e+00
4.137467519813415429e+00
4.137501290283179145e+00
4.137535132197743160e+00
4.137569045551882319e+00
4.137603030339952248e+00
4.137637086555907118e+00
4.137671214193280989e+00
4.137705413245208241e+00
4.137739683704405813e+00
4.137774025563173197e+00
4.137808438813397771e+00
4.137842923446555687e+00
4.137877479453705654e+00
4.137912106825485381e+00
4.137946805552114249e+00
4.137981575623401298e+00
4.138016417028722138e+00
4.138051329757042929e+00
4.138086313796904392e+00
4.138121369136419148e+00
4.138156495763287701e+00
4.138191693664774462e+00
4.138226962827727284e+00
4.138262303238564144e+00
4.138297714883273137e+00
4.138333197747424030e+00
4.138368751816149604e+00
4.138404377074156315e+00
4.138440073505720740e+00
4.138475841094691354e+00
4.138511679824478762e+00
4.138547589678067240e+00
4.138583570638009412e+00
4.138619622686416477e+00
4.138655745804973307e+00
4.138691939974924239e+00
4.138728205177082842e+00
4.138764541391822149e+00
4.138800948599083540e+00
4.138837426778364303e+00
4.138873975908725633e+00
4.138910595968796180e+00
4.138947286936754288e+00
4.138984048790350201e+00
4.139020881506881189e+00
4.139057785063219086e+00
4.139094759435777426e+00
4.139131804600538089e+00
4.139168920533036200e+00
4.139206107208367236e+00
4.139243364601179920e+00
4.139280692685682439e+00
4.139318091435629121e+00
4.139355560824342639e+00
4.139393100824688254e+00
4.139430711409095132e+00
4.139468392549539466e+00
4.139506144217552475e+00
4.139543966384215956e+00
4.139581859020174726e+00
4.139619822095607304e+00
4.139657855580262336e+00
4.139695959443428386e+00
4.139734133653949044e+00
4.139772378180221146e+00
4.139810692990184116e+00
4.139849078051339504e+00
4.139887533330724345e+00
4.139926058794936026e+00
4.139964654410115408e+00
4.140003320141961929e+00
4.140042055955710509e+00
4.140080861816151980e+00
4.140119737687629531e+00
4.140158683534028050e+00
4.140197699318778568e+00
4.140236785004868914e+00
4.140275940554829504e+00
4.140315165930736008e+00
4.140354461094219118e+00
4.140393826006446787e+00
4.140433260628140211e+00
4.140472764919572946e+00
4.140512338840554918e+00
4.140551982350451077e+00
4.140591695408166295e+00
4.140631477972164021e+00
4.140671330000437855e+00
4.140711251450545305e+00
4.140751242279580246e+00
4.140791302444186250e+00
4.140831431900557469e+00
4.140871630604426201e+00
4.140911898511081546e+00
4.140952235575353413e+00
4.140992641751626735e+00
4.141033116993818375e+00
4.141073661255406435e+00
4.141114274489416047e+00
4.141154956648409602e+00
4.141195707684508953e+00
4.141236527549374991e+00
4.141277416194223626e+00
4.141318373569813360e+00
4.141359399626454163e+00
4.141400494314003033e+00
4.141441657581868441e+00
4.141482889379004995e+00
4.141524189653918775e+00
4.141565558354662890e+00
4.141606995428841032e+00
4.141648500823610135e+00
4.141690074485673279e+00
4.141731716361285898e+00
4.141773426396256674e+00
4.141815204535937767e+00
4.141857050725244349e+00
4.141898964908635961e+00
4.141940947030125386e+00
4.141982997033276881e+00
4.142025114861214163e+00
4.142067300456606205e+00
4.142109553761683216e+00
4.142151874718222437e+00
4.142194263267562349e+00
4.142236719350595564e+00
4.142279242907762615e+00
4.142321833879074156e+00
4.142364492204079873e+00
4.142407217821905796e+00
4.142450010671216099e+00
4.142492870690252182e+00
4.142535797816801590e+00
4.142578791988210440e+00
4.142621853141393196e+00
4.142664981212815789e+00
4.142708176138512499e+00
4.142751437854077068e+00
4.142794766294657371e+00
4.142838161394973184e+00
4.142881623089307297e+00
4.142925151311500187e+00
4.142968745994965118e+00
4.143012407072672154e+00
4.143056134477161478e+00
4.143099928140542509e+00
4.143143787994482352e+00
4.143187713970230668e+00
4.143231705998594805e+00
4.143275764009954898e+00
4.143319887934259427e+00
4.143364077701030546e+00
4.143408333239358754e+00
4.143452654477912667e+00
4.143497041344929244e+00
4.143541493768219119e+00
4.143586011675171932e+00
4.143630594992749216e+00
4.143675243647490625e+00
4.143719957565512146e+00
4.143764736672507887e+00
4.143809580893752731e+00
4.143854490154102344e+00
4.143899464377987840e+00
4.143944503489424669e+00
4.143989607412017939e+00
4.144034776068941106e+00
4.144080009382967944e+00
4.144125307276445902e+00
4.144170669671318308e+00
4.144216096489103940e+00
4.144261587650921008e+00
4.144307143077474720e+00
4.144352762689053726e+00
4.144398446405543446e+00
4.144444194146424287e+00
4.144490005830761881e+00
4.144535881377221287e+00
4.144581820704060782e+00
4.144627823729140736e+00
4.144673890369911184e+00
4.144720020543423367e+00
4.144766214166328844e+00
4.144812471154882161e+00
4.144858791424932853e+00
4.144905174891938771e+00
4.144951621470965186e+00
4.144998131076675030e+00
4.145044703623333326e+00
4.145091339024830290e+00
4.145138037194649350e+00
4.145184798045885799e+00
4.145231621491251239e+00
4.145278507443064697e+00
4.145325455813260618e+00
4.145372466513388865e+00
4.145419539454610280e+00
4.145466674547710006e+00
4.145513871703086828e+00
4.145561130830757612e+00
4.145608451840360864e+00
4.145655834641160276e+00
4.145703279142041175e+00
4.145750785251509640e+00
4.145798352877702264e+00
4.145845981928379054e+00
4.145893672310932310e+00
4.145941423932380410e+00
4.145989236699374914e+00
4.146037110518197899e+00
4.146085045294769067e+00
4.146133040934636860e+00
4.146181097342990896e+00
4.146229214424658416e+00
4.146277392084103397e+00
4.146325630225428327e+00
4.146373928752383975e+00
4.146422287568363174e+00
4.146470706576395493e+00
4.146519185679164110e+00
4.146567724779000486e+00
4.146616323777875479e+00
4.146664982577426883e+00
4.146713701078927450e+00
4.146762479183313310e+00
4.146811316791169766e+00
4.146860213802741946e+00
4.146909170117932142e+00
4.146958185636300698e+00
4.147007260257066896e+00
4.147056393879116065e+00
4.147105586400997801e+00
4.147154837720917087e+00
4.147204147736754720e+00
4.147253516346060209e+00
4.147302943446046442e+00
4.147352428933606561e+00
4.147401972705292650e+00
4.147451574657345930e+00
4.147501234685673666e+00
4.147550952685863379e+00
4.147600728553179295e+00
4.147650562182572997e+00
4.147700453468671888e+00
4.147750402305791617e+00
4.147800408587922760e+00
4.147850472208757466e+00
4.147900593061668140e+00
4.147950771039716322e+00
4.148001006035657134e+00
4.148051297941940163e+00
4.148101646650706797e+00
4.148152052053800887e+00
4.148202514042758970e+00
4.148253032508819160e+00
4.148303607342922028e+00
4.148354238435710606e+00
4.148404925677526833e+00
4.148455668958435538e+00
4.148506468168191574e+00
4.148557323196267355e+00
4.148608233931848410e+00
4.148659200263831615e+00
4.148710222080828736e+00
4.148761299271168212e+00
4.148812431722892491e+00
4.148863619323774898e+00
4.148914861961300993e+00
4.148966159522681885e+00
4.149017511894858679e+00
4.149068918964489150e+00
4.149120380617969950e+00
4.149171896741420618e+00
4.149223467220701345e+00
4.149275091941391658e+00
4.149326770788825947e+00
4.149378503648056160e+00
4.149430290403893551e+00
4.149482130940869595e+00
4.149534025143274185e+00
4.149585972895134311e+00
4.149637974080223835e+00
4.149690028582062595e+00
4.149742136283926186e+00
4.149794297068838844e+00
4.149846510819573453e+00
4.149898777418664864e+00
4.149951096748399237e+00
4.150003468690825592e+00
4.150055893127748696e+00
4.150108369940743280e+00
4.150160899011134497e+00
4.150213480220029894e+00
4.150266113448296323e+00
4.150318798576565271e+00
4.150371535485248842e+00
4.150424324054524661e+00
4.150477164164352750e+00
4.150530055694460430e+00
4.150582998524365408e+00
4.150635992533354468e+00
4.150689037600503006e+00
4.150742133604667039e+00
4.150795280424492084e+00
4.150848477938407832e+00
4.150901726024640581e+00
4.150955024561194584e+00
4.151008373425884912e+00
4.151061772496302815e+00
4.151115221649853915e+00
4.151168720763728892e+00
4.151222269714931024e+00
4.151275868380257528e+00
4.151329516636310224e+00
4.151383214359505303e+00
4.151436961426058225e+00
4.151490757711997048e+00
4.151544603093163310e+00
4.151598497445214697e+00
4.151652440643618824e+00
4.151706432563664784e+00
4.151760473080452485e+00
4.151814562068920189e+00
4.151868699403811647e+00
4.151922884959708071e+00
4.151977118611010376e+00
4.152031400231952496e+00
4.152085729696594285e+00
4.152140106878836612e+00
4.152194531652401821e+00
4.152249003890860379e+00
4.152303523467614887e+00
4.152358090255909850e+00
4.152412704128832566e+00
4.152467364959313123e+00
4.152522072620127069e+00
4.152576826983898073e+00
4.152631627923095259e+00
4.152686475310047420e+00
4.152741369016934136e+00
4.152796308915785772e+00
4.152851294878492361e+00
4.152906326776804491e+00
4.152961404482331531e+00
4.153016527866544294e+00
4.153071696800783030e+00
4.153126911156252099e+00
4.153182170804024409e+00
4.153237475615042307e+00
4.153292825460121129e+00
4.153348220209947428e+00
4.153403659735092290e+00
4.153459143905998907e+00
4.153514672592986123e+00
4.153570245666263538e+00
4.153625862995919071e+00
4.153681524451926954e+00
4.153737229904150396e+00
4.153792979222338921e+00
4.153848772276138135e+00
4.153904608935080844e+00
4.153960489068597717e+00
4.154016412546020831e+00
4.154072379236573020e+00
4.154128389009384748e+00
4.154184441733479005e+00
4.154240537277801515e+00
4.154296675511185200e+00
4.154352856302382158e+00
4.154409079520046788e+00
4.154465345032760659e+00
4.154521652709002311e+00
4.154578002417173899e+00
4.154634394025595867e+00
4.154690827402502507e+00
4.154747302416062382e+00
4.154803818934350801e+00
4.154860376825382673e+00
4.154916975957089420e+00
4.154973616197339403e+00
4.155030297413926377e+00
4.155087019474581922e+00
4.155143782246966566e+00
4.155200585598678664e+00
4.155257429397260616e+00
4.155314313510189095e+00
4.155371237804885709e+00
4.155428202148711669e+00
4.155485206408980225e+00
4.155542250452953112e+00
4.155599334147830781e+00
4.155656457360776379e+00
4.155713619958902427e+00
4.155770821809276150e+00
4.155828062778924803e+00
4.155885342734825905e+00
4.155942661543930328e+00
4.156000019073139207e+00
4.156057415189327031e+00
4.156114849759329211e+00
4.156172322649956286e+00
4.156229833727977940e+00
4.156287382860143431e+00
4.156344969913173593e+00
4.156402594753765278e+00
4.156460257248591361e+00
4.156517957264303398e+00
4.156575694667534293e+00
4.156633469324902741e+00
4.156691281103007007e+00
4.156749129868434700e+00
4.156807015487759216e+00
4.156864937827550399e+00
4.156922896754357666e+00
4.156980892134739314e+00
4.157038923835237654e+00
4.157096991722389667e+00
4.157155095662744770e+00
4.157213235522845274e+00
4.157271411169234376e+00
4.157329622468461494e+00
4.157387869287081372e+00
4.157446151491657638e+00
4.157504468948764575e+00
4.157562821524985353e+00
4.157621209086917347e+00
4.157679631501172146e+00
4.157738088634384432e+00
4.157796580353194216e+00
4.157855106524273481e+00
4.157913667014312864e+00
4.157972261690022542e+00
4.158030890418146441e+00
4.158089553065446253e+00
4.158148249498721860e+00
4.158206979584794460e+00
4.158265743190523445e+00
4.158324540182803730e+00
4.158383370428558656e+00
4.158442233794759524e+00
4.158501130148407832e+00
4.158560059356548599e+00
4.158619021286271256e+00
4.158678015804712302e+00
4.158737042779041992e+00
4.158796102076494527e+00
4.158855193564343189e+00
4.158914317109915437e+00
4.158973472580593800e+00
4.159032659843805213e+00
4.159091878767048556e+00
4.159151129217866227e+00
4.159210411063866353e+00
4.159269724172720117e+00
4.159329068412158215e+00
4.159388443649977063e+00
4.159447849754037030e+00
4.159507286592265096e+00
4.159566754032663738e+00
4.159626251943298492e+00
4.159685780192319271e+00
4.159745338647931945e+00
4.159804927178434752e+00
4.159864545652193435e+00
4.159924193937660775e+00
4.159983871903362385e+00
4.160043579417905590e+00
4.160103316349992753e+00
4.160163082568392845e+00
4.160222877941983199e+00
4.160282702339711314e+00
4.160342555630625050e+00
4.160402437683857535e+00
4.160462348368641372e+00
4.160522287554301535e+00
4.160582255110254479e+00
4.160642250906019690e+00
4.160702274811211687e+00
4.160762326695552460e+00
4.160822406428859921e+00
4.160882513881055900e+00
4.160942648922170584e+00
4.161002811422336300e+00
4.161063001251806170e+00
4.161123218280920355e+00
4.161183462380154907e+00
4.161243733420080027e+00
4.161304031271391146e+00
4.161364355804892057e+00
4.161424706891511782e+00
4.161485084402287704e+00
4.161545488208385990e+00
4.161605918181086494e+00
4.161666374191801410e+00
4.161726856112053952e+00
4.161787363813507667e+00
4.161847897167941568e+00
4.161908456047270555e+00
4.161969040323535651e+00
4.162029649868908443e+00
4.162090284555697295e+00
4.162150944256341134e+00
4.162211628843411226e+00
4.162272338189624499e+00
4.162333072167828441e+00
4.162393830651013538e+00
4.162454613512308832e+00
4.162515420624984586e+00
4.162576251862460275e+00
4.162637107098295708e+00
4.162697986206196354e+00
4.162758889060015122e+00
4.162819815533756795e+00
4.162880765501571823e+00
4.162941738837765193e+00
4.163002735416795552e+00
4.163063755113271647e+00
4.163124797801954990e+00
4.163185863357772298e+00
4.163246951655806605e+00
4.163308062571286605e+00
4.163369195979618631e+00
4.163430351756356451e+00
4.163491529777228806e+00
4.163552729918117201e+00
4.163613952055073675e+00
4.163675196064315465e+00
4.163736461822225010e+00
4.163797749205362386e+00
4.163859058090445764e+00
4.163920388354367397e+00
4.163981739874196286e+00
4.164043112527171964e+00
4.164104506190705379e+00
4.164165920742389559e+00
4.164227356059986285e+00
4.164288812021443853e+00
4.164350288504879316e+00
4.164411785388596243e+00
4.164473302551082945e+00
4.164534839871000926e+00
4.164596397227198210e+00
4.164657974498715554e+00
4.164719571564762468e+00
4.164781188304752746e+00
4.164842824598274262e+00
4.164904480325111180e+00
4.164966155365233291e+00
4.165027849598804011e+00
4.165089562906178600e+00
4.165151295167898837e+00
4.165213046264709007e+00
4.165274816077543463e+00
4.165336604487531957e+00
4.165398411376002308e+00
4.165460236624477730e+00
4.165522080114687498e+00
4.165583941728549178e+00
4.165645821348188171e+00
4.165707718855932384e+00
4.165769634134307786e+00
4.165831567066048180e+00
4.165893517534081880e+00
4.165955485421557469e+00
4.166017470611820706e+00
4.166079472988422516e+00
4.166141492435126104e+00
4.166203528835899839e+00
4.166265582074927032e+00
4.166327652036596163e+00
4.166389738605510651e+00
4.166451841666481748e+00
4.166513961104540087e+00
4.166576096804923246e+00
4.166638248653087295e+00
4.166700416534703244e+00
4.166762600335660593e+00
4.166824799942061119e+00
4.166887015240227754e+00
4.166949246116697481e+00
4.167011492458234656e+00
4.167073754151818576e+00
4.167136031084649694e+00
4.167198323144146066e+00
4.167260630217960227e+00
4.167322952193954322e+00
4.167385288960223200e+00
4.167447640405081088e+00
4.167510006417067814e+00
4.167572386884950575e+00
4.167634781697725721e+00
4.167697190744607205e+00
4.167759613915052341e+00
4.167822051098733382e+00
4.167884502185556173e+00
4.167946967065654817e+00
4.168009445629400567e+00
4.168071937767387602e+00
4.168134443370441922e+00
4.168196962329627553e+00
4.168259494536237675e+00
4.168322039881800833e+00
4.168384598258073837e+00
4.168447169557055076e+00
4.168509753670973872e+00
4.168572350492295797e+00
4.168634959913727123e+00
4.168697581828201493e+00
4.168760216128894136e+00
4.168822862709222754e+00
4.168885521462835975e+00
4.168948192283624010e+00
4.169010875065714217e+00
4.169073569703483528e+00
4.169136276091532700e+00
4.169198994124713842e+00
4.169261723698117095e+00
4.169324464707074185e+00
4.169387217047156646e+00
4.169449980614182927e+00
4.169512755304208618e+00
4.169575541013537112e+00
4.169638337638708059e+00
4.169701145076514237e+00
4.169763963223989123e+00
4.169826791978404223e+00
4.169889631237284178e+00
4.169952480898391656e+00
4.170015340859744235e+00
4.170078211019596637e+00
4.170141091276454048e+00
4.170203981529064130e+00
4.170266881676425008e+00
4.170329791617782611e+00
4.170392711252626228e+00
4.170455640480693837e+00
4.170518579201972109e+00
4.170581527316694626e+00
4.170644484725345436e+00
4.170707451328652837e+00
4.170770427027601812e+00
4.170833411723413597e+00
4.170896405317571443e+00
4.170959407711798406e+00
4.171022418808072452e+00
4.171085438508619347e+00
4.171148466715913550e+00
4.171211503332680870e+00
4.171274548261895809e+00
4.171337601406782447e+00
4.171400662670820658e+00
4.171463731957731014e+00
4.171526809171496097e+00
4.171589894216339189e+00
4.171652986996739365e+00
4.171716087417424390e+00
4.171779195383373384e+00
4.171842310799816822e+00
4.171905433572236532e+00
4.171968563606363034e+00
4.172031700808181753e+00
4.172094845083923254e+00
4.172157996340071229e+00
4.172221154483364280e+00
4.172284319420790588e+00
4.172347491059579916e+00
4.172410669307232922e+00
4.172473854071477639e+00
4.172537045260308552e+00
4.172600242781967950e+00
4.172663446544945032e+00
4.172726656457981242e+00
4.172789872430070268e+00
4.172853094370454485e+00
4.172916322188627625e+00
4.172979555794332107e+00
4.173042795097558155e+00
4.173106040008557116e+00
4.173169290437813039e+00
4.173232546296079981e+00
4.173295807494334042e+00
4.173359073943827546e+00
4.173422345556044633e+00
4.173485622242732340e+00
4.173548903915873076e+00
4.173612190487700602e+00
4.173675481870704473e+00
4.173738777977613168e+00
4.173802078721412734e+00
4.173865384015325475e+00
4.173928693772826826e+00
4.173992007907640911e+00
4.174055326333734328e+00
4.174118648965325029e+00
4.174181975716875215e+00
4.174245306503087782e+00
4.174308641238918760e+00
4.174371979839561320e+00
4.174435322220464428e+00
4.174498668297316861e+00
4.174562017986040985e+00
4.174625371202818513e+00
4.174688727864068305e+00
4.174752087886449914e+00
4.174815451186870696e+00
4.174878817682476040e+00
4.174942187290656470e+00
4.175005559929037879e+00
4.175068935515499291e+00
4.175132313968143549e+00
4.175195695205331958e+00
4.175259079145653196e+00
4.175322465707937525e+00
4.175385854811254127e+00
4.175449246374916434e+00
4.175512640318467028e+00
4.175576036561691851e+00
4.175639435024610435e+00
4.175702835627486564e+00
4.175766238290803400e+00
4.175829642935298125e+00
4.175893049481928188e+00
4.175956457851898840e+00
4.176019867966634713e+00
4.176083279747806465e+00
4.176146693117305908e+00
4.176210107997270882e+00
4.176273524310054164e+00
4.176336941978254558e+00
4.176400360924689359e+00
4.176463781072420112e+00
4.176527202344717082e+00
4.176590624665094786e+00
4.176654047957293336e+00
4.176717472145275778e+00
4.176780897153235195e+00
4.176844322905588491e+00
4.176907749326978170e+00
4.176971176342274106e+00
4.177034603876565555e+00
4.177098031855172700e+00
4.177161460203626220e+00
4.177224888847690387e+00
4.177288317713341748e+00
4.177351746726788662e+00
4.177415175814445547e+00
4.177478604902955084e+00
4.177542033919179332e+00
4.177605462790191737e+00
4.177668891443286014e+00
4.177732319805969929e+00
4.177795747805970628e+00
4.177859175371224865e+00
4.177922602429887000e+00
4.177986028910326333e+00
4.178049454741117330e+00
4.178112879851051176e+00
4.178176304169128663e+00
4.178239727624561084e+00
4.178303150146769340e+00
4.178366571665379503e+00
4.178429992110226365e+00
4.178493411411356107e+00
4.178556829499013858e+00
4.178620246303654362e+00
4.178683661755935752e+00
4.178747075786713339e+00
4.178810488327052930e+00
4.178873899308221063e+00
4.178937308661678784e+00
4.179000716319093200e+00
4.179064122212331256e+00
4.179127526273448190e+00
4.179190928434707963e+00
4.179254328628563719e+00
4.179317726787671994e+00
4.179381122844869623e+00
4.179444516733198611e+00
4.179507908385890147e+00
4.179571297736370816e+00
4.179634684718251947e+00
4.179698069265332272e+00
4.179761451311615694e+00
4.179824830791270429e+00
4.179888207638673414e+00
4.179951581788374781e+00
4.180014953175112957e+00
4.180078321733811109e+00
4.180141687399578032e+00
4.180205050107700160e+00
4.180268409793649553e+00
4.180331766393072357e+00
4.180395119841801232e+00
4.180458470075842925e+00
4.180521817031384479e+00
4.180585160644783471e+00
4.180648500852577776e+00
4.180711837591480240e+00
4.180775170798376905e+00
4.180838500410319014e+00
4.180901826364541662e+00
4.180965148598437153e+00
4.181028467049576314e+00
4.181091781655696060e+00
4.181155092354698510e+00
4.181218399084647430e+00
4.181281701783790439e+00
4.181345000390515487e+00
4.181408294843389051e+00
4.181471585081135700e+00
4.181534871042636325e+00
4.181598152666940571e+00
4.181661429893249959e+00
4.181724702660927662e+00
4.181787970909491392e+00
4.181851234578616072e+00
4.181914493608132943e+00
4.181977747938020684e+00
4.182040997508417846e+00
4.182104242259609528e+00
4.182167482132034486e+00
4.182230717066279801e+00
4.182293947003079992e+00
4.182357171883313463e+00
4.182420391648020264e+00
4.182483606238358576e+00
4.182546815595658884e+00
4.182610019661375134e+00
4.182673218377112256e+00
4.182736411684608413e+00
4.182799599525750978e+00
4.182862781842563216e+00
4.182925958577200731e+00
4.182989129671955020e+00
4.183052295069266791e+00
4.183115454711688663e+00
4.183178608541928689e+00
4.183241756502813935e+00
4.183304898537299366e+00
4.183368034588480278e+00
4.183431164599576313e+00
4.183494288513932347e+00
4.183557406275025592e+00
4.183620517826449614e+00
4.183683623111931205e+00
4.183746722075316171e+00
4.183809814660573778e+00
4.183872900811791418e+00
4.183935980473178162e+00
4.183999053589063877e+00
4.184062120103896554e+00
4.184125179962237873e+00
4.184188233108759647e+00
4.184251279488262476e+00
4.184314319045648212e+00
4.184377351725935057e+00
4.184440377474252237e+00
4.184503396235841777e+00
4.184566407956046952e+00
4.184629412580322061e+00
4.184692410054235978e+00
4.184755400323451724e+00
4.184818383333741565e+00
4.184881359030982573e+00
4.184944327361153960e+00
4.185007288270335302e+00
4.185070241704701210e+00
4.185133187610535543e+00
4.185196125934209199e+00
4.185259056622197882e+00
4.185321979621069666e+00
4.185384894877488549e+00
4.185447802338207346e+00
4.185510701950080126e+00
4.185573593660043556e+00
4.185636477415129342e+00
4.185699353162458891e+00
4.185762220849234438e+00
4.185825080422758582e+00
4.185887931830402309e+00
4.185950775019640524e+00
4.186013609938017410e+00
4.186076436533162415e+00
4.186139254752792915e+00
4.186202064544701784e+00
4.186264865856759165e+00
4.186327658636918692e+00
4.186390442833210379e+00
4.186453218393736186e+00
4.186515985266676232e+00
4.186578743400287905e+00
4.186641492742896986e+00
4.186704233242899420e+00
4.186766964848769312e+00
4.186829687509040276e+00
4.186892401172326750e+00
4.186955105787303566e+00
4.187017801302711284e+00
4.187080487667359741e+00
4.187143164830120057e+00
4.187205832739931743e+00
4.187268491345795596e+00
4.187331140596763035e+00
4.187393780441966307e+00
4.187456410830578513e+00
4.187519031711839368e+00
4.187581643035046319e+00
4.187644244749550104e+00
4.187706836804760968e+00
4.187769419150138006e+00
4.187831991735197157e+00
4.187894554509505873e+00
4.187957107422684899e+00
4.188019650424400275e+00
4.188082183464372221e+00
4.188144706492366254e+00
4.188207219458192299e+00
4.188269722311717125e+00
4.188332215002843029e+00
4.188394697481516715e+00
4.188457169697735516e+00
4.188519631601529625e+00
4.188582083142982526e+00
4.188644524272204350e+00
4.188706954939351412e+00
4.188769375094626213e+00
4.188831784688252569e+00
4.188894183670503146e+00
4.188956571991681699e+00
4.189018949602124842e+00
4.189081316452209158e+00
4.189143672492337878e+00
4.189206017672947091e+00
4.189268351944508417e+00
4.189330675257514791e+00
4.189392987562499115e+00
4.189455288810013833e+00
4.189517578950639809e+00
4.189579857934986329e+00
4.189642125713690213e+00
4.189704382237406932e+00
4.189766627456820380e+00
4.189828861322634879e+00
4.189891083785576953e+00
4.189953294796395333e+00
4.190015494305853849e+00
4.190077682264743864e+00
4.190139858623865621e+00
4.190202023334046011e+00
4.190264176346118141e+00
4.190326317610943541e+00
4.190388447079387291e+00
4.190450564702332237e+00
4.190512670430677211e+00
4.190574764215331705e+00
4.190636846007209648e+00
4.190698915757251619e+00
4.190760973416388424e+00
4.190823018935576627e+00
4.190885052265773680e+00
4.190947073357941477e+00
4.191009082163054345e+00
4.191071078632085722e+00
4.191133062716025925e+00
4.191195034365853722e+00
4.191256993532565645e+00
4.191318940167151119e+00
4.191380874220603125e+00
4.191442795643917307e+00
4.191504704388093749e+00
4.191566600404129872e+00
4.191628483643011549e+00
4.191690354055733536e+00
4.191752211593291477e+00
4.191814056206667694e+00
4.191875887846842730e+00
4.191937706464796243e+00
4.191999512011499895e+00
4.192061304437916469e+00
4.192123083695006081e+00
4.192184849733721741e+00
4.192246602505003139e+00
4.192308341959782858e+00
4.192370068048986376e+00
4.192431780723524071e+00
4.192493479934300105e+00
4.192555165632205316e+00
4.192616837768112781e+00
4.192678496292892909e+00
4.192740141157390354e+00
4.192801772312447106e+00
4.192863389708881172e+00
4.192924993297499014e+00
4.192986583029087555e+00
4.193048158854423946e+00
4.193109720724259581e+00
4.193171268589332534e+00
4.193232802400361336e+00
4.193294322108043204e+00
4.193355827663056701e+00
4.193417319016061739e+00
4.193478796117696916e+00
4.193540258918575070e+00
4.193601707369292164e+00
4.193663141420415741e+00
4.193724561022494690e+00
4.193785966126053033e+00
4.193847356681590810e+00
4.193908732639579640e+00
4.193970093950472489e+00
4.194031440564691238e+00
4.194092772432626681e+00
4.194154089504654515e+00
4.194215391731115794e+00
4.194276679062324042e+00
4.194337951448565249e+00
4.194399208840094317e+00
4.194460451187141281e+00
4.194521678439902423e+00
4.194582890548547383e+00
4.194644087463210269e+00
4.194705269133996772e+00
4.194766435510980607e+00
4.194827586544203513e+00
4.194888722183675256e+00
4.194949842379370075e+00
4.195010947081234676e+00
4.195072036239173130e+00
4.195133109803068194e+00
4.195194167722751111e+00
4.195255209948039798e+00
4.195316236428690893e+00
4.195377247114450370e+00
4.195438241955010028e+00
4.195499220900034132e+00
4.195560183899150530e+00
4.195621130901947105e+00
4.195682061857977097e+00
4.195742976716747563e+00
4.195803875427743357e+00
4.195864757940393375e+00
4.195925624204101645e+00
4.195986474168226898e+00
4.196047307782088787e+00
4.196108124994967881e+00
4.196168925756107448e+00
4.196229710014704573e+00
4.196290477719921697e+00
4.196351228820880408e+00
4.196411963266656109e+00
4.196472681006294003e+00
4.196533381988783340e+00
4.196594066163083170e+00
4.196654733478103694e+00
4.196715383882718697e+00
4.196776017325758446e+00
4.196836633756005241e+00
4.196897233122202309e+00
4.196957815373053791e+00
4.197018380457219422e+00
4.197078928323311864e+00
4.197139458919899369e+00
4.197199972195514661e+00
4.197260468098639841e+00
4.197320946577710821e+00
4.197381407581130652e+00
4.197441851057245543e+00
4.197502276954367950e+00
4.197562685220757928e+00
4.197623075804632897e+00
4.197683448654171201e+00
4.197743803717501443e+00
4.197804140942706930e+00
4.197864460277824783e+00
4.197924761670851268e+00
4.197985045069739130e+00
4.198045310422387821e+00
4.198105557676658606e+00
4.198165786780365671e+00
4.198225997681277022e+00
4.198286190327113587e+00
4.198346364665553665e+00
4.198406520644230255e+00
4.198466658210731950e+00
4.198526777312594938e+00
4.198586877897315439e+00
4.198646959912343490e+00
4.198707023305088271e+00
4.198767068022896787e+00
4.198827094013096506e+00
4.198887101222943841e+00
4.198947089599663229e+00
4.199007059090434701e+00
4.199067009642387660e+00
4.199126941202606211e+00
4.199186853718130941e+00
4.199246747135956248e+00
4.199306621403033901e+00
4.199366476466265041e+00
4.199426312272513506e+00
4.199486128768586291e+00
4.199545925901257526e+00
4.199605703617248054e+00
4.199665461863241411e+00
4.199725200585867846e+00
4.199784919731721189e+00
4.199844619247345534e+00
4.199904299079236125e+00
4.199963959173858008e+00
4.200023599477619385e+00
4.200083219936890266e+00
4.200142820497993590e+00
4.200202401107208772e+00
4.200261961710773484e+00
4.200321502254884543e+00
4.200381022685689025e+00
4.200440522949295818e+00
4.200500002991767623e+00
4.200559462759126284e+00
4.200618902197346571e+00
4.200678321252369507e+00
4.200737719870089037e+00
4.200797097996352036e+00
4.200856455576970738e+00
4.200915792557713857e+00
4.200975108884306586e+00
4.201034404502431485e+00
4.201093679357734700e+00
4.201152933395824185e+00
4.201212166562251049e+00
4.201271378802545975e+00
4.201330570062188130e+00
4.201389740286616714e+00
4.201448889421233623e+00
4.201508017411406115e+00
4.201567124202450820e+00
4.201626209739658613e+00
4.201685273968266188e+00
4.201744316833483595e+00
4.201803338280483580e+00
4.201862338254391815e+00
4.201921316700302000e+00
4.201980273563266977e+00
4.202039208788307612e+00
4.202098122320406581e+00
4.202157014104503041e+00
4.202215884085508613e+00
4.202274732208294061e+00
4.202333558417697290e+00
4.202392362658518010e+00
4.202451144875522182e+00
4.202509905013438463e+00
4.202568643016965311e+00
4.202627358830767434e+00
4.202686052399468686e+00
4.202744723667662718e+00
4.202803372579913876e+00
4.202861999080750977e+00
4.202920603114669973e+00
4.202979184626129516e+00
4.203037743559563388e+00
4.203096279859369844e+00
4.203154793469922268e+00
4.203213284335555855e+00
4.203271752400575600e+00
4.203330197609259855e+00
4.203388619905854107e+00
4.203447019234575421e+00
4.203505395539612444e+00
4.203563748765123620e+00
4.203622078855238975e+00
4.203680385754061888e+00
4.203738669405665540e+00
4.203796929754100908e+00
4.203855166743381666e+00
4.203913380317504611e+00
4.203971570420439008e+00
4.204029736996120370e+00
4.204087879988469112e+00
4.204145999341372786e+00
4.204204094998700292e+00
4.204262166904286779e+00
4.204320215001953187e+00
4.204378239235494696e+00
4.204436239548675402e+00
4.204494215885248742e+00
4.204552168188937067e+00
4.204610096403441410e+00
4.204668000472441491e+00
4.204725880339602817e+00
4.204783735948558920e+00
4.204841567242929123e+00
4.204899374166314097e+00
4.204957156662287865e+00
4.205014914674409354e+00
4.205072648146221503e+00
4.205130357021245935e+00
4.205188041242984731e+00
4.205245700754923988e+00
4.205303335500532036e+00
4.205360945423259444e+00
4.205418530466542570e+00
4.205476090573801784e+00
4.205533625688439692e+00
4.205591135753842913e+00
4.205648620713386521e+00
4.205706080510430489e+00
4.205763515088317916e+00
4.205820924390379467e+00
4.205878308359939588e+00
4.205935666940296080e+00
4.205993000074748522e+00
4.206050307706578728e+00
4.206107589779053413e+00
4.206164846235433963e+00
4.206222077018970218e+00
4.206279282072896031e+00
4.206336461340444366e+00
4.206393614764837530e+00
4.206450742289283617e+00
4.206507843856979179e+00
4.206564919411128756e+00
4.206621968894914687e+00
4.206678992251516647e+00
4.206735989424108091e+00
4.206792960355853594e+00
4.206849904989918620e+00
4.206906823269454421e+00
4.206963715137614912e+00
4.207020580537546905e+00
4.207077419412390107e+00
4.207134231705285998e+00
4.207191017359366292e+00
4.207247776317767141e+00
4.207304508523617592e+00
4.207361213920044918e+00
4.207417892450178165e+00
4.207474544057143717e+00
4.207531168684065292e+00
4.207587766274071051e+00
4.207644336770283822e+00
4.207700880115836206e+00
4.207757396253847482e+00
4.207813885127454689e+00
4.207870346679786877e+00
4.207926780853977533e+00
4.207983187593168140e+00
4.208039566840493073e+00
4.208095918539103586e+00
4.208152242632146489e+00
4.208208539062773035e+00
4.208264807774146909e+00
4.208321048709432688e+00
4.208377261811798498e+00
4.208433447024427565e+00
4.208489604290500452e+00
4.208545733553211932e+00
4.208601834755761217e+00
4.208657907841357293e+00
4.208713952753218912e+00
4.208769969434573710e+00
4.208825957828656428e+00
4.208881917878716905e+00
4.208937849528010311e+00
4.208993752719810466e+00
4.209049627397394744e+00
4.209105473504054729e+00
4.209161290983097103e+00
4.209217079777845427e+00
4.209272839831622370e+00
4.209328571087779025e+00
4.209384273489676254e+00
4.209439946980683800e+00
4.209495591504198053e+00
4.209551207003620732e+00
4.209606793422374871e+00
4.209662350703901268e+00
4.209717878791653156e+00
4.209773377629104196e+00
4.209828847159749365e+00
4.209884287327093411e+00
4.209939698074667724e+00
4.209995079346022351e+00
4.210050431084721545e+00
4.210105753234356207e+00
4.210161045738539443e+00
4.210216308540896790e+00
4.210271541585079547e+00
4.210326744814770095e+00
4.210381918173657922e+00
4.210437061605467157e+00
4.210492175053943242e+00
4.210547258462849385e+00
4.210602311775984319e+00
4.210657334937162766e+00
4.210712327890226980e+00
4.210767290579048527e+00
4.210822222947523841e+00
4.210877124939572447e+00
4.210931996499145846e+00
4.210986837570222185e+00
4.211041648096805368e+00
4.211096428022934823e+00
4.211151177292673076e+00
4.211205895850113734e+00
4.211260583639376165e+00
4.211315240604624144e+00
4.211369866690038322e+00
4.211424461839836653e+00
4.211479025998269066e+00
4.211533559109621905e+00
4.211588061118203719e+00
4.211642531968371905e+00
4.211696971604504292e+00
4.211751379971020448e+00
4.211805757012369256e+00
4.211860102673044004e+00
4.211914416897570845e+00
4.211968699630504354e+00
4.212022950816443512e+00
4.212077170400023718e+00
4.212131358325921227e+00
4.212185514538847819e+00
4.212239638983546364e+00
4.212293731604811242e+00
4.212347792347477693e+00
4.212401821156407600e+00
4.212455817976513472e+00
4.212509782752747789e+00
4.212563715430110101e+00
4.212617615953630157e+00
4.212671484268388333e+00
4.212725320319506750e+00
4.212779124052156376e+00
4.212832895411547263e+00
4.212886634342928538e+00
4.212940340791603511e+00
4.212994014702926115e+00
4.213047656022280485e+00
4.213101264695110260e+00
4.213154840666903489e+00
4.213208383883192631e+00
4.213261894289563436e+00
4.213315371831646949e+00
4.213368816455126620e+00
4.213422228105730305e+00
4.213475606729241818e+00
4.213528952271494710e+00
4.213582264678371381e+00
4.213635543895807523e+00
4.213688789869797446e+00
4.213742002546372767e+00
4.213795181871633488e+00
4.213848327791726689e+00
4.213901440252859842e+00
4.213954519201283944e+00
4.214007564583321042e+00
4.214060576345334042e+00
4.214113554433748021e+00
4.214166498795052895e+00
4.214219409375783876e+00
4.214272286122544564e+00
4.214325128981989188e+00
4.214377937900833260e+00
4.214430712825854464e+00
4.214483453703890881e+00
4.214536160481839211e+00
4.214588833106655663e+00
4.214641471525367500e+00
4.214694075685049057e+00
4.214746645532848390e+00
4.214799181015979279e+00
4.214851682081709683e+00
4.214904148677376838e+00
4.214956580750383708e+00
4.215008978248199867e+00
4.215061341118357952e+00
4.215113669308462541e+00
4.215165962766173280e+00
4.215218221439233304e+00
4.215270445275442590e+00
4.215322634222675724e+00
4.215374788228873904e+00
4.215426907242048493e+00
4.215478991210281912e+00
4.215531040081725855e+00
4.215583053804609293e+00
4.215635032327226028e+00
4.215686975597948027e+00
4.215738883565213868e+00
4.215790756177541176e+00
4.215842593383526626e+00
4.215894395131830841e+00
4.215946161371194378e+00
4.215997892050441287e+00
4.216049587118456010e+00
4.216101246524213586e+00
4.216152870216767212e+00
4.216204458145238476e+00
4.216256010258835119e+00
4.216307526506838599e+00
4.216359006838622747e+00
4.216410451203624454e+00
4.216461859551376534e+00
4.216513231831483743e+00
4.216564567993638768e+00
4.216615867987617783e+00
4.216667131763275123e+00
4.216718359270553051e+00
4.216769550459473770e+00
4.216820705280157178e+00
4.216871823682789788e+00
4.216922905617662920e+00
4.216973951035145163e+00
4.217024959885689483e+00
4.217075932119847437e+00
4.217126867688252290e+00
4.217177766541625239e+00
4.217228628630781628e+00
4.217279453906630948e+00
4.217330242320159961e+00
4.217380993822458457e+00
4.217431708364708598e+00
4.217482385898185804e+00
4.217533026374250760e+00
4.217583629744362739e+00
4.217634195960080490e+00
4.217684724973055133e+00
4.217735216735028381e+00
4.217785671197844088e+00
4.217836088313444698e+00
4.217886468033867686e+00
4.217936810311248230e+00
4.217987115097821871e+00
4.218037382345924513e+00
4.218087612007990650e+00
4.218137804036554250e+00
4.218187958384257641e+00
4.218238075003838183e+00
4.218288153848138933e+00
4.218338194870105085e+00
4.218388198022788416e+00
4.218438163259344620e+00
4.218488090533032420e+00
4.218537979797216231e+00
4.218587831005371491e+00
4.218637644111077556e+00
4.218687419068024802e+00
4.218737155830007524e+00
4.218786854350930149e+00
4.218836514584810793e+00
4.218886136485775928e+00
4.218935720008063051e+00
4.218985265106017124e+00
4.219034771734103018e+00
4.219084239846894846e+00
4.219133669399082187e+00
4.219183060345466529e+00
4.219232412640965713e+00
4.219281726240613928e+00
4.219331001099562606e+00
4.219380237173076864e+00
4.219429434416544389e+00
4.219478592785466553e+00
4.219527712235468186e+00
4.219576792722285141e+00
4.219625834201789161e+00
4.219674836629959458e+00
4.219723799962904032e+00
4.219772724156849009e+00
4.219821609168150189e+00
4.219870454953275285e+00
4.219919261468833227e+00
4.219968028671543969e+00
4.220016756518260692e+00
4.220065444965960921e+00
4.220114093971753633e+00
4.220162703492866818e+00
4.220211273486665249e+00
4.220259803910640706e+00
4.220308294722414644e+00
4.220356745879739080e+00
4.220405157340501923e+00
4.220453529062715425e+00
4.220501861004532174e+00
4.220550153124236203e+00
4.220598405380238560e+00
4.220646617731103056e+00
4.220694790135509855e+00
4.220742922552290111e+00
4.220791014940404651e+00
4.220839067258951971e+00
4.220887079467175340e+00
4.220935051524455695e+00
4.220982983390308974e+00
4.221030875024394113e+00
4.221078726386518376e+00
4.221126537436622250e+00
4.221174308134797215e+00
4.221222038441272417e+00
4.221269728316425329e+00
4.221317377720778197e+00
4.221364986614999815e+00
4.221412554959903751e+00
4.221460082716454565e+00
4.221507569845762475e+00
4.221555016309086916e+00
4.221602422067840976e+00
4.221649787083583405e+00
4.221697111318031048e+00
4.221744394733040195e+00
4.221791637290638555e+00
4.221838838952990614e+00
4.221885999682425172e+00
4.221933119441424687e+00
4.221980198192622602e+00
4.222027235898820230e+00
4.222074232522961879e+00
4.222121188028164163e+00
4.222168102377693799e+00
4.222214975534976489e+00
4.222261807463608463e+00
4.222308598127340495e+00
4.222355347490085009e+00
4.222402055515916963e+00
4.222448722169080071e+00
4.222495347413981470e+00
4.222541931215189059e+00
4.222588473537441267e+00
4.222634974345643499e+00
4.222681433604862811e+00
4.222727851280349221e+00
4.222774227337505515e+00
4.222820561741913004e+00
4.222866854459325303e+00
4.222913105455662119e+00
4.222959314697022570e+00
4.223005482149676304e+00
4.223051607780062611e+00
4.223097691554801969e+00
4.223143733440690717e+00
4.223189733404699275e+00
4.223235691413970372e+00
4.223281607435836804e+00
4.223327481437802788e+00
4.223373313387550176e+00
4.223419103252951778e+00
4.223464851002047382e+00
4.223510556603073063e+00
4.223556220024437202e+00
4.223601841234740029e+00
4.223647420202762071e+00
4.223692956897469486e+00
4.223738451288016726e+00
4.223783903343743873e+00
4.223829313034182853e+00
4.223874680329044118e+00
4.223920005198241512e+00
4.223965287611870068e+00
4.224010527540214888e+00
4.224055724953764468e+00
4.224100879823187604e+00
4.224145992119348492e+00
4.224191061813320047e+00
4.224236088876348383e+00
4.224281073279890997e+00
4.224326014995598122e+00
4.224370913995317167e+00
4.224415770251097157e+00
4.224460583735181629e+00
4.224505354420021064e+00
4.224550082278255125e+00
4.224594767282740193e+00
4.224639409406527157e+00
4.224684008622868525e+00
4.224728564905224637e+00
4.224773078227261891e+00
4.224817548562850078e+00
4.224861975886065935e+00
4.224906360171195807e+00
4.224950701392727659e+00
4.224994999525372386e+00
4.225039254544038059e+00
4.225083466423846801e+00
4.225127635140133009e+00
4.225171760668444243e+00
4.225215842984540338e+00
4.225259882064394290e+00
4.225303877884196702e+00
4.225347830420354001e+00
4.225391739649476897e+00
4.225435605548411466e+00
4.225479428094212508e+00
4.225523207264150649e+00
4.225566943035720335e+00
4.225610635386638947e+00
4.225654284294833474e+00
4.225697889738471602e+00
4.225741451695919082e+00
4.225784970145788577e+00
4.225828445066903249e+00
4.225871876438314523e+00
4.225915264239298530e+00
4.225958608449357001e+00
4.226001909048227922e+00
4.226045166015861554e+00
4.226088379332446188e+00
4.226131548978401931e+00
4.226174674934370046e+00
4.226217757181235157e+00
4.226260795700102157e+00
4.226303790472309529e+00
4.226346741479439117e+00
4.226389648703292146e+00
4.226432512125915864e+00
4.226475331729584894e+00
4.226518107496818999e+00
4.226560839410362647e+00
4.226603527453208997e+00
4.226646171608582137e+00
4.226688771859945959e+00
4.226731328191006831e+00
4.226773840585712705e+00
4.226816309028244234e+00
4.226858733503028986e+00
4.226901113994742332e+00
4.226943450488290566e+00
4.226985742968828674e+00
4.227027991421767439e+00
4.227070195832739685e+00
4.227112356187643805e+00
4.227154472472614444e+00
4.227196544674037604e+00
4.227238572778540870e+00
4.227280556773006737e+00
4.227322496644561056e+00
4.227364392380585478e+00
4.227406243968706789e+00
4.227448051396800466e+00
4.227489814652999556e+00
4.227531533725684021e+00
4.227573208603487842e+00
4.227614839275298131e+00
4.227656425730256906e+00
4.227697967957756653e+00
4.227739465947445652e+00
4.227780919689232420e+00
4.227822329173275051e+00
4.227863694389994542e+00
4.227905015330058802e+00
4.227946291984403082e+00
4.227987524344218428e+00
4.228028712400952571e+00
4.228069856146309036e+00
4.228110955572256913e+00
4.228152010671024641e+00
4.228193021435099119e+00
4.228233987857224818e+00
4.228274909930421543e+00
4.228315787647951574e+00
4.228356621003355187e+00
4.228397409990429345e+00
4.228438154603236576e+00
4.228478854836101419e+00
4.228519510683607763e+00
4.228560122140616606e+00
4.228600689202248297e+00
4.228641211863883420e+00
4.228681690121176118e+00
4.228722123970039881e+00
4.228762513406661760e+00
4.228802858427497036e+00
4.228843159029256782e+00
4.228883415208935403e+00
4.228923626963781324e+00
4.228963794291323630e+00
4.229003917189350759e+00
4.229043995655932697e+00
4.229084029689392565e+00
4.229124019288336811e+00
4.229163964451633895e+00
4.229203865178432054e+00
4.229243721468140649e+00
4.229283533320447042e+00
4.229323300735303270e+00
4.229363023712938485e+00
4.229402702253858948e+00
4.229442336358824939e+00
4.229481926028888950e+00
4.229521471265366372e+00
4.229560972069845270e+00
4.229600428444193483e+00
4.229639840390539973e+00
4.229679207911297922e+00
4.229718531009152294e+00
4.229757809687056280e+00
4.229797043948247293e+00
4.229836233796221201e+00
4.229875379234766086e+00
4.229914480267932930e+00
4.229953536900048938e+00
4.229992549135717539e+00
4.230031516979820161e+00
4.230070440437504686e+00
4.230109319514204103e+00
4.230148154215613410e+00
4.230186944547716266e+00
4.230225690516763670e+00
4.230264392129284623e+00
4.230303049392081682e+00
4.230341662312236295e+00
4.230380230897096361e+00
4.230418755154294885e+00
4.230457235091734880e+00
4.230495670717593804e+00
4.230534062040329779e+00
4.230572409068669160e+00
4.230610711811620739e+00
4.230648970278461540e+00
4.230687184478744811e+00
4.230725354422304463e+00
4.230763480119241748e+00
4.230801561579936809e+00
4.230839598815042457e+00
4.230877591835489504e+00
4.230915540652477880e+00
4.230953445277481961e+00
4.230991305722259455e+00
4.231029121998828302e+00
4.231066894119489774e+00
4.231104622096815149e+00
4.231142305943648374e+00
4.231179945673105181e+00
4.231217541298580187e+00
4.231255092833737130e+00
4.231292600292510642e+00
4.231330063689104470e+00
4.231367483038003918e+00
4.231404858353956300e+00
4.231442189651988706e+00
4.231479476947387575e+00
4.231516720255723563e+00
4.231553919592830226e+00
4.231591074974805800e+00
4.231628186418032733e+00
4.231665253939147497e+00
4.231702277555063674e+00
4.231739257282967515e+00
4.231776193140303732e+00
4.231813085144787046e+00
4.231849933314403955e+00
4.231886737667406528e+00
4.231923498222311508e+00
4.231960214997897651e+00
4.231996888013223490e+00
4.232033517287594471e+00
4.232070102840590486e+00
4.232106644692061437e+00
4.232143142862104135e+00
4.232179597371093394e+00
4.232216008239664262e+00
4.232252375488704033e+00
4.232288699139371779e+00
4.232324979213086813e+00
4.232361215731519799e+00
4.232397408716614962e+00
4.232433558190559886e+00
4.232469664175814827e+00
4.232505726695087844e+00
4.232541745771354336e+00
4.232577721427834838e+00
4.232613653688015454e+00
4.232649542575634527e+00
4.232685388114680869e+00
4.232721190329402638e+00
4.232756949244295797e+00
4.232792664884120093e+00
4.232828337273876862e+00
4.232863966438811687e+00
4.232899552404440158e+00
4.232935095196515896e+00
4.232970594841042100e+00
4.233006051364269773e+00
4.233041464792695940e+00
4.233076835153071649e+00
4.233112162472385975e+00
4.233147446777872247e+00
4.233182688097010704e+00
4.233217886457527612e+00
4.233253041887386381e+00
4.233288154414794668e+00
4.233323224068198165e+00
4.233358250876284146e+00
4.233393234867979693e+00
4.233428176072447258e+00
4.233463074519087321e+00
4.233497930237535734e+00
4.233532743257663711e+00
4.233567513609573396e+00
4.233602241323606741e+00
4.233636926430334846e+00
4.233671568960557074e+00
4.233706168945301052e+00
4.233740726415831546e+00
4.233775241403635370e+00
4.233809713940428487e+00
4.233844144058148906e+00
4.233878531788966448e+00
4.233912877165268540e+00
4.233947180219666429e+00
4.233981440984996070e+00
4.234015659494310135e+00
4.234049835780885118e+00
4.234083969878208897e+00
4.234118061819990508e+00
4.234152111640157479e+00
4.234186119372846946e+00
4.234220085052412763e+00
4.234254008713421058e+00
4.234287890390646680e+00
4.234321730119078531e+00
4.234355527933908014e+00
4.234389283870542364e+00
4.234422997964589541e+00
4.234456670251863564e+00
4.234490300768378290e+00
4.234523889550362519e+00
4.234557436634227123e+00
4.234590942056607688e+00
4.234624405854310325e+00
4.234657828064361418e+00
4.234691208723972089e+00
4.234724547870548861e+00
4.234757845541696319e+00
4.234791101775205568e+00
4.234824316609062222e+00
4.234857490081442855e+00
4.234890622230698121e+00
4.234923713095383846e+00
4.234956762714231715e+00
4.234989771126158153e+00
4.235022738370260775e+00
4.235055664485815718e+00
4.235088549512285638e+00
4.235121393489304609e+00
4.235154196456687892e+00
4.235186958454417727e+00
4.235219679522657543e+00
4.235252359701743075e+00
4.235284999032177033e+00
4.235317597554623781e+00
4.235350155309933307e+00
4.235382672339104815e+00
4.235415148683308928e+00
4.235447584383878805e+00
4.235479979482306589e+00
4.235512334020246072e+00
4.235544648039510029e+00
4.235576921582063115e+00
4.235609154690027189e+00
4.235641347405680435e+00
4.235673499771447581e+00
4.235705611829907902e+00
4.235737683623784555e+00
4.235769715195949914e+00
4.235801706589419346e+00
4.235833657847360101e+00
4.235865569013064658e+00
4.235897440129980929e+00
4.235929271241689165e+00
4.235961062391904619e+00
4.235992813624477549e+00
4.236024524983394990e+00
4.236056196512772765e+00
4.236087828256858145e+00
4.236119420260021862e+00
4.236150972566767869e+00
4.236182485221721805e+00
4.236213958269624769e+00
4.236245391755350198e+00
4.236276785723884331e+00
4.236308140220333307e+00
4.236339455289915179e+00
4.236370730977962573e+00
4.236401967329928908e+00
4.236433164391362638e+00
4.236464322207932121e+00
4.236495440825406078e+00
4.236526520289660702e+00
4.236557560646674325e+00
4.236588561942526532e+00
4.236619524223395494e+00
4.236650447535554420e+00
4.236681331925375993e+00
4.236712177439324378e+00
4.236742984123949896e+00
4.236773752025906781e+00
4.236804481191917660e+00
4.236835171668809075e+00
4.236865823503478623e+00
4.236896436742910055e+00
4.236927011434169721e+00
4.236957547624398579e+00
4.236988045360815747e+00
4.237018504690710508e+00
4.237048925661451193e+00
4.237079308320470972e+00
4.237109652715272290e+00
4.237139958893425984e+00
4.237170226902565950e+00
4.237200456790383818e+00
4.237230648604637828e+00
4.237260802393147507e+00
4.237290918203774126e+00
4.237320996084451785e+00
4.237351036083152778e+00
4.237381038247905352e+00
4.237411002626785717e+00
4.237440929267916268e+00
4.237470818219461144e+00
4.237500669529634223e+00
4.237530483246674251e+00
4.237560259418878594e+00
4.237589998094565047e+00
4.237619699322087818e+00
4.237649363149837534e+00
4.237678989626235904e+00
4.237708578799720627e+00
4.237738130718771146e+00
4.237767645431877561e+00
4.237797122987558396e+00
4.237826563434350824e+00
4.237855966820807119e+00
4.237885333195498205e+00
4.237914662607003891e+00
4.237943955103917304e+00
4.237973210734842233e+00
4.238002429548386907e+00
4.238031611593163994e+00
4.238060756917793270e+00
4.238089865570888293e+00
4.238118937601067948e+00
4.238147973056940465e+00
4.238176971987115849e+00
4.238205934440190781e+00
4.238234860464752174e+00
4.238263750109378059e+00
4.238292603422631366e+00
4.238321420453056376e+00
4.238350201249179605e+00
4.238378945859508029e+00
4.238407654332529084e+00
4.238436326716694680e+00
4.238464963060443402e+00
4.238493563412176535e+00
4.238522127820264274e+00
4.238550656333044842e+00
4.238579148998824486e+00
4.238607605865867711e+00
4.238636026982393723e+00
4.238664412396592418e+00
4.238692762156604843e+00
4.238721076310519642e+00
4.238749354906382827e+00
4.238777597992193336e+00
4.238805805615889710e+00
4.238833977825356314e+00
4.238862114668431325e+00
4.238890216192883642e+00
4.238918282446423547e+00
4.238946313476696481e+00
4.238974309331291046e+00
4.239002270057715904e+00
4.239030195703420212e+00
4.239058086315775853e+00
4.239085941942085434e+00
4.239113762629571625e+00
4.239141548425379824e+00
4.239169299376578159e+00
4.239197015530147716e+00
4.239224696932992309e+00
4.239252343631923381e+00
4.239279955673667111e+00
4.239307533104854642e+00
4.239335075972028299e+00
4.239362584321638039e+00
4.239390058200032563e+00
4.239417497653460210e+00
4.239444902728076059e+00
4.239472273469922392e+00
4.239499609924945567e+00
4.239526912138976478e+00
4.239554180157742103e+00
4.239581414026859285e+00
4.239608613791825853e+00
4.239635779498027723e+00
4.239662911190734462e+00
4.239690008915093067e+00
4.239717072716127078e+00
4.239744102638747236e+00
4.239771098727727505e+00
4.239798061027721054e+00
4.239824989583242498e+00
4.239851884438688323e+00
4.239878745638306690e+00
4.239905573226224966e+00
4.239932367246420419e+00
4.239959127742738865e+00
4.239985854758883121e+00
4.240012548338406795e+00
4.240039208524724934e+00
4.240065835361102486e+00
4.240092428890653409e+00
4.240118989156343332e+00
4.240145516200987785e+00
4.240172010067238872e+00
4.240198470797592378e+00
4.240224898434395762e+00
4.240251293019825063e+00
4.240277654595899115e+00
4.240303983204465332e+00
4.240330278887213034e+00
4.240356541685657454e+00
4.240382771641147741e+00
4.240408968794855404e+00
4.240435133187785866e+00
4.240461264860762469e+00
4.240487363854434477e+00
4.240513430209266410e+00
4.240539463965547817e+00
4.240565465163382619e+00
4.240591433842689106e+00
4.240617370043205270e+00
4.240643273804471924e+00
4.240669145165841591e+00
4.240694984166477610e+00
4.240720790845351473e+00
4.240746565241237498e+00
4.240772307392710161e+00
4.240798017338149428e+00
4.240823695115735426e+00
4.240849340763435116e+00
4.240874954319028944e+00
4.240900535820079753e+00
4.240926085303953208e+00
4.240951602807792931e+00
4.240977088368540926e+00
4.241002542022928701e+00
4.241027963807467493e+00
4.241053353758461597e+00
4.241078711911990595e+00
4.241104038303923573e+00
4.241129332969901355e+00
4.241154595945350714e+00
4.241179827265471047e+00
4.241205026965237046e+00
4.241230195079403131e+00
4.241255331642489246e+00
4.241280436688791511e+00
4.241305510252372457e+00
4.241330552367063689e+00
4.241355563066465884e+00
4.241380542383942576e+00
4.241405490352616603e+00
4.241430407005385206e+00
4.241455292374895159e+00
4.241480146493558756e+00
4.241504969393545821e+00
4.241529761106781926e+00
4.241554521664950173e+00
4.241579251099484971e+00
4.241603949441578258e+00
4.241628616722169731e+00
4.241653252971950394e+00
4.241677858221363451e+00
4.241702432500596309e+00
4.241726975839578806e+00
4.241751488268000969e+00
4.241775969815283709e+00
4.241800420510594805e+00
4.241824840382847128e+00
4.241849229460689763e+00
4.241873587772512444e+00
4.241897915346446446e+00
4.241922212210358367e+00
4.241946478391849240e+00
4.241970713918258973e+00
4.241994918816659244e+00
4.242019093113851724e+00
4.242043236836380515e+00
4.242067350010510829e+00
4.242091432662237871e+00
4.242115484817293947e+00
4.242139506501129809e+00
4.242163497738935973e+00
4.242187458555611634e+00
4.242211388975797526e+00
4.242235289023850164e+00
4.242259158723849843e+00
4.242282998099600633e+00
4.242306807174633931e+00
4.242330585972191592e+00
4.242354334515241021e+00
4.242378052826470736e+00
4.242401740928285037e+00
4.242425398842805784e+00
4.242449026591869732e+00
4.242472624197037412e+00
4.242496191679578033e+00
4.242519729060476585e+00
4.242543236360434733e+00
4.242566713599862815e+00
4.242590160798887844e+00
4.242613577977351724e+00
4.242636965154799711e+00
4.242660322350492841e+00
4.242683649583405270e+00
4.242706946872213614e+00
4.242730214235309383e+00
4.242753451690792765e+00
4.242776659256468186e+00
4.242799836949849634e+00
4.242822984788160667e+00
4.242846102788329077e+00
4.242869190966986004e+00
4.242892249340477484e+00
4.242915277924842243e+00
4.242938276735838343e+00
4.242961245788917424e+00
4.242984185099236250e+00
4.243007094681666480e+00
4.243029974550771577e+00
4.243052824720817462e+00
4.243075645205787616e+00
4.243098436019352881e+00
4.243121197174891890e+00
4.243143928685491950e+00
4.243166630563931285e+00
4.243189302822697684e+00
4.243211945473978730e+00
4.243234558529662692e+00
4.243257142001346516e+00
4.243279695900315396e+00
4.243302220237565869e+00
4.243324715023791605e+00
4.243347180269387842e+00
4.243369615984455834e+00
4.243392022178789524e+00
4.243414398861887982e+00
4.243436746042954510e+00
4.243459063730888658e+00
4.243481351934290657e+00
4.243503610661472081e+00
4.243525839920429199e+00
4.243548039718872289e+00
4.243570210064211423e+00
4.243592350963552917e+00
4.243614462423709988e+00
4.243636544451196535e+00
4.243658597052229808e+00
4.243680620232723300e+00
4.243702613998303619e+00
4.243724578354291843e+00
4.243746513305713286e+00
4.243768418857301050e+00
4.243790295013489811e+00
4.243812141778416702e+00
4.243833959155925761e+00
4.243855747149564372e+00
4.243877505762584157e+00
4.243899234997943637e+00
4.243920934858305571e+00
4.243942605346045838e+00
4.243964246463240109e+00
4.243985858211670958e+00
4.244007440592832303e+00
4.244028993607926736e+00
4.244050517257863753e+00
4.244072011543258860e+00
4.244093476464446013e+00
4.244114912021464292e+00
4.244136318214063230e+00
4.244157695041703704e+00
4.244179042503564148e+00
4.244200360598529898e+00
4.244221649325207402e+00
4.244242908681908233e+00
4.244264138666663300e+00
4.244285339277221958e+00
4.244306510511046682e+00
4.244327652365315728e+00
4.244348764836929355e+00
4.244369847922505379e+00
4.244390901618380951e+00
4.244411925920611672e+00
4.244432920824976918e+00
4.244453886326978953e+00
4.244474822421839377e+00
4.244495729104507120e+00
4.244516606369653111e+00
4.244537454211678273e+00
4.244558272624704642e+00
4.244579061602586911e+00
4.244599821138901774e+00
4.244620551226965688e+00
4.244641251859815334e+00
4.244661923030224493e+00
4.244682564730696939e+00
4.244703176953477985e+00
4.244723759690531395e+00
4.244744312933572239e+00
4.244764836674050912e+00
4.244785330903144249e+00
4.244805795611781285e+00
4.244826230790624599e+00
4.244846636430079201e+00
4.244867012520291638e+00
4.244887359051159770e+00
4.244907676012318554e+00
4.244927963393150705e+00
4.244948221182787584e+00
4.244968449370110086e+00
4.244988647943746862e+00
4.245008816892083203e+00
4.245028956203251269e+00
4.245049065865138083e+00
4.245069145865391746e+00
4.245089196191409009e+00
4.245109216830351251e+00
4.245129207769137381e+00
4.245149168994440281e+00
4.245169100492709902e+00
4.245189002250146615e+00
4.245208874252719866e+00
4.245228716486170839e+00
4.245248528936000909e+00
4.245268311587486743e+00
4.245288064425671415e+00
4.245307787435375069e+00
4.245327480601188697e+00
4.245347143907480358e+00
4.245366777338394293e+00
4.245386380877857135e+00
4.245405954509567259e+00
4.245425498217015203e+00
4.245445011983467687e+00
4.245464495791983595e+00
4.245483949625394438e+00
4.245503373466342545e+00
4.245522767297234878e+00
4.245542131100290995e+00
4.245561464857508405e+00
4.245580768550691886e+00
4.245600042161437493e+00
4.245619285671137000e+00
4.245638499060988558e+00
4.245657682311985148e+00
4.245676835404929683e+00
4.245695958320423458e+00
4.245715051038886578e+00
4.245734113540534871e+00
4.245753145805404749e+00
4.245772147813339892e+00
4.245791119543997461e+00
4.245810060976858757e+00
4.245828972091210574e+00
4.245847852866174499e+00
4.245866703280682941e+00
4.245885523313489784e+00
4.245904312943188152e+00
4.245923072148181987e+00
4.245941800906718022e+00
4.245960499196864468e+00
4.245979166996535881e+00
4.245997804283460297e+00
4.246016411035223648e+00
4.246034987229239555e+00
4.246053532842765321e+00
4.246072047852901044e+00
4.246090532236594051e+00
4.246108985970634464e+00
4.246127409031661415e+00
4.246145801396166597e+00
4.246164163040498707e+00
4.246182493940851010e+00
4.246200794073279994e+00
4.246219063413701811e+00
4.246237301937893172e+00
4.246255509621490454e+00
4.246273686439996808e+00
4.246291832368786601e+00
4.246309947383095640e+00
4.246328031458036278e+00
4.246346084568592971e+00
4.246364106689624052e+00
4.246382097795866173e+00
4.246400057861938748e+00
4.246417986862338623e+00
4.246435884771447178e+00
4.246453751563533885e+00
4.246471587212754528e+00
4.246489391693156534e+00
4.246507164978677196e+00
4.246524907043148112e+00
4.246542617860303181e+00
4.246560297403766171e+00
4.246577945647073804e+00
4.246595562563650894e+00
4.246613148126838766e+00
4.246630702309885486e+00
4.246648225085943196e+00
4.246665716428077886e+00
4.246683176309272945e+00
4.246700604702425608e+00
4.246718001580349622e+00
4.246735366915782350e+00
4.246752700681382997e+00
4.246770002849736159e+00
4.246787273393350937e+00
4.246804512284669819e+00
4.246821719496063352e+00
4.246838894999844349e+00
4.246856038768247465e+00
4.246873150773454064e+00
4.246890230987588666e+00
4.246907279382714506e+00
4.246924295930841531e+00
4.246941280603921953e+00
4.246958233373867131e+00
4.246975154212533354e+00
4.246992043091727176e+00
4.247008899983219621e+00
4.247025724858738194e+00
4.247042517689970431e+00
4.247059278448563902e+00
4.247076007106134199e+00
4.247092703634261390e+00
4.247109368004502450e+00
4.247126000188377937e+00
4.247142600157385317e+00
4.247159167882998076e+00
4.247175703336677266e+00
4.247192206489849298e+00
4.247208677313930814e+00
4.247225115780327798e+00
4.247241521860430247e+00
4.247257895525615723e+00
4.247274236747257348e+00
4.247290545496722025e+00
4.247306821745373995e+00
4.247323065464573055e+00
4.247339276625679894e+00
4.247355455200063190e+00
4.247371601159096954e+00
4.247387714474152531e+00
4.247403795116626135e+00
4.247419843057919309e+00
4.247435858269444253e+00
4.247451840722632710e+00
4.247467790388938624e+00
4.247483707239829265e+00
4.247499591246804762e+00
4.247515442381384787e+00
4.247531260615115656e+00
4.247547045919579212e+00
4.247562798266381279e+00
4.247578517627167649e+00
4.247594203973619642e+00
4.247609857277457657e+00
4.247625477510435843e+00
4.247641064644365194e+00
4.247656618651086013e+00
4.247672139502498112e+00
4.247687627170543045e+00
4.247703081627217436e+00
4.247718502844572974e+00
4.247733890794711975e+00
4.247749245449798927e+00
4.247764566782054274e+00
4.247779854763767737e+00
4.247795109367284994e+00
4.247810330565027215e+00
4.247825518329471528e+00
4.247840672633176773e+00
4.247855793448770179e+00
4.247870880748951805e+00
4.247885934506502537e+00
4.247900954694278752e+00
4.247915941285225649e+00
4.247930894252353262e+00
4.247945813568774653e+00
4.247960699207681046e+00
4.247975551142357808e+00
4.247990369346174688e+00
4.248005153792598243e+00
4.248019904455192730e+00
4.248034621307616554e+00
4.248049304323623154e+00
4.248063953477071664e+00
4.248078568741928684e+00
4.248093150092251413e+00
4.248107697502218727e+00
4.248122210946110755e+00
4.248136690398317761e+00
4.248151135833347247e+00
4.248165547225815075e+00
4.248179924550456121e+00
4.248194267782127831e+00
4.248208576895799560e+00
4.248222851866570338e+00
4.248237092669658210e+00
4.248251299280402904e+00
4.248265471674283589e+00
4.248279609826900227e+00
4.248293713713981568e+00
4.248307783311394026e+00
4.248321818595139021e+00
4.248335819541349423e+00
4.248349786126306427e+00
4.248363718326417349e+00
4.248377616118238720e+00
4.248391479478470067e+00
4.248405308383954804e+00
4.248419102811683778e+00
4.248432862738794391e+00
4.248446588142578584e+00
4.248460279000475737e+00
4.248473935290075332e+00
4.248487556989131164e+00
4.248501144075542690e+00
4.248514696527379897e+00
4.248528214322861984e+00
4.248541697440372467e+00
4.248555145858457394e+00
4.248568559555831570e+00
4.248581938511368783e+00
4.248595282704115128e+00
4.248608592113283677e+00
4.248621866718258921e+00
4.248635106498592329e+00
4.248648311434018332e+00
4.248661481504434789e+00
4.248674616689926964e+00
4.248687716970746209e+00
4.248700782327330394e+00
4.248713812740301243e+00
4.248726808190448345e+00
4.248739768658757576e+00
4.248752694126393337e+00
4.248765584574705656e+00
4.248778439985231081e+00
4.248791260339698894e+00
4.248804045620016900e+00
4.248816795808303404e+00
4.248829510886846350e+00
4.248842190838143296e+00
4.248854835644872097e+00
4.248867445289919331e+00
4.248880019756363424e+00
4.248892559027475535e+00
4.248905063086731104e+00
4.248917531917807189e+00
4.248929965504576245e+00
4.248942363831120339e+00
4.248954726881713384e+00
4.248967054640846897e+00
4.248979347093207792e+00
4.248991604223694374e+00
4.249003826017411889e+00
4.249016012459671643e+00
4.249028163535994551e+00
4.249040279232115580e+00
4.249052359533971313e+00
4.249064404427724817e+00
4.249076413899738114e+00
4.249088387936593492e+00
4.249100326525089955e+00
4.249112229652237005e+00
4.249124097305259085e+00
4.249135929471605344e+00
4.249147726138936321e+00
4.249159487295131932e+00
4.249171212928291474e+00
4.249182903026738067e+00
4.249194557579007103e+00
4.249206176573864013e+00
4.249217760000288280e+00
4.249229307847487647e+00
4.249240820104891014e+00
4.249252296762153769e+00
4.249263737809149788e+00
4.249275143235980323e+00
4.249286513032975776e+00
4.249297847190684152e+00
4.249309145699890600e+00
4.249320408551598760e+00
4.249331635737037871e+00
4.249342827247678755e+00
4.249353983075204511e+00
4.249365103211533601e+00
4.249376187648815417e+00
4.249387236379424060e+00
4.249398249395966332e+00
4.249409226691275521e+00
4.249420168258422947e+00
4.249431074090700200e+00
4.249441944181636899e+00
4.249452778524991814e+00
4.249463577114751089e+00
4.249474339945139789e+00
4.249485067010606798e+00
4.249495758305839921e+00
4.249506413825749895e+00
4.249517033565491708e+00
4.249527617520439726e+00
4.249538165686208124e+00
4.249548678058642892e+00
4.249559154633814728e+00
4.249569595408038580e+00
4.249580000377854105e+00
4.249590369540032775e+00
4.249600702891579651e+00
4.249611000429736940e+00
4.249621262151969781e+00
4.249631488055978679e+00
4.249641678139700396e+00
4.249651832401298179e+00
4.249661950839167979e+00
4.249672033451938447e+00
4.249682080238462945e+00
4.249692091197839972e+00
4.249702066329382077e+00
4.249712005632642509e+00
4.249721909107400108e+00
4.249731776753666423e+00
4.249741608571681262e+00
4.249751404561910029e+00
4.249761164725052609e+00
4.249770889062032708e+00
4.249780577574003182e+00
4.249790230262346036e+00
4.249799847128670649e+00
4.249809428174810222e+00
4.249818973402822664e+00
4.249828482814991482e+00
4.249837956413837325e+00
4.249847394202087791e+00
4.249856796182700513e+00
4.249866162358864052e+00
4.249875492733981019e+00
4.249884787311681400e+00
4.249894046095809230e+00
4.249903269090437696e+00
4.249912456299857588e+00
4.249921607728572859e+00
4.249930723381321052e+00
4.249939803263040439e+00
4.249948847378897554e+00
4.249957855734273870e+00
4.249966828334761360e+00
4.249975765186170484e+00
4.249984666294530200e+00
4.249993531666075519e+00
4.250002361307257281e+00
4.250011155224735937e+00
4.250019913425386875e+00
4.250028635916290654e+00
4.250037322704737441e+00
4.250045973798225241e+00
4.250054589204464328e+00
4.250063168931359492e+00
4.250071712987033123e+00
4.250080221379796797e+00
4.250088694118185018e+00
4.250097131210914370e+00
4.250105532666911046e+00
4.250113898495303744e+00
4.250122228705413896e+00
4.250130523306761887e+00
4.250138782309067054e+00
4.250147005722240579e+00
4.250155193556387268e+00
4.250163345821809102e+00
4.250171462528995470e+00
4.250179543688628492e+00
4.250187589311576808e+00
4.250195599408898239e+00
4.250203573991842454e+00
4.250211513071835867e+00
4.250219416660492300e+00
4.250227284769611202e+00
4.250235117411167884e+00
4.250242914597328614e+00
4.250250676340422196e+00
4.250258402652970169e+00
4.250266093547661050e+00
4.250273749037358328e+00
4.250281369135106679e+00
4.250288953854109764e+00
4.250296503207760423e+00
4.250304017209598939e+00
4.250311495873347667e+00
4.250318939212893277e+00
4.250326347242278757e+00
4.250333719975720292e+00
4.250341057427591274e+00
4.250348359612424076e+00
4.250355626544910947e+00
4.250362858239904895e+00
4.250370054712407253e+00
4.250377215977580114e+00
4.250384342050728570e+00
4.250391432947322023e+00
4.250398488682966658e+00
4.250405509273423199e+00
4.250412494734596258e+00
4.250419445082537884e+00
4.250426360333438680e+00
4.250433240503627808e+00
4.250440085609580976e+00
4.250446895667908898e+00
4.250453670695355513e+00
4.250460410708803316e+00
4.250467115725265366e+00
4.250473785761881729e+00
4.250480420835938133e+00
4.250487020964821561e+00
4.250493586166066429e+00
4.250500116457322619e+00
4.250506611856361694e+00
4.250513072381079560e+00
4.250519498049490252e+00
4.250525888879718828e+00
4.250532244890018241e+00
4.250538566098739146e+00
4.250544852524355655e+00
4.250551104185447571e+00
4.250557321100703945e+00
4.250563503288920408e+00
4.250569650768995622e+00
4.250575763559929499e+00
4.250581841680825868e+00
4.250587885150890699e+00
4.250593893989415228e+00
4.250599868215800825e+00
4.250605807849531459e+00
4.250611712910186135e+00
4.250617583417439782e+00
4.250623419391042823e+00
4.250629220850840717e+00
4.250634987816765964e+00
4.250640720308818565e+00
4.250646418347097999e+00
4.250652081951767691e+00
4.250657711143076334e+00
4.250663305941345449e+00
4.250668866366962284e+00
4.250674392440394911e+00
4.250679884182179791e+00
4.250685341612911117e+00
4.250690764753264794e+00
4.250696153623958473e+00
4.250701508245790627e+00
4.250706828639609469e+00
4.250712114826325383e+00
4.250717366826902932e+00
4.250722584662356418e+00
4.250727768353761427e+00
4.250732917922236176e+00
4.250738033388947734e+00
4.250743114775114684e+00
4.250748162101992911e+00
4.250753175390885374e+00
4.250758154663138555e+00
4.250763099940129131e+00
4.250768011243277300e+00
4.250772888594037013e+00
4.250777732013892418e+00
4.250782541524361413e+00
4.250787317146992983e+00
4.250792058903355652e+00
4.250796766815055250e+00
4.250801440903707373e+00
4.250806081190964036e+00
4.250810687698486134e+00
4.250815260447953214e+00
4.250819799461065251e+00
4.250824304759539984e+00
4.250828776365095152e+00
4.250833214299472473e+00
4.250837618584406563e+00
4.250841989241656904e+00
4.250846326292973210e+00
4.250850629760115851e+00
4.250854899664845199e+00
4.250859136028918961e+00
4.250863338874093955e+00
4.250867508222119895e+00
4.250871644094745605e+00
4.250875746513708364e+00
4.250879815500734793e+00
4.250883851077541742e+00
4.250887853265833627e+00
4.250891822087293548e+00
4.250895757563601052e+00
4.250899659716398382e+00
4.250903528567324230e+00
4.250907364137986200e+00
4.250911166449966139e+00
4.250914935524826355e+00
4.250918671384097181e+00
4.250922374049283192e+00
4.250926043541850774e+00
4.250929679883244106e+00
4.250933283094864734e+00
4.250936853198081344e+00
4.250940390214219988e+00
4.250943894164578296e+00
4.250947365070397055e+00
4.250950802952890406e+00
4.250954207833212983e+00
4.250957579732486558e+00
4.250960918671772504e+00
4.250964224672094893e+00
4.250967497754414737e+00
4.250970737939645971e+00
4.250973945248657238e+00
4.250977119702239904e+00
4.250980261321148923e+00
4.250983370126066418e+00
4.250986446137621222e+00
4.250989489376372887e+00
4.250992499862825902e+00
4.250995477617416363e+00
4.250998422660509313e+00
4.251001335012401405e+00
4.251004214693327121e+00
4.251007061723443670e+00
4.251009876122838094e+00
4.251012657911518389e+00
4.251015407109421496e+00
4.251018123736403531e+00
4.251020807812247781e+00
4.251023459356652268e+00
4.251026078389234186e+00
4.251028664929529910e+00
4.251031218996994099e+00
4.251033740610985490e+00
4.251036229790784660e+00
4.251038686555586921e+00
4.251041110924488109e+00
4.251043502916501460e+00
4.251045862550542509e+00
4.251048189845433534e+00
4.251050484819908881e+00
4.251052747492602535e+00
4.251054977882043673e+00
4.251057176006673544e+00
4.251059341884834808e+00
4.251061475534756440e+00
4.251063576974581260e+00
4.251065646222333960e+00
4.251067683295945976e+00
4.251069688213238607e+00
4.251071660991924794e+00
4.251073601649615341e+00
4.251075510203802921e+00
4.251077386671881619e+00
4.251079231071122955e+00
4.251081043418695415e+00
4.251082823731651139e+00
4.251084572026923247e+00
4.251086288321336504e+00
4.251087972631600209e+00
4.251089624974297543e+00
4.251091245365903326e+00
4.251092833822761818e+00
4.251094390361116915e+00
4.251095914997065073e+00
4.251097407746604162e+00
4.251098868625594385e+00
4.251100297649781368e+00
4.251101694834784617e+00
4.251103060196090411e+00
4.251104393749066013e+00
4.251105695508957005e+00
4.251106965490863310e+00
4.251108203709778266e+00
4.251109410180551329e+00
4.251110584917904056e+00
4.251111727936430995e+00
4.251112839250592579e+00
4.251113918874721342e+00
4.251114966823005936e+00
4.251115983109515994e+00
4.251116967748176378e+00
4.251117920752785828e+00
4.251118842136996534e+00
4.251119731914331012e+00
4.251120590098184771e+00
4.251121416701796996e+00
4.251122211738280754e+00
4.251122975220614109e+00
4.251123707161623244e+00
4.251124407574010888e+00
4.251125076470332331e+00
4.251125713863001643e+00
4.251126319764289008e+00
4.251126894186339378e+00
4.251127437141136944e+00
4.251127948640533560e+00
4.251128428696246075e+00
4.251128877319833244e+00
4.251129294522724145e+00
4.251129680316196868e+00
4.251130034711389172e+00
4.251130357719298480e+00
4.251130649350771229e+00
4.251130909616517073e+00
4.251131138527093789e+00
4.251131336092919710e+00
4.251131502324268396e+00
4.251131637231265969e+00
4.251131740823894667e+00
4.251131813111990176e+00
4.251131854105250518e+00
