-1.067004474142522641e+00
-1.067004473524361785e+00
-1.067004471181648428e+00
-1.067004467131457135e+00
-1.067004461390776981e+00
-1.067004453976512668e+00
-1.067004444905484517e+00
-1.067004434194427143e+00
-1.067004421859991448e+00
-1.067004407918741515e+00
-1.067004392387158829e+00
-1.067004375281637829e+00
-1.067004356618488137e+00
-1.067004336413935439e+00
-1.067004314684117272e+00
-1.067004291445088571e+00
-1.067004266712818561e+00
-1.067004240503189649e+00
-1.067004212832000087e+00
-1.067004183714961529e+00
-1.067004153167701697e+00
-1.067004121205762157e+00
-1.067004087844597660e+00
-1.067004053099580352e+00
-1.067004016985993120e+00
-1.067003979519036472e+00
-1.067003940713824095e+00
-1.067003900585384635e+00
-1.067003859148659917e+00
-1.067003816418508055e+00
-1.067003772409700568e+00
-1.067003727136925040e+00
-1.067003680614781569e+00
-1.067003632857785433e+00
-1.067003583880367756e+00
-1.067003533696873507e+00
-1.067003482321563057e+00
-1.067003429768610179e+00
-1.067003376052104935e+00
-1.067003321186051013e+00
-1.067003265184368832e+00
-1.067003208060892883e+00
-1.067003149829371500e+00
-1.067003090503470197e+00
-1.067003030096769445e+00
-1.067002968622764003e+00
-1.067002906094864034e+00
-1.067002842526397766e+00
-1.067002777930604829e+00
-1.067002712320644697e+00
-1.067002645709589581e+00
-1.067002578110429534e+00
-1.067002509536068455e+00
-1.067002439999329422e+00
-1.067002369512949356e+00
-1.067002298089581913e+00
-1.067002225741797483e+00
-1.067002152482083410e+00
-1.067002078322843550e+00
-1.067002003276398714e+00
-1.067001927354985336e+00
-1.067001850570758581e+00
-1.067001772935791681e+00
-1.067001694462071493e+00
-1.067001615161506489e+00
-1.067001535045920768e+00
-1.067001454127057158e+00
-1.067001372416575222e+00
-1.067001289926054364e+00
-1.067001206666990720e+00
-1.067001122650800049e+00
-1.067001037888816395e+00
-1.067000952392292978e+00
-1.067000866172400420e+00
-1.067000779240230068e+00
-1.067000691606793561e+00
-1.067000603283019045e+00
-1.067000514279758283e+00
-1.067000424607778442e+00
-1.067000334277771856e+00
-1.067000243300346263e+00
-1.067000151686033016e+00
-1.067000059445283755e+00
-1.066999966588469739e+00
-1.066999873125885623e+00
-1.066999779067744347e+00
-1.066999684424182249e+00
-1.066999589205258392e+00
-1.066999493420951683e+00
-1.066999397081164869e+00
-1.066999300195720091e+00
-1.066999202774367106e+00
-1.066999104826774403e+00
-1.066999006362534974e+00
-1.066998907391165430e+00
-1.066998807922105108e+00
-1.066998707964718962e+00
-1.066998607528292453e+00
-1.066998506622038656e+00
-1.066998405255093152e+00
-1.066998303436518247e+00
-1.066998201175299421e+00
-1.066998098480347323e+00
-1.066997995360499329e+00
-1.066997891824518208e+00
-1.066997787881092119e+00
-1.066997683538835506e+00
-1.066997578806290647e+00
-1.066997473691924325e+00
-1.066997368204132268e+00
-1.066997262351237152e+00
-1.066997156141488157e+00
-1.066997049583063850e+00
-1.066996942684069527e+00
-1.066996835452539649e+00
-1.066996727896436736e+00
-1.066996620023653586e+00
-1.066996511842009721e+00
-1.066996403359257384e+00
-1.066996294583075322e+00
-1.066996185521073670e+00
-1.066996076180794617e+00
-1.066995966569708409e+00
-1.066995856695216238e+00
-1.066995746564653125e+00
-1.066995636185283258e+00
-1.066995525564301550e+00
-1.066995414708838741e+00
-1.066995303625954961e+00
-1.066995192322643060e+00
-1.066995080805830609e+00
-1.066994969082376787e+00
-1.066994857159073939e+00
-1.066994745042650461e+00
-1.066994632739767912e+00
-1.066994520257020351e+00
-1.066994407600939443e+00
-1.066994294777989349e+00
-1.066994181794572949e+00
-1.066994068657024730e+00
-1.066993955371617897e+00
-1.066993841944561483e+00
-1.066993728382000128e+00
-1.066993614690016079e+00
-1.066993500874628964e+00
-1.066993386941795574e+00
-1.066993272897410971e+00
-1.066993158747308046e+00
-1.066993044497257292e+00
-1.066992930152970365e+00
-1.066992815720094523e+00
-1.066992701204220184e+00
-1.066992586610875149e+00
-1.066992471945527488e+00
-1.066992357213586429e+00
-1.066992242420401471e+00
-1.066992127571263271e+00
-1.066992012671403645e+00
-1.066991897725996008e+00
-1.066991782740156269e+00
-1.066991667718941716e+00
-1.066991552667353016e+00
-1.066991437590333325e+00
-1.066991322492770511e+00
-1.066991207379494488e+00
-1.066991092255278106e+00
-1.066990977124841811e+00
-1.066990861992846984e+00
-1.066990746863903272e+00
-1.066990631742562590e+00
-1.066990516633324892e+00
-1.066990401540634847e+00
-1.066990286468882498e+00
-1.066990171422405931e+00
-1.066990056405489495e+00
-1.066989941422365584e+00
-1.066989826477211967e+00
-1.066989711574157118e+00
-1.066989596717274891e+00
-1.066989481910590287e+00
-1.066989367158074575e+00
-1.066989252463651283e+00
-1.066989137831190648e+00
-1.066989023264514280e+00
-1.066988908767393385e+00
-1.066988794343550095e+00
-1.066988679996656808e+00
-1.066988565730337513e+00
-1.066988451548167793e+00
-1.066988337453675273e+00
-1.066988223450337614e+00
-1.066988109541588958e+00
-1.066987995730813044e+00
-1.066987882021347200e+00
-1.066987768416483018e+00
-1.066987654919466344e+00
-1.066987541533496175e+00
-1.066987428261724657e+00
-1.066987315107262635e+00
-1.066987202073171659e+00
-1.066987089162471758e+00
-1.066986976378137220e+00
-1.066986863723099921e+00
-1.066986751200245997e+00
-1.066986638812420285e+00
-1.066986526562423876e+00
-1.066986414453014120e+00
-1.066986302486908622e+00
-1.066986190666780132e+00
-1.066986078995262544e+00
-1.066985967474946895e+00
-1.066985856108382924e+00
-1.066985744898080180e+00
-1.066985633846508019e+00
-1.066985522956096499e+00
-1.066985412229233932e+00
-1.066985301668270658e+00
-1.066985191275517941e+00
-1.066985081053247741e+00
-1.066984971003694271e+00
-1.066984861129052220e+00
-1.066984751431479861e+00
-1.066984641913097498e+00
-1.066984532575988576e+00
-1.066984423422199457e+00
-1.066984314453739424e+00
-1.066984205672581343e+00
-1.066984097080663663e+00
-1.066983988679887752e+00
-1.066983880472120338e+00
-1.066983772459192847e+00
-1.066983664642900953e+00
-1.066983557025009022e+00
-1.066983449607243895e+00
-1.066983342391300216e+00
-1.066983235378838879e+00
-1.066983128571488804e+00
-1.066983021970843604e+00
-1.066982915578465807e+00
-1.066982809395885301e+00
-1.066982703424600665e+00
-1.066982597666078059e+00
-1.066982492121751669e+00
-1.066982386793025928e+00
-1.066982281681273736e+00
-1.066982176787836689e+00
-1.066982072114028401e+00
-1.066981967661130737e+00
-1.066981863430395361e+00
-1.066981759423046183e+00
-1.066981655640277138e+00
-1.066981552083254625e+00
-1.066981448753114181e+00
-1.066981345650964919e+00
-1.066981242777887973e+00
-1.066981140134935835e+00
-1.066981037723133907e+00
-1.066980935543480724e+00
-1.066980833596950173e+00
-1.066980731884484168e+00
-1.066980630407002861e+00
-1.066980529165400426e+00
-1.066980428160542393e+00
-1.066980327393270978e+00
-1.066980226864402859e+00
-1.066980126574728738e+00
-1.066980026525016667e+00
-1.066979926716008942e+00
-1.066979827148423654e+00
-1.066979727822954915e+00
-1.066979628740274411e+00
-1.066979529901028956e+00
-1.066979431305843606e+00
-1.066979332955319659e+00
-1.066979234850036429e+00
-1.066979136990550581e+00
-1.066979039377396576e+00
-1.066978942011086451e+00
-1.066978844892113143e+00
-1.066978748020945833e+00
-1.066978651398032607e+00
-1.066978555023802011e+00
-1.066978458898662385e+00
-1.066978363022999199e+00
-1.066978267397181268e+00
-1.066978172021553428e+00
-1.066978076896444971e+00
-1.066977982022162985e+00
-1.066977887398997016e+00
-1.066977793027216403e+00
-1.066977698907072503e+00
-1.066977605038798904e+00
-1.066977511422609215e+00
-1.066977418058700389e+00
-1.066977324947251171e+00
-1.066977232088422989e+00
-1.066977139482359505e+00
-1.066977047129187062e+00
-1.066976955029016016e+00
-1.066976863181939406e+00
-1.066976771588033390e+00
-1.066976680247359033e+00
-1.066976589159960298e+00
-1.066976498325866274e+00
-1.066976407745089173e+00
-1.066976317417626774e+00
-1.066976227343461092e+00
-1.066976137522560153e+00
-1.066976047954875773e+00
-1.066975958640345779e+00
-1.066975869578894232e+00
-1.066975780770429427e+00
-1.066975692214847449e+00
-1.066975603912029724e+00
-1.066975515861843249e+00
-1.066975428064143472e+00
-1.066975340518770299e+00
-1.066975253225552978e+00
-1.066975166184306323e+00
-1.066975079394832493e+00
-1.066974992856921212e+00
-1.066974906570352211e+00
-1.066974820534888790e+00
-1.066974734750285370e+00
-1.066974649216285043e+00
-1.066974563932616693e+00
-1.066974478898998990e+00
-1.066974394115140390e+00
-1.066974309580736913e+00
-1.066974225295473699e+00
-1.066974141259027009e+00
-1.066974057471059778e+00
-1.066973973931225839e+00
-1.066973890639169698e+00
-1.066973807594524093e+00
-1.066973724796912881e+00
-1.066973642245949705e+00
-1.066973559941238658e+00
-1.066973477882374510e+00
-1.066973396068942481e+00
-1.066973314500519576e+00
-1.066973233176671698e+00
-1.066973152096958088e+00
-1.066973071260928441e+00
-1.066972990668123344e+00
-1.066972910318074952e+00
-1.066972830210308976e+00
-1.066972750344340026e+00
-1.066972670719678051e+00
-1.066972591335822340e+00
-1.066972512192265743e+00
-1.066972433288493116e+00
-1.066972354623982655e+00
-1.066972276198203673e+00
-1.066972198010619266e+00
-1.066972120060686535e+00
-1.066972042347853922e+00
-1.066971964871563872e+00
-1.066971887631251059e+00
-1.066971810626345718e+00
-1.066971733856269866e+00
-1.066971657320439748e+00
-1.066971581018265613e+00
-1.066971504949150606e+00
-1.066971429112493874e+00
-1.066971353507687015e+00
-1.066971278134116297e+00
-1.066971202991162881e+00
-1.066971128078201936e+00
-1.066971053394603519e+00
-1.066970978939732140e+00
-1.066970904712946755e+00
-1.066970830713601659e+00
-1.066970756941047593e+00
-1.066970683394627528e+00
-1.066970610073681547e+00
-1.066970536977545070e+00
-1.066970464105548411e+00
-1.066970391457017886e+00
-1.066970319031274261e+00
-1.066970246827635416e+00
-1.066970174845414343e+00
-1.066970103083920707e+00
-1.066970031542458397e+00
-1.066969960220329972e+00
-1.066969889116831993e+00
-1.066969818231258360e+00
-1.066969747562898529e+00
-1.066969677111039516e+00
-1.066969606874964782e+00
-1.066969536853952016e+00
-1.066969467047279130e+00
-1.066969397454218260e+00
-1.066969328074040879e+00
-1.066969258906011797e+00
-1.066969189949396268e+00
-1.066969121203454218e+00
-1.066969052667444906e+00
-1.066968984340623594e+00
-1.066968916222241770e+00
-1.066968848311549811e+00
-1.066968780607796319e+00
-1.066968713110226341e+00
-1.066968645818081152e+00
-1.066968578730602912e+00
-1.066968511847028678e+00
-1.066968445166594393e+00
-1.066968378688534447e+00
-1.066968312412080122e+00
-1.066968246336461812e+00
-1.066968180460907023e+00
-1.066968114784641486e+00
-1.066968049306889599e+00
-1.066967984026874650e+00
-1.066967918943816818e+00
-1.066967854056935172e+00
-1.066967789365447672e+00
-1.066967724868570055e+00
-1.066967660565517395e+00
-1.066967596455503875e+00
-1.066967532537740126e+00
-1.066967468811437225e+00
-1.066967405275805358e+00
-1.066967341930051827e+00
-1.066967278773385042e+00
-1.066967215805010083e+00
-1.066967153024133141e+00
-1.066967090429957965e+00
-1.066967028021687414e+00
-1.066966965798525235e+00
-1.066966903759672514e+00
-1.066966841904329444e+00
-1.066966780231696887e+00
-1.066966718740974596e+00
-1.066966657431360765e+00
-1.066966596302054926e+00
-1.066966535352253054e+00
-1.066966474581154678e+00
-1.066966413987955109e+00
-1.066966353571850989e+00
-1.066966293332039184e+00
-1.066966233267715447e+00
-1.066966173378074423e+00
-1.066966113662313198e+00
-1.066966054119624863e+00
-1.066965994749206503e+00
-1.066965935550251654e+00
-1.066965876521955403e+00
-1.066965817663512839e+00
-1.066965758974118383e+00
-1.066965700452967791e+00
-1.066965642099255263e+00
-1.066965583912175219e+00
-1.066965525890924971e+00
-1.066965468034698716e+00
-1.066965410342692433e+00
-1.066965352814101653e+00
-1.066965295448122797e+00
-1.066965238243953396e+00
-1.066965181200788981e+00
-1.066965124317827751e+00
-1.066965067594267680e+00
-1.066965011029306742e+00
-1.066964954622144690e+00
-1.066964898371979276e+00
-1.066964842278011583e+00
-1.066964786339442250e+00
-1.066964730555471919e+00
-1.066964674925302781e+00
-1.066964619448137030e+00
-1.066964564123178860e+00
-1.066964508949631352e+00
-1.066964453926699807e+00
-1.066964399053589974e+00
-1.066964344329509151e+00
-1.066964289753663975e+00
-1.066964235325262189e+00
-1.066964181043513982e+00
-1.066964126907630206e+00
-1.066964072916821937e+00
-1.066964019070300029e+00
-1.066963965367279776e+00
-1.066963911806974474e+00
-1.066963858388600528e+00
-1.066963805111374120e+00
-1.066963751974514318e+00
-1.066963698977238195e+00
-1.066963646118768150e+00
-1.066963593398325916e+00
-1.066963540815133005e+00
-1.066963488368415591e+00
-1.066963436057398518e+00
-1.066963383881307292e+00
-1.066963331839372753e+00
-1.066963279930823516e+00
-1.066963228154891530e+00
-1.066963176510809408e+00
-1.066963124997811541e+00
-1.066963073615133428e+00
-1.066963022362013458e+00
-1.066962971237690239e+00
-1.066962920241404600e+00
-1.066962869372399147e+00
-1.066962818629916709e+00
-1.066962768013205221e+00
-1.066962717521510617e+00
-1.066962667154082389e+00
-1.066962616910172246e+00
-1.066962566789032341e+00
-1.066962516789917936e+00
-1.066962466912085850e+00
-1.066962417154794229e+00
-1.066962367517303001e+00
-1.066962317998876530e+00
-1.066962268598777852e+00
-1.066962219316273108e+00
-1.066962170150630884e+00
-1.066962121101123095e+00
-1.066962072167021658e+00
-1.066962023347600708e+00
-1.066961974642137490e+00
-1.066961926049911691e+00
-1.066961877570204331e+00
-1.066961829202299095e+00
-1.066961780945482108e+00
-1.066961732799040163e+00
-1.066961684762265827e+00
-1.066961636834450555e+00
-1.066961589014890022e+00
-1.066961541302882344e+00
-1.066961493697726304e+00
-1.066961446198725572e+00
-1.066961398805184480e+00
-1.066961351516412027e+00
-1.066961304331716986e+00
-1.066961257250412576e+00
-1.066961210271814231e+00
-1.066961163395240053e+00
-1.066961116620010808e+00
-1.066961069945449259e+00
-1.066961023370882167e+00
-1.066960976895638735e+00
-1.066960930519050388e+00
-1.066960884240451213e+00
-1.066960838059178851e+00
-1.066960791974574496e+00
-1.066960745985980896e+00
-1.066960700092743464e+00
-1.066960654294212496e+00
-1.066960608589739623e+00
-1.066960562978681137e+00
-1.066960517460393332e+00
-1.066960472034239826e+00
-1.066960426699584019e+00
-1.066960381455794193e+00
-1.066960336302241297e+00
-1.066960291238299607e+00
-1.066960246263347178e+00
-1.066960201376763617e+00
-1.066960156577934526e+00
-1.066960111866247063e+00
-1.066960067241091492e+00
-1.066960022701863631e+00
-1.066959978247960406e+00
-1.066959933878783851e+00
-1.066959889593738442e+00
-1.066959845392233763e+00
-1.066959801273681174e+00
-1.066959757237497142e+00
-1.066959713283100131e+00
-1.066959669409914824e+00
-1.066959625617367680e+00
-1.066959581904889376e+00
-1.066959538271915031e+00
-1.066959494717882873e+00
-1.066959451242236678e+00
-1.066959407844420671e+00
-1.066959364523886622e+00
-1.066959321280089190e+00
-1.066959278112485920e+00
-1.066959235020540131e+00
-1.066959192003718249e+00
-1.066959149061491363e+00
-1.066959106193333895e+00
-1.066959063398725815e+00
-1.066959020677150427e+00
-1.066958978028096139e+00
-1.066958935451054691e+00
-1.066958892945522486e+00
-1.066958850511000811e+00
-1.066958808146996063e+00
-1.066958765853017743e+00
-1.066958723628579131e+00
-1.066958681473201720e+00
-1.066958639386408336e+00
-1.066958597367727357e+00
-1.066958555416691601e+00
-1.066958513532840325e+00
-1.066958471715715451e+00
-1.066958429964864896e+00
-1.066958388279839687e+00
-1.066958346660199508e+00
-1.066958305105505378e+00
-1.066958263615324309e+00
-1.066958222189229755e+00
-1.066958180826798497e+00
-1.066958139527613758e+00
-1.066958098291261869e+00
-1.066958057117336267e+00
-1.066958016005436161e+00
-1.066957974955164090e+00
-1.066957933966128147e+00
-1.066957893037943750e+00
-1.066957852170230536e+00
-1.066957811362612363e+00
-1.066957770614719969e+00
-1.066957729926190312e+00
-1.066957689296664125e+00
-1.066957648725789021e+00
-1.066957608213217279e+00
-1.066957567758609393e+00
-1.066957527361627855e+00
-1.066957487021943374e+00
-1.066957446739232207e+00
-1.066957406513175943e+00
-1.066957366343463054e+00
-1.066957326229787117e+00
-1.066957286171847707e+00
-1.066957246169350837e+00
-1.066957206222008070e+00
-1.066957166329539408e+00
-1.066957126491667518e+00
-1.066957086708123281e+00
-1.066957046978643797e+00
-1.066957007302973048e+00
-1.066956967680859902e+00
-1.066956928112060332e+00
-1.066956888596336972e+00
-1.066956849133459118e+00
-1.066956809723201172e+00
-1.066956770365347751e+00
-1.066956731059685248e+00
-1.066956691806010493e+00
-1.066956652604125644e+00
-1.066956613453839520e+00
-1.066956574354968934e+00
-1.066956535307335141e+00
-1.066956496310768276e+00
-1.066956457365105138e+00
-1.066956418470190293e+00
-1.066956379625873197e+00
-1.066956340832011296e+00
-1.066956302088471142e+00
-1.066956263395125060e+00
-1.066956224751850701e+00
-1.066956186158536157e+00
-1.066956147615074402e+00
-1.066956109121367957e+00
-1.066956070677324453e+00
-1.066956032282861067e+00
-1.066955993937902081e+00
-1.066955955642377107e+00
-1.066955917396225972e+00
-1.066955879199396273e+00
-1.066955841051841603e+00
-1.066955802953523325e+00
-1.066955764904412352e+00
-1.066955726904485591e+00
-1.066955688953729275e+00
-1.066955651052135190e+00
-1.066955613199707553e+00
-1.066955575396454359e+00
-1.066955537642392704e+00
-1.066955499937548124e+00
-1.066955462281955036e+00
-1.066955424675655184e+00
-1.066955387118698528e+00
-1.066955349611144355e+00
-1.066955312153057500e+00
-1.066955274744515236e+00
-1.066955237385599942e+00
-1.066955200076404209e+00
-1.066955162817027514e+00
-1.066955125607580213e+00
-1.066955088448178879e+00
-1.066955051338949634e+00
-1.066955014280028591e+00
-1.066954977271558525e+00
-1.066954940313691536e+00
-1.066954903406589272e+00
-1.066954866550421821e+00
-1.066954829745368372e+00
-1.066954792991615664e+00
-1.066954756289361539e+00
-1.066954719638810500e+00
-1.066954683040178820e+00
-1.066954646493689651e+00
-1.066954609999576586e+00
-1.066954573558080099e+00
-1.066954537169454209e+00
-1.066954500833958042e+00
-1.066954464551861825e+00
-1.066954428323444448e+00
-1.066954392148995234e+00
-1.066954356028812168e+00
-1.066954319963202558e+00
-1.066954283952483262e+00
-1.066954247996980465e+00
-1.066954212097031229e+00
-1.066954176252980613e+00
-1.066954140465183887e+00
-1.066954104734006314e+00
-1.066954069059821819e+00
-1.066954033443014982e+00
-1.066953997883980820e+00
-1.066953962383122789e+00
-1.066953926940854558e+00
-1.066953891557600453e+00
-1.066953856233793463e+00
-1.066953820969876343e+00
-1.066953785766304730e+00
-1.066953750623541142e+00
-1.066953715542058534e+00
-1.066953680522341408e+00
-1.066953645564882924e+00
-1.066953610670188679e+00
-1.066953575838771151e+00
-1.066953541071154143e+00
-1.066953506367873672e+00
-1.066953471729473968e+00
-1.066953437156511253e+00
-1.066953402649549520e+00
-1.066953368209164310e+00
-1.066953333835942930e+00
-1.066953299530480681e+00
-1.066953265293385744e+00
-1.066953231125274959e+00
-1.066953197026775824e+00
-1.066953162998527826e+00
-1.066953129041179338e+00
-1.066953095155389386e+00
-1.066953061341828546e+00
-1.066953027601177828e+00
-1.066952993934127125e+00
-1.066952960341380097e+00
-1.066952926823647951e+00
-1.066952893381654777e+00
-1.066952860016134652e+00
-1.066952826727831427e+00
-1.066952793517501386e+00
-1.066952760385910359e+00
-1.066952727333835282e+00
-1.066952694362064191e+00
-1.066952661471395336e+00
-1.066952628662637625e+00
-1.066952595936612846e+00
-1.066952563294150558e+00
-1.066952530736093641e+00
-1.066952498263294746e+00
-1.066952465876617406e+00
-1.066952433576937143e+00
-1.066952401365137248e+00
-1.066952369242116561e+00
-1.066952337208781909e+00
-1.066952305266051004e+00
-1.066952273414853991e+00
-1.066952241656130562e+00
-1.066952209990832179e+00
-1.066952178419921404e+00
-1.066952146944371682e+00
-1.066952115565165338e+00
-1.066952084283300239e+00
-1.066952053099780251e+00
-1.066952022015624113e+00
-1.066951991031859226e+00
-1.066951960149525203e+00
-1.066951929369671648e+00
-1.066951898693361045e+00
-1.066951868121663205e+00
-1.066951837655663482e+00
-1.066951807296455002e+00
-1.066951777045142880e+00
-1.066951746902843778e+00
-1.066951716870684574e+00
-1.066951686949803024e+00
-1.066951657141348209e+00
-1.066951627446480311e+00
-1.066951597866370172e+00
-1.066951568402199513e+00
-1.066951539055160936e+00
-1.066951509826459699e+00
-1.066951480717307721e+00
-1.066951451728932687e+00
-1.066951422862570498e+00
-1.066951394119467711e+00
-1.066951365500883320e+00
-1.066951337008085421e+00
-1.066951308642354546e+00
-1.066951280404980773e+00
-1.066951252297265507e+00
-1.066951224320521252e+00
-1.066951196476070063e+00
-1.066951168765245761e+00
-1.066951141189393271e+00
-1.066951113749867064e+00
-1.066951086448032271e+00
-1.066951059285265790e+00
-1.066951032262954291e+00
-1.066951005382494655e+00
-1.066950978645295534e+00
-1.066950952052774682e+00
-1.066950925606361844e+00
-1.066950899307495870e+00
-1.066950873157626933e+00
-1.066950847158214755e+00
-1.066950821310730158e+00
-1.066950795616654180e+00
-1.066950770077478072e+00
-1.066950744694703523e+00
-1.066950719469841546e+00
-1.066950694404414923e+00
-1.066950669499954651e+00
-1.066950644758004385e+00
-1.066950620180114884e+00
-1.066950595767849341e+00
-1.066950571522780278e+00
-1.066950547446488651e+00
-1.066950523540567408e+00
-1.066950499806619046e+00
-1.066950476246254276e+00
-1.066950452861095355e+00
-1.066950429652773646e+00
-1.066950406622929837e+00
-1.066950383773213940e+00
-1.066950361105287293e+00
-1.066950338620819005e+00
-1.066950316321488623e+00
-1.066950294208984129e+00
-1.066950272285003276e+00
-1.066950250551254475e+00
-1.066950229009454354e+00
-1.066950207661326644e+00
-1.066950186508608400e+00
-1.066950165553042673e+00
-1.066950144796382283e+00
-1.066950124240389819e+00
-1.066950103886836088e+00
-1.066950083737500554e+00
-1.066950063794172010e+00
-1.066950044058647462e+00
-1.066950024532732799e+00
-1.066950005218243458e+00
-1.066949986117001536e+00
-1.066949967230838459e+00
-1.066949948561594752e+00
-1.066949930111118494e+00
-1.066949911881266422e+00
-1.066949893873903710e+00
-1.066949876090901750e+00
-1.066949858534142592e+00
-1.066949841205514282e+00
-1.066949824106914857e+00
-1.066949807240248571e+00
-1.066949790607427229e+00
-1.066949774210371293e+00
-1.066949758051008113e+00
-1.066949742131273249e+00
-1.066949726453109371e+00
-1.066949711018465585e+00
-1.066949695829300770e+00
-1.066949680887578022e+00
-1.066949666195270430e+00
-1.066949651754355965e+00
-1.066949637566819931e+00
-1.066949623634656064e+00
-1.066949609959862544e+00
-1.066949596544445988e+00
-1.066949583390419676e+00
-1.066949570499801547e+00
-1.066949557874618648e+00
-1.066949545516902687e+00
-1.066949533428692032e+00
-1.066949521612031271e+00
-1.066949510068970319e+00
-1.066949498801567087e+00
-1.066949487811883701e+00
-1.066949477101989174e+00
-1.066949466673955627e+00
-1.066949456529865836e+00
-1.066949446671803914e+00
-1.066949437101859521e+00
-1.066949427822130314e+00
-1.066949418834717056e+00
-1.066949410141727395e+00
-1.066949401745271642e+00
-1.066949393647467215e+00
-1.066949385850435528e+00
-1.066949378356303102e+00
-1.066949371167200233e+00
-1.066949364285263657e+00
-1.066949357712631885e+00
-1.066949351451450978e+00
-1.066949345503868107e+00
-1.066949339872036884e+00
-1.066949334558114248e+00
-1.066949329564260696e+00
-1.066949324892641382e+00
-1.066949320545424795e+00
-1.066949316524782310e+00
-1.066949312832890406e+00
-1.066949309471927121e+00
-1.066949306444076040e+00
-1.066949303751521860e+00
-1.066949301396454164e+00
-1.066949299381063643e+00
-1.066949297707545430e+00
-1.066949296378096657e+00
-1.066949295394918229e+00
-1.066949294760211497e+00
