1.356990369660701287e-02
1.341705015786398038e-02
1.325922912219868778e-02
1.309698828303238610e-02
1.293089871717042344e-02
1.276154851701453465e-02
1.258953619673369370e-02
1.241546382072610671e-02
1.223992999045878972e-02
1.206352290633030955e-02
1.188681343797780982e-02
1.171034838067483430e-02
1.153464403149086909e-02
1.136018006803880993e-02
1.118739388599333112e-02
1.101667553881980829e-02
1.084836330450225997e-02
1.068273989289456223e-02
1.052002944877118013e-02
1.036039537280087491e-02
1.020393903617549704e-02
1.005069934040449427e-02
9.900653228374849124e-03
9.753717097767617208e-03
9.609749176151529890e-03
9.468552756313208113e-03
9.329880284953219471e-03
9.193438300088889459e-03
9.058893096987640295e-03
8.925877046636781706e-03
8.793995521332434451e-03
8.662834340889326648e-03
8.531967537665392787e-03
8.400965465727588261e-03
8.269403005727260503e-03
8.136867801331864464e-03
8.002968402496210901e-03
7.867342169076261063e-03
7.729662778468545693e-03
7.589647302544561165e-03
7.447062638375635292e-03
7.301731185527258160e-03
7.153535734903009903e-03
7.002423470968787214e-03
6.848408932923579807e-03
6.691575864540222351e-03
6.532078012486434819e-03
6.370138705372472253e-03
6.206049279905608181e-03
6.040166347994205959e-03
5.872907909761157161e-03
5.704748312519302908e-03
5.536212183097460361e-03
5.367867320371052728e-03
5.200316731238987730e-03
5.034189830047941516e-03
4.870132976274026138e-03
4.708799490637747935e-03
4.550839258648217527e-03
4.396888083194181417e-03
4.247556915275930989e-03
4.103421231176325804e-03
3.965010642150841765e-03
3.832798864928214661e-03
3.707194373060570744e-03
3.588531716287071162e-03
3.477063729701172605e-03
3.372954806831822330e-03
3.276275283644458549e-03
3.186997131195776906e-03
3.104991011201351132e-03
3.030024753178762933e-03
2.961763331284141248e-03
2.899770401126785732e-03
2.843511368803670284e-03
2.792357927803138656e-03
2.745594130093275635e-03
2.702423932238318029e-03
2.661980052972985362e-03
2.623334134491929915e-03
2.585507987201973723e-03
2.547485796267768242e-03
2.508227210885237250e-03
2.466681080622930289e-03
2.421799640222396452e-03
2.372552979136900025e-03
2.317943566811892821e-03
2.257020652737932488e-03
2.188894279633497170e-03
2.112748772983499054e-03
2.027855451807715221e-03
1.933584345084714403e-03
1.829414804284578951e-03
1.714944815486329002e-03
1.589898839589355684e-03
1.454134038704509371e-03
1.307644818559592454e-03
1.150565552906054369e-03
9.831714794383366023e-04
8.058777153752411234e-04
6.192362863424759941e-04
4.239313427426757161e-04
2.207725494337596853e-04
1.068665716385919913e-05
-2.052925346722514726e-04
-4.260357992567477092e-04
-6.503314898248617471e-04
-8.768997864879649181e-04
-1.104407946897524974e-03
-1.331486409149177643e-03
-1.556745525008672608e-03
-1.778792663918656340e-03
-1.996249478992388575e-03
-2.207769109849924347e-03
-2.412053036291355711e-03
-2.607867368275004500e-03
-2.794058383772396112e-03
-2.969567012131890324e-03
-3.133442168607406420e-03
-3.284852642671716189e-03
-3.423097430240421794e-03
-3.547614418457036966e-03
-3.657987173940210456e-03
-3.753949813841889194e-03
-3.835389900096190536e-03
-3.902349272929991376e-03
-3.955022878007191135e-03
-3.993755543835468720e-03
-4.019036798141781101e-03
-4.031493778518868004e-03
-4.031882393495775548e-03
-4.021076788568877028e-03
-4.000057323415785043e-03
-3.969897225612840919e-03
-3.931748041495683292e-03
-3.886824283403901570e-03
-3.836387302934681377e-03
-3.781728740518781971e-03
-3.724153703489996737e-03
-3.664963992990946228e-03
-3.605441598012498923e-03
-3.546832609681801769e-03
-3.490331897692117852e-03
-3.437068693052919895e-03
-3.388093275297065533e-03
-3.344365028282228740e-03
-3.306741889228323114e-03
-3.275971411919957697e-03
-3.252683486294480515e-03
-3.237384900296149098e-03
-3.230455704610032345e-03
-3.232147494076612840e-03
-3.242583504606026071e-03
-3.261760563601413202e-03
-3.289552796757091568e-03
-3.325717043765735997e-03
-3.369899848104582207e-03
-3.421645890623865090e-03
-3.480407714495203485e-03
-3.545556563690399968e-03
-3.616394196798581109e-03
-3.692165354425171360e-03
-3.772070791988160580e-03
-3.855280648178437564e-03
-3.940947814608353195e-03
-4.028221264069091478e-03
-4.116258992466267398e-03
-4.204240443039981151e-03
-4.291378195468262442e-03
-4.376928723790558286e-03
-4.460202135106525710e-03
-4.540570650109375904e-03
-4.617475821897191156e-03
-4.690434275583898853e-03
-4.759041989985331872e-03
-4.822977054380612853e-03
-4.882000860552700335e-03
-4.935957789980946475e-03
-4.984773379685007028e-03
-5.028451041267667856e-03
-5.067067423118077653e-03
-5.100766577286071878e-03
-5.129752917393797657e-03
-5.154283297385259602e-03
-5.174658190928143470e-03
-5.191212294910012813e-03
-5.204304641745821289e-03
-5.214308463737929097e-03
-5.221600958025026350e-03
-5.226553198899340676e-03
-5.229520370723003166e-03
-5.230832413627886646e-03
-5.230785465010369568e-03
-5.229633990125044478e-03
-5.227583963600910925e-03
-5.224787099212688246e-03
-5.221336303368887335e-03
-5.217262421974473881e-03
-5.212532263649249757e-03
-5.207048112540094142e-03
-5.200648562062035359e-03
-5.193110749103665297e-03
-5.184153942248428959e-03
-5.173444401029327067e-03
-5.160601482771710533e-03
-5.145204785541562797e-03
-5.126802292358851286e-03
-5.104919356542923087e-03
-5.079068339287273574e-03
-5.048758784556419375e-03
-5.013507909837106209e-03
-4.972851209199335293e-03
-4.926353051435498724e-03
-4.873616986383329068e-03
-4.814295692066671017e-03
-4.748100326034057281e-03
-4.674809062354253093e-03
-4.594274736849485695e-03
-4.506431400918208333e-03
-4.411299731982342397e-03
-4.308991076379374910e-03
-4.199710135363450211e-03
-4.083756236032815706e-03
-3.961523069197019423e-03
-3.833496933416419283e-03
-3.700253486399720550e-03
-3.562453059583159300e-03
-3.420834538594187679e-03
-3.276207899536457205e-03
-3.129445613647813349e-03
-2.981472863711297997e-03
-2.833256809451116520e-03
-2.685795039739247419e-03
-2.540103404627688279e-03
-2.397203431249757787e-03
-2.258109373091565786e-03
-2.123815283819925712e-03
-1.995282064866703287e-03
-1.873424931763001226e-03
-1.759101303552273923e-03
-1.653099378099632654e-03
-1.556127547302936943e-03
-1.468804775417046965e-03
-1.391652145250936879e-03
-1.325085646011743383e-03
-1.269410331881608680e-03
-1.224815864835000030e-03
-1.191373649135394654e-03
-1.169035472382524065e-03
-1.157633746080227689e-03
-1.156883254417537862e-03
-1.166384494086577118e-03
-1.185628432471338674e-03
-1.214002755398521129e-03
-1.250799312369913060e-03
-1.295222893089527198e-03
-1.346400985840274633e-03
-1.403394519521618299e-03
-1.465209399841108659e-03
-1.530808585144312816e-03
-1.599124686860019543e-03
-1.669072815189042748e-03
-1.739563546907956382e-03
-1.809515765401372312e-03
-1.877869282065207021e-03
-1.943597026403694368e-03
-2.005716694409789055e-03
-2.063301655994124063e-03
-2.115490980656084367e-03
-2.161498515476764117e-03
-2.200620918571323092e-03
-2.232244492586058730e-03
-2.255850786600279920e-03
-2.271020912068511758e-03
-2.277438594290863167e-03
-2.274891882885583024e-03
-2.263273511024355752e-03
-2.242580017039293681e-03
-2.212909591190902539e-03
-2.174458776183757231e-03
-2.127518043145996008e-03
-2.072466316185143410e-03
-2.009764577065066560e-03
-1.939948712706296039e-03
-1.863621627263759364e-03
-1.781444793634419767e-03
-1.694129331573837128e-03
-1.602426787573977066e-03
-1.507119702276809529e-03
-1.409012160006038218e-03
-1.308920352368470865e-03
-1.207663344164168397e-03
-1.106054072190214939e-03
-1.004890807700868464e-03
-9.049490170688287167e-04
-8.069738551258464352e-04
-7.116732035152488305e-04
-6.197114324614586825e-04
-5.317038820142074539e-04
-4.482120806113288345e-04
-3.697397680563472059e-04
-2.967296851118835367e-04
-2.295611944750244155e-04
-1.685485967640925145e-04
-1.139402476092821957e-04
-6.591840567129022199e-05
-2.459969248699013343e-05
9.963745645471480011e-06
3.778251915859060704e-05
5.892774857022397558e-05
7.352835654989952740e-05
8.176793954604985246e-05
8.388127991828866754e-05
8.015058169875284284e-05
7.090145590580410702e-05
5.649873859636684047e-05
3.734215227577376660e-05
1.386191615485442855e-05
-1.348565005334901345e-05
-4.422261902212962789e-05
-7.785382247124237232e-05
-1.138712052873648470e-04
-1.517580179908470047e-04
-1.909929913186049662e-04
-2.310543034204431360e-04
-2.714234637162171379e-04
-3.115890278101028275e-04
-3.510501728662139597e-04
-3.893200974773609467e-04
-4.259292086803462989e-04
-4.604282446446458809e-04
-4.923911879541431440e-04
-5.214179883072702628e-04
-5.471371747662371297e-04
-5.692082686112366358e-04
-5.873240156590024859e-04
-6.012124169556455231e-04
-6.106386498562103382e-04
-6.154066990970459691e-04
