-4.005321138104372736e+00
-4.005321137933691489e+00
-4.005321137547833032e+00
-4.005321136947212146e+00
-4.005321136132237392e+00
-4.005321135103319108e+00
-4.005321133860865856e+00
-4.005321132405284423e+00
-4.005321130736983370e+00
-4.005321128856366819e+00
-4.005321126763838890e+00
-4.005321124459799265e+00
-4.005321121944657392e+00
-4.005321119218805848e+00
-4.005321116282646976e+00
-4.005321113136577793e+00
-4.005321109780997091e+00
-4.005321106216294780e+00
-4.005321102442867875e+00
-4.005321098461110729e+00
-4.005321094271407034e+00
-4.005321089874152918e+00
-4.005321085269731185e+00
-4.005321080458535299e+00
-4.005321075440940071e+00
-4.005321070217335411e+00
-4.005321064788099683e+00
-4.005321059153612140e+00
-4.005321053314257362e+00
-4.005321047270403945e+00
-4.005321041022428474e+00
-4.005321034570708427e+00
-4.005321027915608845e+00
-4.005321021057504538e+00
-4.005321013996757884e+00
-4.005321006733741029e+00
-4.005320999268814575e+00
-4.005320991602340897e+00
-4.005320983734678819e+00
-4.005320975666188943e+00
-4.005320967397228316e+00
-4.005320958928151320e+00
-4.005320950259308788e+00
-4.005320941391051548e+00
-4.005320932323728655e+00
-4.005320923057685611e+00
-4.005320913593272358e+00
-4.005320903930822851e+00
-4.005320894070683480e+00
-4.005320884013189975e+00
-4.005320873758678069e+00
-4.005320863307484380e+00
-4.005320852659935760e+00
-4.005320841816367938e+00
-4.005320830777105989e+00
-4.005320819542469657e+00
-4.005320808112790232e+00
-4.005320796488380353e+00
-4.005320784669565981e+00
-4.005320772656659756e+00
-4.005320760449973427e+00
-4.005320748049819635e+00
-4.005320735456509240e+00
-4.005320722670346001e+00
-4.005320709691636338e+00
-4.005320696520681345e+00
-4.005320683157780337e+00
-4.005320669603229966e+00
-4.005320655857326884e+00
-4.005320641920361524e+00
-4.005320627792620769e+00
-4.005320613474396829e+00
-4.005320598965972145e+00
-4.005320584267628270e+00
-4.005320569379644091e+00
-4.005320554302300273e+00
-4.005320539035865934e+00
-4.005320523580617298e+00
-4.005320507936822594e+00
-4.005320492104745611e+00
-4.005320476084654580e+00
-4.005320459876811512e+00
-4.005320443481468651e+00
-4.005320426898888897e+00
-4.005320410129321829e+00
-4.005320393173022353e+00
-4.005320376030233831e+00
-4.005320358701205841e+00
-4.005320341186179967e+00
-4.005320323485393352e+00
-4.005320305599088471e+00
-4.005320287527495360e+00
-4.005320269270846723e+00
-4.005320250829373485e+00
-4.005320232203301245e+00
-4.005320213392855599e+00
-4.005320194398254152e+00
-4.005320175219715395e+00
-4.005320155857458708e+00
-4.005320136311691037e+00
-4.005320116582624657e+00
-4.005320096670465624e+00
-4.005320076575419996e+00
-4.005320056297687614e+00
-4.005320035837465653e+00
-4.005320015194951289e+00
-4.005319994370338144e+00
-4.005319973363812736e+00
-4.005319952175567799e+00
-4.005319930805780970e+00
-4.005319909254639654e+00
-4.005319887522319711e+00
-4.005319865608996999e+00
-4.005319843514843825e+00
-4.005319821240028944e+00
-4.005319798784721996e+00
-4.005319776149086408e+00
-4.005319753333283828e+00
-4.005319730337471462e+00
-4.005319707161806519e+00
-4.005319683806439990e+00
-4.005319660271525528e+00
-4.005319636557203467e+00
-4.005319612663624795e+00
-4.005319588590925406e+00
-4.005319564339249183e+00
-4.005319539908727577e+00
-4.005319515299492927e+00
-4.005319490511677571e+00
-4.005319465545407631e+00
-4.005319440400805675e+00
-4.005319415077995160e+00
-4.005319389577092437e+00
-4.005319363898213858e+00
-4.005319338041471333e+00
-4.005319312006976773e+00
-4.005319285794836759e+00
-4.005319259405150767e+00
-4.005319232838027155e+00
-4.005319206093560958e+00
-4.005319179171841881e+00
-4.005319152072974731e+00
-4.005319124797041219e+00
-4.005319097344130164e+00
-4.005319069714326830e+00
-4.005319041907712041e+00
-4.005319013924367511e+00
-4.005318985764363404e+00
-4.005318957427777882e+00
-4.005318928914678445e+00
-4.005318900225138812e+00
-4.005318871359213162e+00
-4.005318842316973438e+00
-4.005318813098474706e+00
-4.005318783703773811e+00
-4.005318754132929371e+00
-4.005318724385989348e+00
-4.005318694462997264e+00
-4.005318664364007297e+00
-4.005318634089062080e+00
-4.005318603638197139e+00
-4.005318573011455108e+00
-4.005318542208869736e+00
-4.005318511230473888e+00
-4.005318480076295096e+00
-4.005318448746367110e+00
-4.005318417240710360e+00
-4.005318385559349714e+00
-4.005318353702302048e+00
-4.005318321669590453e+00
-4.005318289461222925e+00
-4.005318257077215449e+00
-4.005318224517576020e+00
-4.005318191782316184e+00
-4.005318158871438605e+00
-4.005318125784940619e+00
-4.005318092522831996e+00
-4.005318059085099414e+00
-4.005318025471747312e+00
-4.005317991682763257e+00
-4.005317957718139255e+00
-4.005317923577862871e+00
-4.005317889261921671e+00
-4.005317854770297004e+00
-4.005317820102969328e+00
-4.005317785259917329e+00
-4.005317750241123242e+00
-4.005317715046554206e+00
-4.005317679676183573e+00
-4.005317644129985588e+00
-4.005317608407919394e+00
-4.005317572509962787e+00
-4.005317536436068693e+00
-4.005317500186200697e+00
-4.005317463760318830e+00
-4.005317427158380461e+00
-4.005317390380340292e+00
-4.005317353426150362e+00
-4.005317316295760932e+00
-4.005317278989123153e+00
-4.005317241506178405e+00
-4.005317203846879615e+00
-4.005317166011165497e+00
-4.005317127998972992e+00
-4.005317089810247033e+00
-4.005317051444920118e+00
-4.005317012902930074e+00
-4.005316974184209400e+00
-4.005316935288691482e+00
-4.005316896216304379e+00
-4.005316856966975259e+00
-4.005316817540633068e+00
-4.005316777937198758e+00
-4.005316738156595058e+00
-4.005316698198748249e+00
-4.005316658063572177e+00
-4.005316617750986907e+00
-4.005316577260909838e+00
-4.005316536593251264e+00
-4.005316495747927696e+00
-4.005316454724849429e+00
-4.005316413523927643e+00
-4.005316372145068193e+00
-4.005316330588180485e+00
-4.005316288853167705e+00
-4.005316246939936597e+00
-4.005316204848387684e+00
-4.005316162578425043e+00
-4.005316120129946533e+00
-4.005316077502849126e+00
-4.005316034697033345e+00
-4.005315991712395274e+00
-4.005315948548826555e+00
-4.005315905206223270e+00
-4.005315861684477063e+00
-4.005315817983477800e+00
-4.005315774103117121e+00
-4.005315730043284894e+00
-4.005315685803869208e+00
-4.005315641384756375e+00
-4.005315596785828269e+00
-4.005315552006972979e+00
-4.005315507048075929e+00
-4.005315461909017216e+00
-4.005315416589680488e+00
-4.005315371089943177e+00
-4.005315325409689819e+00
-4.005315279548797847e+00
-4.005315233507145578e+00
-4.005315187284609557e+00
-4.005315140881068992e+00
-4.005315094296397760e+00
-4.005315047530472405e+00
-4.005315000583166807e+00
-4.005314953454355731e+00
-4.005314906143910392e+00
-4.005314858651707333e+00
-4.005314810977615103e+00
-4.005314763121505806e+00
-4.005314715083252430e+00
-4.005314666862726192e+00
-4.005314618459792975e+00
-4.005314569874324881e+00
-4.005314521106190462e+00
-4.005314472155260042e+00
-4.005314423021398618e+00
-4.005314373704479181e+00
-4.005314324204365839e+00
-4.005314274520924478e+00
-4.005314224654024535e+00
-4.005314174603535449e+00
-4.005314124369317774e+00
-4.005314073951245391e+00
-4.005314023349177965e+00
-4.005313972562987601e+00
-4.005313921592533966e+00
-4.005313870437687385e+00
-4.005313819098315520e+00
-4.005313767574278927e+00
-4.005313715865447044e+00
-4.005313663971684868e+00
-4.005313611892861836e+00
-4.005313559628840281e+00
-4.005313507179485200e+00
-4.005313454544666918e+00
-4.005313401724248656e+00
-4.005313348718098965e+00
-4.005313295526084616e+00
-4.005313242148075048e+00
-4.005313188583936146e+00
-4.005313134833531130e+00
-4.005313080896734768e+00
-4.005313026773412943e+00
-4.005312972463435095e+00
-4.005312917966668884e+00
-4.005312863282985525e+00
-4.005312808412254455e+00
-4.005312753354348665e+00
-4.005312698109134928e+00
-4.005312642676488899e+00
-4.005312587056280904e+00
-4.005312531248385710e+00
-4.005312475252672755e+00
-4.005312419069020358e+00
-4.005312362697303286e+00
-4.005312306137395417e+00
-4.005312249389171519e+00
-4.005312192452512576e+00
-4.005312135327291578e+00
-4.005312078013394839e+00
-4.005312020510694460e+00
-4.005311962819074978e+00
-4.005311904938413825e+00
-4.005311846868594650e+00
-4.005311788609503765e+00
-4.005311730161019490e+00
-4.005311671523031691e+00
-4.005311612695426682e+00
-4.005311553678087222e+00
-4.005311494470904954e+00
-4.005311435073767967e+00
-4.005311375486567016e+00
-4.005311315709192854e+00
-4.005311255741539789e+00
-4.005311195583500350e+00
-4.005311135234970621e+00
-4.005311074695844908e+00
-4.005311013966023737e+00
-4.005310953045407629e+00
-4.005310891933890005e+00
-4.005310830631380270e+00
-4.005310769137778060e+00
-4.005310707452985675e+00
-4.005310645576913409e+00
-4.005310583509469780e+00
-4.005310521250555311e+00
-4.005310458800089179e+00
-4.005310396157980790e+00
-4.005310333324139549e+00
-4.005310270298487296e+00
-4.005310207080936991e+00
-4.005310143671407808e+00
-4.005310080069818923e+00
-4.005310016276093954e+00
-4.005309952290158293e+00
-4.005309888111929340e+00
-4.005309823741342257e+00
-4.005309759178325102e+00
-4.005309694422804156e+00
-4.005309629474714583e+00
-4.005309564333994210e+00
-4.005309499000574647e+00
-4.005309433474393721e+00
-4.005309367755397254e+00
-4.005309301843521297e+00
-4.005309235738716112e+00
-4.005309169440921302e+00
-4.005309102950091571e+00
-4.005309036266175404e+00
-4.005308969389125728e+00
-4.005308902318895470e+00
-4.005308835055443772e+00
-4.005308767598728892e+00
-4.005308699948712636e+00
-4.005308632105358591e+00
-4.005308564068633892e+00
-4.005308495838504790e+00
-4.005308427414943750e+00
-4.005308358797926793e+00
-4.005308289987420167e+00
-4.005308220983407885e+00
-4.005308151785872184e+00
-4.005308082394791747e+00
-4.005308012810155915e+00
-4.005307943031948703e+00
-4.005307873060162116e+00
-4.005307802894789937e+00
-4.005307732535828613e+00
-4.005307661983273704e+00
-4.005307591237126985e+00
-4.005307520297391122e+00
-4.005307449164075884e+00
-4.005307377837187488e+00
-4.005307306316737481e+00
-4.005307234602740962e+00
-4.005307162695221024e+00
-4.005307090594190100e+00
-4.005307018299674837e+00
-4.005306945811700103e+00
-4.005306873130298762e+00
-4.005306800255497457e+00
-4.005306727187334381e+00
-4.005306653925852167e+00
-4.005306580471084565e+00
-4.005306506823079538e+00
-4.005306432981883269e+00
-4.005306358947546386e+00
-4.005306284720125731e+00
-4.005306210299672820e+00
-4.005306135686251601e+00
-4.005306060879926910e+00
-4.005305985880761810e+00
-4.005305910688830018e+00
-4.005305835304201700e+00
-4.005305759726955017e+00
-4.005305683957172569e+00
-4.005305607994931627e+00
-4.005305531840326339e+00
-4.005305455493446409e+00
-4.005305378954379769e+00
-4.005305302223232999e+00
-4.005305225300098471e+00
-4.005305148185087205e+00
-4.005305070878306672e+00
-4.005304993379867007e+00
-4.005304915689888112e+00
-4.005304837808487228e+00
-4.005304759735786035e+00
-4.005304681471911543e+00
-4.005304603016997866e+00
-4.005304524371181785e+00
-4.005304445534596525e+00
-4.005304366507385083e+00
-4.005304287289699339e+00
-4.005304207881685841e+00
-4.005304128283500908e+00
-4.005304048495299973e+00
-4.005303968517250013e+00
-4.005303888349514452e+00
-4.005303807992267373e+00
-4.005303727445680195e+00
-4.005303646709931442e+00
-4.005303565785211184e+00
-4.005303484671699721e+00
-4.005303403369592452e+00
-4.005303321879085665e+00
-4.005303240200381865e+00
-4.005303158333679114e+00
-4.005303076279194130e+00
-4.005302994037135633e+00
-4.005302911607724781e+00
-4.005302828991181840e+00
-4.005302746187734186e+00
-4.005302663197616297e+00
-4.005302580021061765e+00
-4.005302496658314837e+00
-4.005302413109613546e+00
-4.005302329375213688e+00
-4.005302245455372834e+00
-4.005302161350344115e+00
-4.005302077060394872e+00
-4.005301992585794224e+00
-4.005301907926815730e+00
-4.005301823083736501e+00
-4.005301738056845196e+00
-4.005301652846422478e+00
-4.005301567452768552e+00
-4.005301481876177405e+00
-4.005301396116955459e+00
-4.005301310175408247e+00
-4.005301224051852849e+00
-4.005301137746600126e+00
-4.005301051259982259e+00
-4.005300964592324320e+00
-4.005300877743961152e+00
-4.005300790715225823e+00
-4.005300703506474491e+00
-4.005300616118047330e+00
-4.005300528550300498e+00
-4.005300440803594597e+00
-4.005300352878294667e+00
-4.005300264774771968e+00
-4.005300176493402198e+00
-4.005300088034566386e+00
-4.005299999398656219e+00
-4.005299910586054501e+00
-4.005299821597168020e+00
-4.005299732432395565e+00
-4.005299643092148365e+00
-4.005299553576839422e+00
-4.005299463886887956e+00
-4.005299374022722958e+00
-4.005299283984770753e+00
-4.005299193773471877e+00
-4.005299103389268645e+00
-4.005299012832612249e+00
-4.005298922103950332e+00
-4.005298831203748300e+00
-4.005298740132472446e+00
-4.005298648890589952e+00
-4.005298557478581323e+00
-4.005298465896928839e+00
-4.005298374146122775e+00
-4.005298282226655182e+00
-4.005298190139032322e+00
-4.005298097883756903e+00
-4.005298005461344957e+00
-4.005297912872316957e+00
-4.005297820117190710e+00
-4.005297727196505342e+00
-4.005297634110796423e+00
-4.005297540860605743e+00
-4.005297447446481307e+00
-4.005297353868980892e+00
-4.005297260128669379e+00
-4.005297166226109873e+00
-4.005297072161882355e+00
-4.005296977936560587e+00
-4.005296883550737874e+00
-4.005296789005000413e+00
-4.005296694299955718e+00
-4.005296599436203309e+00
-4.005296504414357806e+00
-4.005296409235038269e+00
-4.005296313898868199e+00
-4.005296218406479092e+00
-4.005296122758511324e+00
-4.005296026955602606e+00
-4.005295930998410192e+00
-4.005295834887588668e+00
-4.005295738623800617e+00
-4.005295642207719276e+00
-4.005295545640018773e+00
-4.005295448921380341e+00
-4.005295352052496760e+00
-4.005295255034061697e+00
-4.005295157866783917e+00
-4.005295060551365971e+00
-4.005294963088524618e+00
-4.005294865478988164e+00
-4.005294767723479588e+00
-4.005294669822739628e+00
-4.005294571777507251e+00
-4.005294473588534743e+00
-4.005294375256576167e+00
-4.005294276782397134e+00
-4.005294178166763253e+00
-4.005294079410455232e+00
-4.005293980514251118e+00
-4.005293881478944940e+00
-4.005293782305334283e+00
-4.005293682994216731e+00
-4.005293583546405856e+00
-4.005293483962720558e+00
-4.005293384243979737e+00
-4.005293284391020059e+00
-4.005293184404673745e+00
-4.005293084285786342e+00
-4.005292984035210502e+00
-4.005292883653803315e+00
-4.005292783142429869e+00
-4.005292682501963242e+00
-4.005292581733280066e+00
-4.005292480837265856e+00
-4.005292379814815895e+00
-4.005292278666825467e+00
-4.005292177394201403e+00
-4.005292075997859413e+00
-4.005291974478716988e+00
-4.005291872837705824e+00
-4.005291771075754070e+00
-4.005291669193804083e+00
-4.005291567192804436e+00
-4.005291465073712587e+00
-4.005291362837485991e+00
-4.005291260485096316e+00
-4.005291158017514341e+00
-4.005291055435725944e+00
-4.005290952740720556e+00
-4.005290849933497377e+00
-4.005290747015054720e+00
-4.005290643986404220e+00
-4.005290540848566394e+00
-4.005290437602561759e+00
-4.005290334249424156e+00
-4.005290230790188311e+00
-4.005290127225902275e+00
-4.005290023557617651e+00
-4.005289919786390485e+00
-4.005289815913291918e+00
-4.005289711939389541e+00
-4.005289607865765156e+00
-4.005289503693507669e+00
-4.005289399423709540e+00
-4.005289295057469445e+00
-4.005289190595896720e+00
-4.005289086040104252e+00
-4.005288981391216474e+00
-4.005288876650355157e+00
-4.005288771818665161e+00
-4.005288666897278027e+00
-4.005288561887350163e+00
-4.005288456790036200e+00
-4.005288351606496988e+00
-4.005288246337900482e+00
-4.005288140985429735e+00
-4.005288035550260695e+00
-4.005287930033587074e+00
-4.005287824436607025e+00
-4.005287718760519589e+00
-4.005287613006539793e+00
-4.005287507175885331e+00
-4.005287401269776559e+00
-4.005287295289447158e+00
-4.005287189236135248e+00
-4.005287083111083390e+00
-4.005286976915543917e+00
-4.005286870650773601e+00
-4.005286764318041648e+00
-4.005286657918615489e+00
-4.005286551453773214e+00
-4.005286444924801792e+00
-4.005286338332990859e+00
-4.005286231679638931e+00
-4.005286124966052519e+00
-4.005286018193541686e+00
-4.005285911363421825e+00
-4.005285804477024314e+00
-4.005285697535676093e+00
-4.005285590540716534e+00
-4.005285483493487675e+00
-4.005285376395344876e+00
-4.005285269247640834e+00
-4.005285162051740677e+00
-4.005285054809019307e+00
-4.005284947520848071e+00
-4.005284840188611639e+00
-4.005284732813701787e+00
-4.005284625397512954e+00
-4.005284517941451128e+00
-4.005284410446921406e+00
-4.005284302915339545e+00
-4.005284195348130183e+00
-4.005284087746717958e+00
-4.005283980112539943e+00
-4.005283872447034987e+00
-4.005283764751654374e+00
-4.005283657027842281e+00
-4.005283549277065980e+00
-4.005283441500790076e+00
-4.005283333700482729e+00
-4.005283225877622755e+00
-4.005283118033695189e+00
-4.005283010170191282e+00
-4.005282902288603175e+00
-4.005282794390438106e+00
-4.005282686477198872e+00
-4.005282578550403372e+00
-4.005282470611573054e+00
-4.005282362662227591e+00
-4.005282254703906197e+00
-4.005282146738140980e+00
-4.005282038766480923e+00
-4.005281930790471456e+00
-4.005281822811669556e+00
-4.005281714831637530e+00
-4.005281606851939458e+00
-4.005281498874148305e+00
-4.005281390899845917e+00
-4.005281282930611475e+00
-4.005281174968039259e+00
-4.005281067013720886e+00
-4.005280959069258628e+00
-4.005280851136258313e+00
-4.005280743216333761e+00
-4.005280635311100568e+00
-4.005280527422180548e+00
-4.005280419551204396e+00
-4.005280311699802809e+00
-4.005280203869617139e+00
-4.005280096062288742e+00
-4.005279988279470516e+00
-4.005279880522815361e+00
-4.005279772793984172e+00
-4.005279665094642283e+00
-4.005279557426459469e+00
-4.005279449791109947e+00
-4.005279342190275038e+00
-4.005279234625640505e+00
-4.005279127098896552e+00
-4.005279019611738711e+00
-4.005278912165866956e+00
-4.005278804762988365e+00
-4.005278697404811794e+00
-4.005278590093051427e+00
-4.005278482829425002e+00
-4.005278375615662689e+00
-4.005278268453489332e+00
-4.005278161344637766e+00
-4.005278054290848821e+00
-4.005277947293865992e+00
-4.005277840355435437e+00
-4.005277733477308644e+00
-4.005277626661242429e+00
-4.005277519908997164e+00
-4.005277413222337657e+00
-4.005277306603035825e+00
-4.005277200052860032e+00
-4.005277093573594627e+00
-4.005276987167015967e+00
-4.005276880834911957e+00
-4.005276774579076715e+00
-4.005276668401299922e+00
-4.005276562303378363e+00
-4.005276456287119480e+00
-4.005276350354325388e+00
-4.005276244506810635e+00
-4.005276138746381775e+00
-4.005276033074862241e+00
-4.005275927494071020e+00
-4.005275822005831543e+00
-4.005275716611975234e+00
-4.005275611314330853e+00
-4.005275506114736039e+00
-4.005275401015028436e+00
-4.005275296017049236e+00
-4.005275191122649403e+00
-4.005275086333669243e+00
-4.005274981651967714e+00
-4.005274877079396667e+00
-4.005274772617815948e+00
-4.005274668269085403e+00
-4.005274564035071982e+00
-4.005274459917640861e+00
-4.005274355918662543e+00
-4.005274252040011085e+00
-4.005274148283563207e+00
-4.005274044651192078e+00
-4.005273941144785965e+00
-4.005273837766225142e+00
-4.005273734517391659e+00
-4.005273631400185330e+00
-4.005273528416487316e+00
-4.005273425568197432e+00
-4.005273322857206608e+00
-4.005273220285418212e+00
-4.005273117854728504e+00
-4.005273015567041739e+00
-4.005272913424261283e+00
-4.005272811428293167e+00
-4.005272709581047863e+00
-4.005272607884433178e+00
-4.005272506340363137e+00
-4.005272404950749987e+00
-4.005272303717511306e+00
-4.005272202642563784e+00
-4.005272101727821443e+00
-4.005272000975209856e+00
-4.005271900386643935e+00
-4.005271799964055468e+00
-4.005271699709359368e+00
-4.005271599624480316e+00
-4.005271499711355432e+00
-4.005271399971899626e+00
-4.005271300408047352e+00
-4.005271201021727734e+00
-4.005271101814866341e+00
-4.005271002789400292e+00
-4.005270903947251604e+00
-4.005270805290359171e+00
-4.005270706820653004e+00
-4.005270608540066668e+00
-4.005270510450530175e+00
-4.005270412553982418e+00
-4.005270314852350744e+00
-4.005270217347574047e+00
-4.005270120041582338e+00
-4.005270022936312735e+00
-4.005269926033693473e+00
-4.005269829335661669e+00
-4.005269732844151775e+00
-4.005269636561092916e+00
-4.005269540488422209e+00
-4.005269444628066999e+00
-4.005269348981961741e+00
-4.005269253552033781e+00
-4.005269158340214908e+00
-4.005269063348434244e+00
-4.005268968578621802e+00
-4.005268874032697823e+00
-4.005268779712595872e+00
-4.005268685620239744e+00
-4.005268591757548791e+00
-4.005268498126446808e+00
-4.005268404728858478e+00
-4.005268311566697825e+00
-4.005268218641885092e+00
-4.005268125956335190e+00
-4.005268033511963033e+00
-4.005267941310682644e+00
-4.005267849354403609e+00
-4.005267757645028404e+00
-4.005267666184470166e+00
-4.005267574974632261e+00
-4.005267484017412727e+00
-4.005267393314714042e+00
-4.005267302868432466e+00
-4.005267212680460709e+00
-4.005267122752686149e+00
-4.005267033087006823e+00
-4.005266943685303893e+00
-4.005266854549457634e+00
-4.005266765681350094e+00
-4.005266677082857996e+00
-4.005266588755855395e+00
-4.005266500702212795e+00
-4.005266412923791819e+00
-4.005266325422460305e+00
-4.005266238200075435e+00
-4.005266151258493501e+00
-4.005266064599569020e+00
-4.005265978225143186e+00
-4.005265892137066075e+00
-4.005265806337172663e+00
-4.005265720827305920e+00
-4.005265635609290165e+00
-4.005265550684952380e+00
-4.005265466056115997e+00
-4.005265381724601781e+00
-4.005265297692217175e+00
-4.005265213960774950e+00
-4.005265130532077222e+00
-4.005265047407923440e+00
-4.005264964590101506e+00
-4.005264882080400213e+00
-4.005264799880608351e+00
-4.005264717992500501e+00
-4.005264636417845026e+00
-4.005264555158408513e+00
-4.005264474215954884e+00
-4.005264393592236516e+00
-4.005264313289002231e+00
-4.005264233307992860e+00
-4.005264153650947456e+00
-4.005264074319592638e+00
-4.005263995315653247e+00
-4.005263916640851463e+00
-4.005263838296892587e+00
-4.005263760285482810e+00
-4.005263682608317666e+00
-4.005263605267090909e+00
-4.005263528263483863e+00
-4.005263451599174296e+00
-4.005263375275829318e+00
-4.005263299295114265e+00
-4.005263223658681149e+00
-4.005263148368181980e+00
-4.005263073425251008e+00
-4.005262998831520704e+00
-4.005262924588618212e+00
-4.005262850698156463e+00
-4.005262777161746612e+00
-4.005262703980987382e+00
-4.005262631157472164e+00
-4.005262558692781916e+00
-4.005262486588494930e+00
-4.005262414846176178e+00
-4.005262343467382635e+00
-4.005262272453666839e+00
-4.005262201806566225e+00
-4.005262131527614677e+00
-4.005262061618332758e+00
-4.005261992080235700e+00
-4.005261922914827188e+00
-4.005261854123601140e+00
-4.005261785708041700e+00
-4.005261717669627686e+00
-4.005261650009821928e+00
-4.005261582730084591e+00
-4.005261515831859853e+00
-4.005261449316583011e+00
-4.005261383185681368e+00
-4.005261317440573343e+00
-4.005261252082662260e+00
-4.005261187113343446e+00
-4.005261122534002460e+00
-4.005261058346014202e+00
-4.005260994550742026e+00
-4.005260931149537740e+00
-4.005260868143746933e+00
-4.005260805534696544e+00
-4.005260743323707295e+00
-4.005260681512090137e+00
-4.005260620101138258e+00
-4.005260559092143957e+00
-4.005260498486372001e+00
-4.005260438285096036e+00
-4.005260378489560402e+00
-4.005260319101005884e+00
-4.005260260120660831e+00
-4.005260201549740273e+00
-4.005260143389447691e+00
-4.005260085640972356e+00
-4.005260028305496434e+00
-4.005259971384183437e+00
-4.005259914878189775e+00
-4.005259858788653204e+00
-4.005259803116705264e+00
-4.005259747863460618e+00
-4.005259693030023271e+00
-4.005259638617483020e+00
-4.005259584626913671e+00
-4.005259531059385480e+00
-4.005259477915940280e+00
-4.005259425197626122e+00
-4.005259372905454640e+00
-4.005259321040444576e+00
-4.005259269603591576e+00
-4.005259218595873527e+00
-4.005259168018265648e+00
-4.005259117871720065e+00
-4.005259068157176472e+00
-4.005259018875563903e+00
-4.005258970027795407e+00
-4.005258921614770706e+00
-4.005258873637370876e+00
-4.005258826096464553e+00
-4.005258778992910607e+00
-4.005258732327551918e+00
-4.005258686101210941e+00
-4.005258640314699470e+00
-4.005258594968813313e+00
-4.005258550064334955e+00
-4.005258505602031782e+00
-4.005258461582656082e+00
-4.005258418006937937e+00
-4.005258374875603877e+00
-4.005258332189355563e+00
-4.005258289948885775e+00
-4.005258248154868639e+00
-4.005258206807964072e+00
-4.005258165908812451e+00
-4.005258125458042606e+00
-4.005258085456269157e+00
-4.005258045904080966e+00
-4.005258006802066006e+00
-4.005257968150783832e+00
-4.005257929950779783e+00
-4.005257892202587655e+00
-4.005257854906724369e+00
-4.005257818063683750e+00
-4.005257781673954298e+00
-4.005257745737998754e+00
-4.005257710256266535e+00
-4.005257675229190184e+00
-4.005257640657185370e+00
-4.005257606540651771e+00
-4.005257572879969530e+00
-4.005257539675508127e+00
-4.005257506927614841e+00
-4.005257474636617410e+00
-4.005257442802836465e+00
-4.005257411426563330e+00
-4.005257380508081333e+00
-4.005257350047653375e+00
-4.005257320045522818e+00
-4.005257290501916145e+00
-4.005257261417048298e+00
-4.005257232791109345e+00
-4.005257204624276923e+00
-4.005257176916705575e+00
-4.005257149668536520e+00
-4.005257122879894105e+00
-4.005257096550878693e+00
-4.005257070681580878e+00
-4.005257045272065497e+00
-4.005257020322387618e+00
-4.005256995832574773e+00
-4.005256971802649169e+00
-4.005256948232601033e+00
-4.005256925122409939e+00
-4.005256902472038583e+00
-4.005256880281425680e+00
-4.005256858550494847e+00
-4.005256837279156379e+00
-4.005256816467293923e+00
-4.005256796114773366e+00
-4.005256776221448156e+00
-4.005256756787147765e+00
-4.005256737811688339e+00
-4.005256719294860268e+00
-4.005256701236443284e+00
-4.005256683636191362e+00
-4.005256666493844264e+00
-4.005256649809123104e+00
-4.005256633581725900e+00
-4.005256617811337350e+00
-4.005256602497618168e+00
-4.005256587640215749e+00
-4.005256573238755280e+00
-4.005256559292840635e+00
-4.005256545802061474e+00
-4.005256532765986144e+00
-4.005256520184163449e+00
-4.005256508056127096e+00
-4.005256496381385922e+00
-4.005256485159434554e+00
-4.005256474389745414e+00
-4.005256464071771383e+00
-4.005256454204949357e+00
-4.005256444788695802e+00
-4.005256435822405869e+00
-4.005256427305459610e+00
-4.005256419237213983e+00
-4.005256411617009071e+00
-4.005256404444166307e+00
-4.005256397717982253e+00
-4.005256391437743702e+00
-4.005256385602709024e+00
-4.005256380212122380e+00
-4.005256375265208391e+00
-4.005256370761171247e+00
-4.005256366699192938e+00
-4.005256363078443904e+00
-4.005256359898069718e+00
-4.005256357157199076e+00
-4.005256354854934031e+00
-4.005256352990369528e+00
-4.005256351562570316e+00
-4.005256350570591373e+00
-4.005256350013456590e+00
