-4.973171008846521524e+00
-4.973171008605862475e+00
-4.973171007919960473e+00
-4.973171006787772797e+00
-4.973171005208260276e+00
-4.973171003180373084e+00
-4.973171000703069389e+00
-4.973170997775290481e+00
-4.973170994395991862e+00
-4.973170990564119265e+00
-4.973170986278616645e+00
-4.973170981538430624e+00
-4.973170976342498939e+00
-4.973170970689761106e+00
-4.973170964579157527e+00
-4.973170958009626830e+00
-4.973170950980101424e+00
-4.973170943489515494e+00
-4.973170935536799675e+00
-4.973170927120887264e+00
-4.973170918240706229e+00
-4.973170908895181874e+00
-4.973170899083245722e+00
-4.973170888803816858e+00
-4.973170878055822364e+00
-4.973170866838184878e+00
-4.973170855149820824e+00
-4.973170842989656393e+00
-4.973170830356604455e+00
-4.973170817249586761e+00
-4.973170803667519735e+00
-4.973170789609316245e+00
-4.973170775073892713e+00
-4.973170760060160234e+00
-4.973170744567035229e+00
-4.973170728593427903e+00
-4.973170712138247573e+00
-4.973170695200401781e+00
-4.973170677778804283e+00
-4.973170659872363508e+00
-4.973170641479987886e+00
-4.973170622600582291e+00
-4.973170603233056042e+00
-4.973170583376311349e+00
-4.973170563029261082e+00
-4.973170542190807453e+00
-4.973170520859850896e+00
-4.973170499035299841e+00
-4.973170476716062716e+00
-4.973170453901042620e+00
-4.973170430589139102e+00
-4.973170406779262365e+00
-4.973170382470311068e+00
-4.973170357661193641e+00
-4.973170332350814959e+00
-4.973170306538077234e+00
-4.973170280221886230e+00
-4.973170253401147711e+00
-4.973170226074769218e+00
-4.973170198241651185e+00
-4.973170169900704707e+00
-4.973170141050831106e+00
-4.973170111690946804e+00
-4.973170081819953126e+00
-4.973170051436759387e+00
-4.973170020540276681e+00
-4.973169989129414326e+00
-4.973169957203086078e+00
-4.973169924760201255e+00
-4.973169891799675391e+00
-4.973169858320421355e+00
-4.973169824321357346e+00
-4.973169789801398899e+00
-4.973169754759462435e+00
-4.973169719194471483e+00
-4.973169683105344241e+00
-4.973169646491005125e+00
-4.973169609350377662e+00
-4.973169571682388934e+00
-4.973169533485965133e+00
-4.973169494760036002e+00
-4.973169455503534842e+00
-4.973169415715393171e+00
-4.973169375394548730e+00
-4.973169334539938369e+00
-4.973169293150500714e+00
-4.973169251225178833e+00
-4.973169208762918458e+00
-4.973169165762666211e+00
-4.973169122223368710e+00
-4.973169078143990340e+00
-4.973169033523468840e+00
-4.973168988360773035e+00
-4.973168942654861979e+00
-4.973168896404696504e+00
-4.973168849609248987e+00
-4.973168802267482924e+00
-4.973168754378374246e+00
-4.973168705940897993e+00
-4.973168656954038980e+00
-4.973168607416774023e+00
-4.973168557328094153e+00
-4.973168506686988621e+00
-4.973168455492449347e+00
-4.973168403743477128e+00
-4.973168351439072765e+00
-4.973168298578245050e+00
-4.973168245160000112e+00
-4.973168191183353848e+00
-4.973168136647326598e+00
-4.973168081550939590e+00
-4.973168025893218491e+00
-4.973167969673201405e+00
-4.973167912889918441e+00
-4.973167855542413918e+00
-4.973167797629733933e+00
-4.973167739150928135e+00
-4.973167680105055943e+00
-4.973167620491173224e+00
-4.973167560308354496e+00
-4.973167499555666282e+00
-4.973167438232184878e+00
-4.973167376336998124e+00
-4.973167313869191197e+00
-4.973167250827860819e+00
-4.973167187212106377e+00
-4.973167123021029035e+00
-4.973167058253746831e+00
-4.973166992909374251e+00
-4.973166926987039993e+00
-4.973166860485871865e+00
-4.973166793405003006e+00
-4.973166725743584315e+00
-4.973166657500764032e+00
-4.973166588675696609e+00
-4.973166519267546271e+00
-4.973166449275486123e+00
-4.973166378698693713e+00
-4.973166307536350139e+00
-4.973166235787648048e+00
-4.973166163451792521e+00
-4.973166090527985084e+00
-4.973166017015443252e+00
-4.973165942913384541e+00
-4.973165868221046004e+00
-4.973165792937658480e+00
-4.973165717062472346e+00
-4.973165640594735315e+00
-4.973165563533715527e+00
-4.973165485878681125e+00
-4.973165407628911794e+00
-4.973165328783689887e+00
-4.973165249342313743e+00
-4.973165169304087918e+00
-4.973165088668324962e+00
-4.973165007434348084e+00
-4.973164925601484931e+00
-4.973164843169079141e+00
-4.973164760136475238e+00
-4.973164676503036397e+00
-4.973164592268129347e+00
-4.973164507431128811e+00
-4.973164421991423723e+00
-4.973164335948412784e+00
-4.973164249301497364e+00
-4.973164162050099257e+00
-4.973164074193637596e+00
-4.973163985731556380e+00
-4.973163896663300498e+00
-4.973163806988323721e+00
-4.973163716706097581e+00
-4.973163625816100719e+00
-4.973163534317815326e+00
-4.973163442210745799e+00
-4.973163349494401864e+00
-4.973163256168302127e+00
-4.973163162231984735e+00
-4.973163067684987837e+00
-4.973162972526862902e+00
-4.973162876757184492e+00
-4.973162780375520953e+00
-4.973162683381468163e+00
-4.973162585774623778e+00
-4.973162487554597000e+00
-4.973162388721015681e+00
-4.973162289273512116e+00
-4.973162189211736361e+00
-4.973162088535350023e+00
-4.973161987244020033e+00
-4.973161885337435528e+00
-4.973161782815293641e+00
-4.973161679677295943e+00
-4.973161575923171540e+00
-4.973161471552650426e+00
-4.973161366565481245e+00
-4.973161260961425079e+00
-4.973161154740252776e+00
-4.973161047901749399e+00
-4.973160940445714218e+00
-4.973160832371960716e+00
-4.973160723680313922e+00
-4.973160614370609522e+00
-4.973160504442700081e+00
-4.973160393896452369e+00
-4.973160282731744708e+00
-4.973160170948472292e+00
-4.973160058546533868e+00
-4.973159945525856607e+00
-4.973159831886374782e+00
-4.973159717628029775e+00
-4.973159602750788721e+00
-4.973159487254624977e+00
-4.973159371139531437e+00
-4.973159254405510765e+00
-4.973159137052578949e+00
-4.973159019080777732e+00
-4.973158900490146195e+00
-4.973158781280749174e+00
-4.973158661452663054e+00
-4.973158541005978428e+00
-4.973158419940807207e+00
-4.973158298257263965e+00
-4.973158175955483706e+00
-4.973158053035618309e+00
-4.973157929497834751e+00
-4.973157805342317772e+00
-4.973157680569254779e+00
-4.973157555178859823e+00
-4.973157429171359389e+00
-4.973157302546991509e+00
-4.973157175306018196e+00
-4.973157047448704127e+00
-4.973156918975341512e+00
-4.973156789886234108e+00
-4.973156660181692779e+00
-4.973156529862056807e+00
-4.973156398927675248e+00
-4.973156267378908701e+00
-4.973156135216136420e+00
-4.973156002439758083e+00
-4.973155869050185807e+00
-4.973155735047844139e+00
-4.973155600433172729e+00
-4.973155465206636094e+00
-4.973155329368705857e+00
-4.973155192919871403e+00
-4.973155055860641660e+00
-4.973154918191530882e+00
-4.973154779913087076e+00
-4.973154641025858247e+00
-4.973154501530413718e+00
-4.973154361427340575e+00
-4.973154220717236562e+00
-4.973154079400723404e+00
-4.973153937478433484e+00
-4.973153794951010731e+00
-4.973153651819126608e+00
-4.973153508083459684e+00
-4.973153363744707178e+00
-4.973153218803581410e+00
-4.973153073260812462e+00
-4.973152927117142852e+00
-4.973152780373331971e+00
-4.973152633030164083e+00
-4.973152485088423447e+00
-4.973152336548921859e+00
-4.973152187412486214e+00
-4.973152037679948734e+00
-4.973151887352173617e+00
-4.973151736430031278e+00
-4.973151584914401901e+00
-4.973151432806197647e+00
-4.973151280106331562e+00
-4.973151126815740675e+00
-4.973150972935372671e+00
-4.973150818466199219e+00
-4.973150663409193761e+00
-4.973150507765358164e+00
-4.973150351535704061e+00
-4.973150194721259076e+00
-4.973150037323065931e+00
-4.973149879342179780e+00
-4.973149720779678873e+00
-4.973149561636649452e+00
-4.973149401914197298e+00
-4.973149241613438853e+00
-4.973149080735511873e+00
-4.973148919281558555e+00
-4.973148757252747743e+00
-4.973148594650258936e+00
-4.973148431475279629e+00
-4.973148267729023075e+00
-4.973148103412707854e+00
-4.973147938527571199e+00
-4.973147773074867217e+00
-4.973147607055857122e+00
-4.973147440471823444e+00
-4.973147273324060258e+00
-4.973147105613868746e+00
-4.973146937342578511e+00
-4.973146768511517379e+00
-4.973146599122041600e+00
-4.973146429175509198e+00
-4.973146258673295961e+00
-4.973146087616790112e+00
-4.973145916007395861e+00
-4.973145743846526301e+00
-4.973145571135610510e+00
-4.973145397876096219e+00
-4.973145224069425829e+00
-4.973145049717071942e+00
-4.973144874820512484e+00
-4.973144699381237821e+00
-4.973144523400748973e+00
-4.973144346880565614e+00
-4.973144169822211857e+00
-4.973143992227226029e+00
-4.973143814097157112e+00
-4.973143635433571852e+00
-4.973143456238034332e+00
-4.973143276512137945e+00
-4.973143096257468088e+00
-4.973142915475635917e+00
-4.973142734168252588e+00
-4.973142552336947908e+00
-4.973142369983354349e+00
-4.973142187109122148e+00
-4.973142003715905979e+00
-4.973141819805368513e+00
-4.973141635379188408e+00
-4.973141450439045208e+00
-4.973141264986636223e+00
-4.973141079023662314e+00
-4.973140892551828784e+00
-4.973140705572865805e+00
-4.973140518088488449e+00
-4.973140330100438433e+00
-4.973140141610454812e+00
-4.973139952620291737e+00
-4.973139763131701585e+00
-4.973139573146454495e+00
-4.973139382666315278e+00
-4.973139191693066508e+00
-4.973139000228494311e+00
-4.973138808274383926e+00
-4.973138615832532139e+00
-4.973138422904742839e+00
-4.973138229492819917e+00
-4.973138035598578810e+00
-4.973137841223836730e+00
-4.973137646370414444e+00
-4.973137451040134493e+00
-4.973137255234830079e+00
-4.973137058956334400e+00
-4.973136862206485098e+00
-4.973136664987122479e+00
-4.973136467300087737e+00
-4.973136269147230060e+00
-4.973136070530394193e+00
-4.973135871451431100e+00
-4.973135671912195299e+00
-4.973135471914535977e+00
-4.973135271460314755e+00
-4.973135070551380821e+00
-4.973134869189587803e+00
-4.973134667376802653e+00
-4.973134465114871894e+00
-4.973134262405653594e+00
-4.973134059251004935e+00
-4.973133855652779545e+00
-4.973133651612824835e+00
-4.973133447132997098e+00
-4.973133242215143746e+00
-4.973133036861111300e+00
-4.973132831072740956e+00
-4.973132624851873906e+00
-4.973132418200351346e+00
-4.973132211120000257e+00
-4.973132003612652952e+00
-4.973131795680133749e+00
-4.973131587324259861e+00
-4.973131378546849390e+00
-4.973131169349708003e+00
-4.973130959734637813e+00
-4.973130749703440934e+00
-4.973130539257899940e+00
-4.973130328399796518e+00
-4.973130117130912353e+00
-4.973129905453012256e+00
-4.973129693367850379e+00
-4.973129480877179986e+00
-4.973129267982741020e+00
-4.973129054686264539e+00
-4.973128840989474497e+00
-4.973128626894077087e+00
-4.973128412401774945e+00
-4.973128197514260052e+00
-4.973127982233204847e+00
-4.973127766560274665e+00
-4.973127550497126848e+00
-4.973127334045399195e+00
-4.973127117206717962e+00
-4.973126899982697857e+00
-4.973126682374933161e+00
-4.973126464385011936e+00
-4.973126246014503593e+00
-4.973126027264961557e+00
-4.973125808137920600e+00
-4.973125588634905725e+00
-4.973125368757416176e+00
-4.973125148506943205e+00
-4.973124927884953195e+00
-4.973124706892899205e+00
-4.973124485532212091e+00
-4.973124263804305834e+00
-4.973124041710571319e+00
-4.973123819252380784e+00
-4.973123596431087812e+00
-4.973123373248022894e+00
-4.973123149704498758e+00
-4.973122925801795269e+00
-4.973122701541184298e+00
-4.973122476923901303e+00
-4.973122251951166639e+00
-4.973122026624174019e+00
-4.973121800944093174e+00
-4.973121574912063636e+00
-4.973121348529207175e+00
-4.973121121796614474e+00
-4.973120894715348683e+00
-4.973120667286449859e+00
-4.973120439510928747e+00
-4.973120211389762346e+00
-4.973119982923911664e+00
-4.973119754114287971e+00
-4.973119524961793658e+00
-4.973119295467291145e+00
-4.973119065631609992e+00
-4.973118835455552222e+00
-4.973118604939884335e+00
-4.973118374085345295e+00
-4.973118142892634097e+00
-4.973117911362421317e+00
-4.973117679495342003e+00
-4.973117447291993898e+00
-4.973117214752944548e+00
-4.973116981878717091e+00
-4.973116748669805354e+00
-4.973116515126666748e+00
-4.973116281249716053e+00
-4.973116047039329857e+00
-4.973115812495850996e+00
-4.973115577619577898e+00
-4.973115342410770801e+00
-4.973115106869649971e+00
-4.973114870996392156e+00
-4.973114634791135025e+00
-4.973114398253973611e+00
-4.973114161384956766e+00
-4.973113924184095147e+00
-4.973113686651350562e+00
-4.973113448786640411e+00
-4.973113210589838573e+00
-4.973112972060776293e+00
-4.973112733199232416e+00
-4.973112494004934270e+00
-4.973112254477579874e+00
-4.973112014616795307e+00
-4.973111774422171116e+00
-4.973111533893251668e+00
-4.973111293029518265e+00
-4.973111051830414908e+00
-4.973110810295325201e+00
-4.973110568423579458e+00
-4.973110326214460919e+00
-4.973110083667200421e+00
-4.973109840780968405e+00
-4.973109597554882910e+00
-4.973109353988011350e+00
-4.973109110079358075e+00
-4.973108865827880365e+00
-4.973108621232463555e+00
-4.973108376291948574e+00
-4.973108131005114174e+00
-4.973107885370676939e+00
-4.973107639387297496e+00
-4.973107393053571634e+00
-4.973107146368040077e+00
-4.973106899329176933e+00
-4.973106651935397693e+00
-4.973106404185046792e+00
-4.973106156076421591e+00
-4.973105907607735077e+00
-4.973105658777150495e+00
-4.973105409582755598e+00
-4.973105160022578630e+00
-4.973104910094579445e+00
-4.973104659796645954e+00
-4.973104409126606562e+00
-4.973104158082210624e+00
-4.973103906661147988e+00
-4.973103654861025014e+00
-4.973103402679394769e+00
-4.973103150113723281e+00
-4.973102897161411740e+00
-4.973102643819791169e+00
-4.973102390086108215e+00
-4.973102135957547354e+00
-4.973101881431212234e+00
-4.973101626504134565e+00
-4.973101371173262564e+00
-4.973101115435477837e+00
-4.973100859287574060e+00
-4.973100602726274744e+00
-4.973100345748223461e+00
-4.973100088349982073e+00
-4.973099830528028065e+00
-4.973099572278767866e+00
-4.973099313598520865e+00
-4.973099054483523851e+00
-4.973098794929934563e+00
-4.973098534933820147e+00
-4.973098274491174031e+00
-4.973098013597895495e+00
-4.973097752249800330e+00
-4.973097490442624391e+00
-4.973097228172008499e+00
-4.973096965433514427e+00
-4.973096702222604470e+00
-4.973096438534664543e+00
-4.973096174364983746e+00
-4.973095909708765028e+00
-4.973095644561116302e+00
-4.973095378917056664e+00
-4.973095112771512838e+00
-4.973094846119318291e+00
-4.973094578955216782e+00
-4.973094311273853485e+00
-4.973094043069777648e+00
-4.973093774337450590e+00
-4.973093505071231490e+00
-4.973093235265388046e+00
-4.973092964914078706e+00
-4.973092694011381987e+00
-4.973092422551264491e+00
-4.973092150527600452e+00
-4.973091877934155747e+00
-4.973091604764604767e+00
-4.973091331012523320e+00
-4.973091056671375298e+00
-4.973090781734524235e+00
-4.973090506195235960e+00
-4.973090230046671500e+00
-4.973089953281885300e+00
-4.973089675893825223e+00
-4.973089397875342321e+00
-4.973089119219171295e+00
-4.973088839917940263e+00
-4.973088559964185862e+00
-4.973088279350313279e+00
-4.973087998068642435e+00
-4.973087716111358247e+00
-4.973087433470561258e+00
-4.973087150138228552e+00
-4.973086866106226189e+00
-4.973086581366308323e+00
-4.973086295910124299e+00
-4.973086009729204449e+00
-4.973085722814963638e+00
-4.973085435158708378e+00
-4.973085146751629715e+00
-4.973084857584798790e+00
-4.973084567649175725e+00
-4.973084276935606063e+00
-4.973083985434810117e+00
-4.973083693137402506e+00
-4.973083400033867285e+00
-4.973083106114578378e+00
-4.973082811369791578e+00
-4.973082515789636560e+00
-4.973082219364123979e+00
-4.973081922083151696e+00
-4.973081623936487894e+00
-4.973081324913779078e+00
-4.973081025004554512e+00
-4.973080724198214675e+00
-4.973080422484045471e+00
-4.973080119851201353e+00
-4.973079816288708876e+00
-4.973079511785480022e+00
-4.973079206330295321e+00
-4.973078899911806516e+00
-4.973078592518549890e+00
-4.973078284138922278e+00
-4.973077974761195286e+00
-4.973077664373519724e+00
-4.973077352963912290e+00
-4.973077040520262670e+00
-4.973076727030329103e+00
-4.973076412481742814e+00
-4.973076096862000917e+00
-4.973075780158471737e+00
-4.973075462358395704e+00
-4.973075143448875579e+00
-4.973074823416887114e+00
-4.973074502249267503e+00
-4.973074179932726047e+00
-4.973073856453837926e+00
-4.973073531799044211e+00
-4.973073205954652742e+00
-4.973072878906827476e+00
-4.973072550641611578e+00
-4.973072221144905214e+00
-4.973071890402469997e+00
-4.973071558399936976e+00
-4.973071225122799532e+00
-4.973070890556411605e+00
-4.973070554685988576e+00
-4.973070217496612599e+00
-4.973069878973222835e+00
-4.973069539100623437e+00
-4.973069197863480895e+00
-4.973068855246320474e+00
-4.973068511233526223e+00
-4.973068165809341856e+00
-4.973067818957876085e+00
-4.973067470663095513e+00
-4.973067120908821970e+00
-4.973066769678736954e+00
-4.973066416956386071e+00
-4.973066062725170156e+00
-4.973065706968344379e+00
-4.973065349669028912e+00
-4.973064990810193819e+00
-4.973064630374672390e+00
-4.973064268345154915e+00
-4.973063904704180693e+00
-4.973063539434153135e+00
-4.973063172517332653e+00
-4.973062803935833109e+00
-4.973062433671622706e+00
-4.973062061706525760e+00
-4.973061688022222704e+00
-4.973061312600255413e+00
-4.973060935422007667e+00
-4.973060556468734461e+00
-4.973060175721528253e+00
-4.973059793161347386e+00
-4.973059408768999212e+00
-4.973059022525156969e+00
-4.973058634410332246e+00
-4.973058244404896300e+00
-4.973057852489079167e+00
-4.973057458642959006e+00
-4.973057062846470977e+00
-4.973056665079400140e+00
-4.973056265321390335e+00
-4.973055863551933520e+00
-4.973055459750376883e+00
-4.973055053895921063e+00
-4.973054645967624587e+00
-4.973054235944390555e+00
-4.973053823804981732e+00
-4.973053409528005453e+00
-4.973052993091934937e+00
-4.973052574475088861e+00
-4.973052153655636687e+00
-4.973051730611604881e+00
-4.973051305320874249e+00
-4.973050877761173716e+00
-4.973050447910089211e+00
-4.973050015745059227e+00
-4.973049581243378370e+00
-4.973049144382182263e+00
-4.973048705138475967e+00
-4.973048263489107335e+00
-4.973047819410783887e+00
-4.973047372880058603e+00
-4.973046923873345904e+00
-4.973046472366912774e+00
-4.973046018336877871e+00
-4.973045561759212418e+00
-4.973045102609749080e+00
-4.973044640864162425e+00
-4.973044176497992908e+00
-4.973043709486632658e+00
-4.973043239805321925e+00
-4.973042767429167732e+00
-4.973042292333123449e+00
-4.973041814491996782e+00
-4.973041333880459547e+00
-4.973040850473032570e+00
-4.973040364244094569e+00
-4.973039875167876822e+00
-4.973039383218474718e+00
-4.973038888369834432e+00
-4.973038390595761804e+00
-4.973037889869917905e+00
-4.973037386165824358e+00
-4.973036879456861570e+00
-4.973036369716258065e+00
-4.973035856917112696e+00
-4.973035341032380430e+00
-4.973034822034874125e+00
-4.973034299897260091e+00
-4.973033774592077627e+00
-4.973033246091711490e+00
-4.973032714368423868e+00
-4.973032179394322405e+00
-4.973031641141378856e+00
-4.973031099581438852e+00
-4.973030554686195259e+00
-4.973030006427214822e+00
-4.973029454775915958e+00
-4.973028899703592742e+00
-4.973028341181396250e+00
-4.973027779180341668e+00
-4.973027213671309177e+00
-4.973026644625049286e+00
-4.973026072012173948e+00
-4.973025495803162777e+00
-4.973024915968362158e+00
-4.973024332477982590e+00
-4.973023745302104892e+00
-4.973023154410684654e+00
-4.973022559773536244e+00
-4.973021961360347021e+00
-4.973021359140680886e+00
-4.973020753083960521e+00
-4.973020143159491369e+00
-4.973019529336441202e+00
-4.973018911583862334e+00
-4.973018289870665853e+00
-4.973017664165643836e+00
-4.973017034437464012e+00
-4.973016400654670655e+00
-4.973015762785673921e+00
-4.973015120798773836e+00
-4.973014474662133644e+00
-4.973013824343806455e+00
-4.973013169811718370e+00
-4.973012511033673810e+00
-4.973011847977355515e+00
-4.973011180610332538e+00
-4.973010508900047810e+00
-4.973009832813835018e+00
-4.973009152318903503e+00
-4.973008467382349806e+00
-4.973007777971153232e+00
-4.973007084052174953e+00
-4.973006385592168677e+00
-4.973005682557772644e+00
-4.973004974915511411e+00
-4.973004262631797623e+00
-4.973003545672929349e+00
-4.973002824005102518e+00
-4.973002097594398485e+00
-4.973001366406792023e+00
-4.973000630408151324e+00
-4.972999889564237108e+00
-4.972999143840699965e+00
-4.972998393203091894e+00
-4.972997637616860089e+00
-4.972996877047346942e+00
-4.972996111459791813e+00
-4.972995340819336363e+00
-4.972994565091015673e+00
-4.972993784239776005e+00
-4.972992998230451711e+00
-4.972992207027790101e+00
-4.972991410596441675e+00
-4.972990608900953902e+00
-4.972989801905788099e+00
-4.972988989575306107e+00
-4.972988171873782726e+00
-4.972987348765397719e+00
-4.972986520214235817e+00
-4.972985686184304477e+00
-4.972984846639516121e+00
-4.972984001543690802e+00
-4.972983150860569523e+00
-4.972982294553804472e+00
-4.972981432586970563e+00
-4.972980564923545899e+00
-4.972979691526942858e+00
-4.972978812360482337e+00
-4.972977927387405295e+00
-4.972977036570881637e+00
-4.972976139873995116e+00
-4.972975237259760206e+00
-4.972974328691113222e+00
-4.972973414130914094e+00
-4.972972493541951700e+00
-4.972971566886947414e+00
-4.972970634128544454e+00
-4.972969695229321196e+00
-4.972968750151787631e+00
-4.972967798858384469e+00
-4.972966841311489361e+00
-4.972965877473413343e+00
-4.972964907306405280e+00
-4.972963930772646535e+00
-4.972962947834267844e+00
-4.972961958453331555e+00
-4.972960962591846723e+00
-4.972959960211761121e+00
-4.972958951274968342e+00
-4.972957935743304247e+00
-4.972956913578560290e+00
-4.972955884742463084e+00
-4.972954849196696614e+00
-4.972953806902891571e+00
-4.972952757822637793e+00
-4.972951701917470935e+00
-4.972950639148875140e+00
-4.972949569478305243e+00
-4.972948492867160120e+00
-4.972947409276804898e+00
-4.972946318668556742e+00
-4.972945221003705285e+00
-4.972944116243489532e+00
-4.972943004349116514e+00
-4.972941885281765728e+00
-4.972940759002572264e+00
-4.972939625472643677e+00
-4.972938484653059099e+00
-4.972937336504860362e+00
-4.972936180989070643e+00
-4.972935018066680257e+00
-4.972933847698656429e+00
-4.972932669845938847e+00
-4.972931484469450325e+00
-4.972930291530091473e+00
-4.972929090988737144e+00
-4.972927882806248867e+00
-4.972926666943470408e+00
-4.972925443361233100e+00
-4.972924212020348733e+00
-4.972922972881621106e+00
-4.972921725905838031e+00
-4.972920471053783764e+00
-4.972919208286227466e+00
-4.972917937563936519e+00
-4.972916658847672089e+00
-4.972915372098194453e+00
-4.972914077276254119e+00
-4.972912774342605147e+00
-4.972911463258002485e+00
-4.972910143983202857e+00
-4.972908816478964766e+00
-4.972907480706054706e+00
-4.972906136625243612e+00
-4.972904784197311301e+00
-4.972903423383048249e+00
-4.972902054143253814e+00
-4.972900676438738898e+00
-4.972899290230333946e+00
-4.972897895478880947e+00
-4.972896492145236991e+00
-4.972895080190282258e+00
-4.972893659574916470e+00
-4.972892230260058000e+00
-4.972890792206652755e+00
-4.972889345375667958e+00
-4.972887889728098365e+00
-4.972886425224961826e+00
-4.972884951827319711e+00
-4.972883469496250264e+00
-4.972881978192864594e+00
-4.972880477878318217e+00
-4.972878968513796849e+00
-4.972877450060516402e+00
-4.972875922479741639e+00
-4.972874385732775515e+00
-4.972872839780957399e+00
-4.972871284585674623e+00
-4.972869720108360703e+00
-4.972868146310488235e+00
-4.972866563153588437e+00
-4.972864970599234269e+00
-4.972863368609051982e+00
-4.972861757144721118e+00
-4.972860136167980727e+00
-4.972858505640610716e+00
-4.972856865524461156e+00
-4.972855215781443405e+00
-4.972853556373520334e+00
-4.972851887262718762e+00
-4.972850208411136563e+00
-4.972848519780926679e+00
-4.972846821334319323e+00
-4.972845113033601550e+00
-4.972843394841141240e+00
-4.972841666719370224e+00
-4.972839928630801154e+00
-4.972838180538012409e+00
-4.972836422403666745e+00
-4.972834654190497972e+00
-4.972832875861328716e+00
-4.972831087379048220e+00
-4.972829288706641648e+00
-4.972827479807174988e+00
-4.972825660643795054e+00
-4.972823831179742804e+00
-4.972821991378342688e+00
-4.972820141203013300e+00
-4.972818280617262943e+00
-4.972816409584690511e+00
-4.972814528069000595e+00
-4.972812636033984823e+00
-4.972810733443536080e+00
-4.972808820261644946e+00
-4.972806896452407699e+00
-4.972804961980021865e+00
-4.972803016808785337e+00
-4.972801060903110582e+00
-4.972799094227507766e+00
-4.972797116746602519e+00
-4.972795128425132383e+00
-4.972793129227943254e+00
-4.972791119119994718e+00
-4.972789098066364488e+00
-4.972787066032243075e+00
-4.972785022982943559e+00
-4.972782968883897148e+00
-4.972780903700657618e+00
-4.972778827398894208e+00
-4.972776739944413826e+00
-4.972774641303137955e+00
-4.972772531441123967e+00
-4.972770410324548251e+00
-4.972768277919730195e+00
-4.972766134193109977e+00
-4.972763979111266330e+00
-4.972761812640913881e+00
-4.972759634748897817e+00
-4.972757445402208987e+00
-4.972755244567974131e+00
-4.972753032213462099e+00
-4.972750808306076742e+00
-4.972748572813376455e+00
-4.972746325703059966e+00
-4.972744066942970775e+00
-4.972741796501106926e+00
-4.972739514345605905e+00
-4.972737220444764183e+00
-4.972734914767031889e+00
-4.972732597281003919e+00
-4.972730267955442152e+00
-4.972727926759255013e+00
-4.972725573661516130e+00
-4.972723208631454561e+00
-4.972720831638461014e+00
-4.972718442652093174e+00
-4.972716041642063267e+00
-4.972713628578261158e+00
-4.972711203430726812e+00
-4.972708766169683159e+00
-4.972706316765517442e+00
-4.972703855188782995e+00
-4.972701381410210786e+00
-4.972698895400701424e+00
-4.972696397131335821e+00
-4.972693886573362754e+00
-4.972691363698211298e+00
-4.972688828477496159e+00
-4.972686280883000798e+00
-4.972683720886697856e+00
-4.972681148460740275e+00
-4.972678563577461297e+00
-4.972675966209384235e+00
-4.972673356329215366e+00
-4.972670733909853702e+00
-4.972668098924382996e+00
-4.972665451346072629e+00
-4.972662791148394490e+00
-4.972660118305006094e+00
-4.972657432789755028e+00
-4.972654734576696711e+00
-4.972652023640069530e+00
-4.972649299954318813e+00
-4.972646563494079963e+00
-4.972643814234197990e+00
-4.972641052149706198e+00
-4.972638277215856384e+00
-4.972635489408093967e+00
-4.972632688702065984e+00
-4.972629875073630856e+00
-4.972627048498855729e+00
-4.972624208954008473e+00
-4.972621356415571903e+00
-4.972618490860233109e+00
-4.972615612264901230e+00
-4.972612720606685244e+00
-4.972609815862917060e+00
-4.972606898011136423e+00
-4.972603967029104233e+00
-4.972601022894791001e+00
-4.972598065586389282e+00
-4.972595095082316341e+00
-4.972592111361199052e+00
-4.972589114401887223e+00
-4.972586104183456257e+00
-4.972583080685201828e+00
-4.972580043886644319e+00
-4.972576993767527931e+00
-4.972573930307819801e+00
-4.972570853487718878e+00
-4.972567763287647047e+00
-4.972564659688260669e+00
-4.972561542670437262e+00
-4.972558412215291490e+00
-4.972555268304164500e+00
-4.972552110918631030e+00
-4.972548940040498522e+00
-4.972545755651813337e+00
-4.972542557734847435e+00
-4.972539346272116134e+00
-4.972536121246357688e+00
-4.972532882640569696e+00
-4.972529630437971804e+00
-4.972526364622019024e+00
-4.972523085176418611e+00
-4.972519792085110524e+00
-4.972516485332277192e+00
-4.972513164902339966e+00
-4.972509830779969775e+00
-4.972506482950077356e+00
-4.972503121397807924e+00
-4.972499746108566043e+00
-4.972496357067996975e+00
-4.972492954261987563e+00
-4.972489537676671567e+00
-4.972486107298436764e+00
-4.972482663113908963e+00
-4.972479205109973321e+00
-4.972475733273755694e+00
-4.972472247592639505e+00
-4.972468748054249765e+00
-4.972465234646463728e+00
-4.972461707357419769e+00
-4.972458166175496075e+00
-4.972454611089336396e+00
-4.972451042087818074e+00
-4.972447459160093786e+00
-4.972443862295558681e+00
-4.972440251483861040e+00
-4.972436626714912045e+00
-4.972432987978873342e+00
-4.972429335266160599e+00
-4.972425668567448831e+00
-4.972421987873672400e+00
-4.972418293176022352e+00
-4.972414584465937537e+00
-4.972410861735128584e+00
-4.972407124975558368e+00
-4.972403374179449109e+00
-4.972399609339279714e+00
-4.972395830447793763e+00
-4.972392037497987971e+00
-4.972388230483125504e+00
-4.972384409396728877e+00
-4.972380574232578176e+00
-4.972376724984715501e+00
-4.972372861647443187e+00
-4.972368984215332688e+00
-4.972365092683204146e+00
-4.972361187046152153e+00
-4.972357267299519989e+00
-4.972353333438928935e+00
-4.972349385460251625e+00
-4.972345423359627148e+00
-4.972341447133455716e+00
-4.972337456778403109e+00
-4.972333452291395339e+00
-4.972329433669622212e+00
-4.972325400910536430e+00
-4.972321354011860706e+00
-4.972317292971565550e+00
-4.972313217787905693e+00
-4.972309128459376559e+00
-4.972305024984759569e+00
-4.972300907363082167e+00
-4.972296775593645357e+00
-4.972292629676009490e+00
-4.972288469609996930e+00
-4.972284295395699161e+00
-4.972280107033467011e+00
-4.972275904523915990e+00
-4.972271687867920065e+00
-4.972267457066624097e+00
-4.972263212121432296e+00
-4.972258953034014439e+00
-4.972254679806293431e+00
-4.972250392440469291e+00
-4.972246090938993390e+00
-4.972241775304581779e+00
-4.972237445540220513e+00
-4.972233101649147002e+00
-4.972228743634864223e+00
-4.972224371501136275e+00
-4.972219985251994601e+00
-4.972215584891721107e+00
-4.972211170424864157e+00
-4.972206741856233236e+00
-4.972202299190895403e+00
-4.972197842434183279e+00
-4.972193371591679067e+00
-4.972188886669236751e+00
-4.972184387672959005e+00
-4.972179874609209627e+00
-4.972175347484608210e+00
-4.972170806306044355e+00
-4.972166251080651023e+00
-4.972161681815818746e+00
-4.972157098519208951e+00
-4.972152501198719321e+00
-4.972147889862521097e+00
-4.972143264519028882e+00
-4.972138625176915738e+00
-4.972133971845113187e+00
-4.972129304532797889e+00
-4.972124623249406739e+00
-4.972119928004630651e+00
-4.972115218808403014e+00
-4.972110495670917452e+00
-4.972105758602617165e+00
-4.972101007614195822e+00
-4.972096242716599335e+00
-4.972091463921014309e+00
-4.972086671238884037e+00
-4.972081864681900498e+00
-4.972077044261999035e+00
-4.972072209991362790e+00
-4.972067361882420045e+00
-4.972062499947852210e+00
-4.972057624200575177e+00
-4.972052734653753525e+00
-4.972047831320800526e+00
-4.972042914215362153e+00
-4.972037983351336621e+00
-4.972033038742853073e+00
-4.972028080404292005e+00
-4.972023108350263065e+00
-4.972018122595628142e+00
-4.972013123155472947e+00
-4.972008110045127438e+00
-4.972003083280164937e+00
-4.971998042876382584e+00
-4.971992988849822659e+00
-4.971987921216750372e+00
-4.971982839993676961e+00
-4.971977745197339260e+00
-4.971972636844707694e+00
-4.971967514952980949e+00
-4.971962379539590415e+00
-4.971957230622196633e+00
-4.971952068218687515e+00
-4.971946892347177460e+00
-4.971941703026009129e+00
-4.971936500273746340e+00
-4.971931284109183835e+00
-4.971926054551333962e+00
-4.971920811619432889e+00
-4.971915555332944159e+00
-4.971910285711543587e+00
-4.971905002775125482e+00
-4.971899706543815078e+00
-4.971894397037942781e+00
-4.971889074278061926e+00
-4.971883738284940790e+00
-4.971878389079554594e+00
-4.971873026683105934e+00
-4.971867651116995468e+00
-4.971862262402845012e+00
-4.971856860562483327e+00
-4.971851445617943455e+00
-4.971846017591476041e+00
-4.971840576505536013e+00
-4.971835122382771921e+00
-4.971829655246052582e+00
-4.971824175118444877e+00
-4.971818682023221747e+00
-4.971813175983847977e+00
-4.971807657023990856e+00
-4.971802125167526398e+00
-4.971796580438518021e+00
-4.971791022861234310e+00
-4.971785452460128596e+00
-4.971779869259859375e+00
-4.971774273285266332e+00
-4.971768664561389883e+00
-4.971763043113463176e+00
-4.971757408966904102e+00
-4.971751762147315290e+00
-4.971746102680492996e+00
-4.971740430592412885e+00
-4.971734745909245134e+00
-4.971729048657330452e+00
-4.971723338863202279e+00
-4.971717616553561037e+00
-4.971711881755307871e+00
-4.971706134495500251e+00
-4.971700374801389266e+00
-4.971694602700385879e+00
-4.971688818220089345e+00
-4.971683021388266788e+00
-4.971677212232851417e+00
-4.971671390781956745e+00
-4.971665557063856156e+00
-4.971659711106996227e+00
-4.971653852939986962e+00
-4.971647982591608006e+00
-4.971642100090796212e+00
-4.971636205466654523e+00
-4.971630298748445753e+00
-4.971624379965593477e+00
-4.971618449147676699e+00
-4.971612506324433411e+00
-4.971606551525759699e+00
-4.971600584781698196e+00
-4.971594606122451410e+00
-4.971588615578369286e+00
-4.971582613179951871e+00
-4.971576598957851090e+00
-4.971570572942861865e+00
-4.971564535165927445e+00
-4.971558485658133186e+00
-4.971552424450708330e+00
-4.971546351575025113e+00
-4.971540267062595220e+00
-4.971534170945062669e+00
-4.971528063254220697e+00
-4.971521944021988659e+00
-4.971515813280422691e+00
-4.971509671061713043e+00
-4.971503517398181415e+00
-4.971497352322273855e+00
-4.971491175866576739e+00
-4.971484988063792798e+00
-4.971478788946757099e+00
-4.971472578548419285e+00
-4.971466356901866668e+00
-4.971460124040293138e+00
-4.971453879997021374e+00
-4.971447624805487742e+00
-4.971441358499248508e+00
-4.971435081111975407e+00
-4.971428792677450303e+00
-4.971422493229573192e+00
-4.971416182802347095e+00
-4.971409861429891386e+00
-4.971403529146432021e+00
-4.971397185986300649e+00
-4.971390831983929282e+00
-4.971384467173867172e+00
-4.971378091590749726e+00
-4.971371705269322483e+00
-4.971365308244423353e+00
-4.971358900550996829e+00
-4.971352482224071778e+00
-4.971346053298785428e+00
-4.971339613810357605e+00
-4.971333163794103172e+00
-4.971326703285428472e+00
-4.971320232319820676e+00
-4.971313750932869091e+00
-4.971307259160234082e+00
-4.971300757037669271e+00
-4.971294244601003776e+00
-4.971287721886155531e+00
-4.971281188929117079e+00
-4.971274645765963562e+00
-4.971268092432834962e+00
-4.971261528965964516e+00
-4.971254955401642306e+00
-4.971248371776242791e+00
-4.971241778126206157e+00
-4.971235174488037423e+00
-4.971228560898321547e+00
-4.971221937393690560e+00
-4.971215304010860869e+00
-4.971208660786603062e+00
-4.971202007757749897e+00
-4.971195344961191864e+00
-4.971188672433885181e+00
-4.971181990212838464e+00
-4.971175298335115400e+00
-4.971168596837834741e+00
-4.971161885758171195e+00
-4.971155165133346543e+00
-4.971148435000634080e+00
-4.971141695397358617e+00
-4.971134946360890261e+00
-4.971128187928639086e+00
-4.971121420138065794e+00
-4.971114643026670166e+00
-4.971107856631998168e+00
-4.971101060991628628e+00
-4.971094256143180345e+00
-4.971087442124310307e+00
-4.971080618972715470e+00
-4.971073786726114996e+00
-4.971066945422271566e+00
-4.971060095098970955e+00
-4.971053235794034464e+00
-4.971046367545305600e+00
-4.971039490390663396e+00
-4.971032604367998431e+00
-4.971025709515239477e+00
-4.971018805870325075e+00
-4.971011893471223075e+00
-4.971004972355918206e+00
-4.970998042562416508e+00
-4.970991104128731131e+00
-4.970984157092898315e+00
-4.970977201492970288e+00
-4.970970237367003719e+00
-4.970963264753074817e+00
-4.970956283689261568e+00
-4.970949294213655278e+00
-4.970942296364350810e+00
-4.970935290179454569e+00
-4.970928275697066745e+00
-4.970921252955299963e+00
-4.970914221992267734e+00
-4.970907182846072914e+00
-4.970900135554828125e+00
-4.970893080156643329e+00
-4.970886016689614273e+00
-4.970878945191840259e+00
-4.970871865701414372e+00
-4.970864778256413707e+00
-4.970857682894913587e+00
-4.970850579654976897e+00
-4.970843468574651425e+00
-4.970836349691969858e+00
-4.970829223044964884e+00
-4.970822088671633665e+00
-4.970814946609962703e+00
-4.970807796897929620e+00
-4.970800639573478286e+00
-4.970793474674542800e+00
-4.970786302239021737e+00
-4.970779122304809228e+00
-4.970771934909753220e+00
-4.970764740091688338e+00
-4.970757537888418121e+00
-4.970750328337721236e+00
-4.970743111477339937e+00
-4.970735887344988946e+00
-4.970728655978351007e+00
-4.970721417415073340e+00
-4.970714171692769412e+00
-4.970706918849016276e+00
-4.970699658921354569e+00
-4.970692391947285849e+00
-4.970685117964270816e+00
-4.970677837009731981e+00
-4.970670549121045667e+00
-4.970663254335548231e+00
-4.970655952690533397e+00
-4.970648644223241597e+00
-4.970641328970880402e+00
-4.970634006970593433e+00
-4.970626678259483455e+00
-4.970619342874607050e+00
-4.970612000852960399e+00
-4.970604652231496168e+00
-4.970597297047106622e+00
-4.970589935336630738e+00
-4.970582567136855978e+00
-4.970575192484508520e+00
-4.970567811416259474e+00
-4.970560423968722219e+00
-4.970553030178445297e+00
-4.970545630081917743e+00
-4.970538223715570858e+00
-4.970530811115768444e+00
-4.970523392318809464e+00
-4.970515967360935150e+00
-4.970508536278309464e+00
-4.970501099107034193e+00
-4.970493655883145401e+00
-4.970486206642606319e+00
-4.970478751421312680e+00
-4.970471290255086494e+00
-4.970463823179679608e+00
-4.970456350230766596e+00
-4.970448871443953642e+00
-4.970441386854770549e+00
-4.970433896498668958e+00
-4.970426400411022350e+00
-4.970418898627126936e+00
-4.970411391182204319e+00
-4.970403878111394391e+00
-4.970396359449751778e+00
-4.970388835232252944e+00
-4.970381305493794422e+00
-4.970373770269187474e+00
-4.970366229593157215e+00
-4.970358683500346153e+00
-4.970351132025309759e+00
-4.970343575202516462e+00
-4.970336013066344982e+00
-4.970328445651092331e+00
-4.970320872990963146e+00
-4.970313295120066144e+00
-4.970305712072427440e+00
-4.970298123881978114e+00
-4.970290530582550659e+00
-4.970282932207898519e+00
-4.970275328791669445e+00
-4.970267720367417930e+00
-4.970260106968606095e+00
-4.970252488628601029e+00
-4.970244865380665900e+00
-4.970237237257973284e+00
-4.970229604293596282e+00
-4.970221966520500523e+00
-4.970214323971565484e+00
-4.970206676679556068e+00
-4.970199024677151023e+00
-4.970191367996911858e+00
-4.970183706671304158e+00
-4.970176040732692258e+00
-4.970168370213338349e+00
-4.970160695145388274e+00
-4.970153015560895504e+00
-4.970145331491804264e+00
-4.970137642969947755e+00
-4.970129950027057042e+00
-4.970122252694751275e+00
-4.970114551004546577e+00
-4.970106844987847161e+00
-4.970099134675949770e+00
-4.970091420100031243e+00
-4.970083701291177825e+00
-4.970075978280346085e+00
-4.970068251098386014e+00
-4.970060519776044572e+00
-4.970052784343941710e+00
-4.970045044832594350e+00
-4.970037301272403951e+00
-4.970029553693651181e+00
-4.970021802126516342e+00
-4.970014046601044733e+00
-4.970006287147183066e+00
-4.969998523794758150e+00
-4.969990756573473334e+00
-4.969982985512920060e+00
-4.969975210642570751e+00
-4.969967431991785034e+00
-4.969959649589797301e+00
-4.969951863465728259e+00
-4.969944073648572491e+00
-4.969936280167216225e+00
-4.969928483050417789e+00
-4.969920682326817385e+00
-4.969912878024934422e+00
-4.969905070173168404e+00
-4.969897258799793605e+00
-4.969889443932968831e+00
-4.969881625600724995e+00
-4.969873803830979320e+00
-4.969865978651515803e+00
-4.969858150090000315e+00
-4.969850318173978820e+00
-4.969842482930865835e+00
-4.969834644387963962e+00
-4.969826802572440805e+00
-4.969818957511344948e+00
-4.969811109231593527e+00
-4.969803257759991766e+00
-4.969795403123208999e+00
-4.969787545347794655e+00
-4.969779684460167601e+00
-4.969771820486630354e+00
-4.969763953453346872e+00
-4.969756083386363876e+00
-4.969748210311600189e+00
-4.969740334254848513e+00
-4.969732455241770985e+00
-4.969724573297905401e+00
-4.969716688448666098e+00
-4.969708800719336850e+00
-4.969700910135069982e+00
-4.969693016720900580e+00
-4.969685120501724285e+00
-4.969677221502319497e+00
-4.969669319747332281e+00
-4.969661415261279913e+00
-4.969653508068553549e+00
-4.969645598193413782e+00
-4.969637685659995974e+00
-4.969629770492309362e+00
-4.969621852714225518e+00
-4.969613932349498775e+00
-4.969606009421748460e+00
-4.969598083954465118e+00
-4.969590155971017609e+00
-4.969582225494636241e+00
-4.969574292548430527e+00
-4.969566357155382086e+00
-4.969558419338335753e+00
-4.969550479120014685e+00
-4.969542536523009701e+00
-4.969534591569792603e+00
-4.969526644282691308e+00
-4.969518694683916493e+00
-4.969510742795546498e+00
-4.969502788639533541e+00
-4.969494832237699278e+00
-4.969486873611731248e+00
-4.969478912783205082e+00
-4.969470949773552526e+00
-4.969462984604080091e+00
-4.969455017295976162e+00
-4.969447047870289680e+00
-4.969439076347949680e+00
-4.969431102749751084e+00
-4.969423127096361803e+00
-4.969415149408328070e+00
-4.969407169706066441e+00
-4.969399188009862911e+00
-4.969391204339876467e+00
-4.969383218716144412e+00
-4.969375231158573492e+00
-4.969367241686939884e+00
-4.969359250320902532e+00
-4.969351257079985373e+00
-4.969343261983593329e+00
-4.969335265050996320e+00
-4.969327266301347912e+00
-4.969319265753667558e+00
-4.969311263426858361e+00
-4.969303259339691081e+00
-4.969295253510810362e+00
-4.969287245958741828e+00
-4.969279236701887648e+00
-4.969271225758511434e+00
-4.969263213146772884e+00
-4.969255198884691360e+00
-4.969247182990168099e+00
-4.969239165480985321e+00
-4.969231146374794683e+00
-4.969223125689131493e+00
-4.969215103441398718e+00
-4.969207079648889192e+00
-4.969199054328763410e+00
-4.969191027498064628e+00
-4.969182999173711757e+00
-4.969174969372505579e+00
-4.969166938111127862e+00
-4.969158905406128035e+00
-4.969150871273945391e+00
-4.969142835730895769e+00
-4.969134798793177765e+00
-4.969126760476866522e+00
-4.969118720797921718e+00
-4.969110679772174244e+00
-4.969102637415349299e+00
-4.969094593743045074e+00
-4.969086548770744294e+00
-4.969078502513813334e+00
-4.969070454987502217e+00
-4.969062406206933069e+00
-4.969054356187127652e+00
-4.969046304942980719e+00
-4.969038252489272445e+00
-4.969030198840671986e+00
-4.969022144011719710e+00
-4.969014088016863617e+00
-4.969006030870417590e+00
-4.968997972586585377e+00
-4.968989913179465034e+00
-4.968981852663029386e+00
-4.968973791051148226e+00
-4.968965728357576772e+00
-4.968957664595948565e+00
-4.968949599779797666e+00
-4.968941533922540010e+00
-4.968933467037476071e+00
-4.968925399137808618e+00
-4.968917330236616969e+00
-4.968909260346878298e+00
-4.968901189481453429e+00
-4.968893117653103708e+00
-4.968885044874471468e+00
-4.968876971158096012e+00
-4.968868896516407396e+00
-4.968860820961729097e+00
-4.968852744506279784e+00
-4.968844667162163553e+00
-4.968836588941384136e+00
-4.968828509855840458e+00
-4.968820429917321313e+00
-4.968812349137515127e+00
-4.968804267528002860e+00
-4.968796185100262441e+00
-4.968788101865668771e+00
-4.968780017835489282e+00
-4.968771933020893705e+00
-4.968763847432948744e+00
-4.968755761082614519e+00
-4.968747673980762336e+00
-4.968739586138138264e+00
-4.968731497565417321e+00
-4.968723408273149289e+00
-4.968715318271801351e+00
-4.968707227571727891e+00
-4.968699136183203358e+00
-4.968691044116381406e+00
-4.968682951381332202e+00
-4.968674857988024662e+00
-4.968666763946330889e+00
-4.968658669266029726e+00
-4.968650573956794325e+00
-4.968642478028212572e+00
-4.968634381489776430e+00
-4.968626284350877498e+00
-4.968618186620815003e+00
-4.968610088308802020e+00
-4.968601989423943266e+00
-4.968593889975265299e+00
-4.968585789971696975e+00
-4.968577689422073895e+00
-4.968569588335141951e+00
-4.968561486719559106e+00
-4.968553384583882959e+00
-4.968545281936598279e+00
-4.968537178786079700e+00
-4.968529075140635243e+00
-4.968520971008462794e+00
-4.968512866397690075e+00
-4.968504761316344442e+00
-4.968496655772377757e+00
-4.968488549773645069e+00
-4.968480443327923268e+00
-4.968472336442894211e+00
-4.968464229126170473e+00
-4.968456121385263380e+00
-4.968448013227611426e+00
-4.968439904660559847e+00
-4.968431795691385489e+00
-4.968423686327266608e+00
-4.968415576575310411e+00
-4.968407466442535281e+00
-4.968399355935883221e+00
-4.968391245062215411e+00
-4.968383133828308651e+00
-4.968375022240868688e+00
-4.968366910306509787e+00
-4.968358798031779600e+00
-4.968350685423137847e+00
-4.968342572486975861e+00
-4.968334459229598821e+00
-4.968326345657241738e+00
-4.968318231776059690e+00
-4.968310117592131370e+00
-4.968302003111464415e+00
-4.968293888339989195e+00
-4.968285773283563245e+00
-4.968277657947967718e+00
-4.968269542338907385e+00
-4.968261426462023067e+00
-4.968253310322880090e+00
-4.968245193926962955e+00
-4.968237077279702874e+00
-4.968228960386442239e+00
-4.968220843252459495e+00
-4.968212725882969139e+00
-4.968204608283108392e+00
-4.968196490457946091e+00
-4.968188372412488896e+00
-4.968180254151667086e+00
-4.968172135680349655e+00
-4.968164017003338095e+00
-4.968155898125362846e+00
-4.968147779051090396e+00
-4.968139659785127726e+00
-4.968131540332005436e+00
-4.968123420696194614e+00
-4.968115300882110397e+00
-4.968107180894088870e+00
-4.968099060736417272e+00
-4.968090940413306456e+00
-4.968082819928916649e+00
-4.968074699287339691e+00
-4.968066578492610574e+00
-4.968058457548696794e+00
-4.968050336459517879e+00
-4.968042215228916980e+00
-4.968034093860683953e+00
-4.968025972358559805e+00
-4.968017850726216267e+00
-4.968009728967265559e+00
-4.968001607085267501e+00
-4.967993485083728622e+00
-4.967985362966089724e+00
-4.967977240735740097e+00
-4.967969118396012185e+00
-4.967960995950184255e+00
-4.967952873401479508e+00
-4.967944750753067851e+00
-4.967936628008061462e+00
-4.967928505169521003e+00
-4.967920382240455623e+00
-4.967912259223820293e+00
-4.967904136122522019e+00
-4.967896012939410078e+00
-4.967887889677283120e+00
-4.967879766338893610e+00
-4.967871642926942499e+00
-4.967863519444076559e+00
-4.967855395892902592e+00
-4.967847272275964343e+00
-4.967839148595772691e+00
-4.967831024854775457e+00
-4.967822901055384932e+00
-4.967814777199958343e+00
-4.967806653290817387e+00
-4.967798529330221591e+00
-4.967790405320395841e+00
-4.967782281263514399e+00
-4.967774157161711557e+00
-4.967766033017072758e+00
-4.967757908831644365e+00
-4.967749784607423003e+00
-4.967741660346363552e+00
-4.967733536050379151e+00
-4.967725411721347406e+00
-4.967717287361089085e+00
-4.967709162971396530e+00
-4.967701038554016790e+00
-4.967692914110656943e+00
-4.967684789642979659e+00
-4.967676665152615634e+00
-4.967668540641151154e+00
-4.967660416110131649e+00
-4.967652291561069688e+00
-4.967644166995436095e+00
-4.967636042414664388e+00
-4.967627917820152561e+00
-4.967619793213261303e+00
-4.967611668595315777e+00
-4.967603543967601176e+00
-4.967595419331374273e+00
-4.967587294687849209e+00
-4.967579170038211700e+00
-4.967571045383605721e+00
-4.967562920725150377e+00
-4.967554796063926581e+00
-4.967546671400983271e+00
-4.967538546737334748e+00
-4.967530422073966889e+00
-4.967522297411830046e+00
-4.967514172751845258e+00
-4.967506048094903370e+00
-4.967497923441864138e+00
-4.967489798793551792e+00
-4.967481674150773685e+00
-4.967473549514296316e+00
-4.967465424884862202e+00
-4.967457300263180109e+00
-4.967449175649938375e+00
-4.967441051045794254e+00
-4.967432926451379238e+00
-4.967424801867291073e+00
-4.967416677294111516e+00
-4.967408552732388571e+00
-4.967400428182646266e+00
-4.967392303645387308e+00
-4.967384179121080656e+00
-4.967376054610185498e+00
-4.967367930113121943e+00
-4.967359805630293224e+00
-4.967351681162079480e+00
-4.967343556708836871e+00
-4.967335432270901130e+00
-4.967327307848580453e+00
-4.967319183442167940e+00
-4.967311059051931821e+00
-4.967302934678121673e+00
-4.967294810320960430e+00
-4.967286685980662142e+00
-4.967278561657409774e+00
-4.967270437351372081e+00
-4.967262313062700052e+00
-4.967254188791522473e+00
-4.967246064537957473e+00
-4.967237940302095645e+00
-4.967229816084015148e+00
-4.967221691883778156e+00
-4.967213567701426413e+00
-4.967205443536990117e+00
-4.967197319390476373e+00
-4.967189195261894952e+00
-4.967181071151211214e+00
-4.967172947058401178e+00
-4.967164822983419548e+00
-4.967156698926198821e+00
-4.967148574886668833e+00
-4.967140450864741652e+00
-4.967132326860310698e+00
-4.967124202873273831e+00
-4.967116078903501375e+00
-4.967107954950853888e+00
-4.967099831015186595e+00
-4.967091707096343178e+00
-4.967083583194154883e+00
-4.967075459308439633e+00
-4.967067335439014464e+00
-4.967059211585675094e+00
-4.967051087748221683e+00
-4.967042963926439292e+00
-4.967034840120099659e+00
-4.967026716328978075e+00
-4.967018592552834733e+00
-4.967010468791423605e+00
-4.967002345044492451e+00
-4.966994221311789914e+00
-4.966986097593045990e+00
-4.966977973887996001e+00
-4.966969850196365499e+00
-4.966961726517874709e+00
-4.966953602852244742e+00
-4.966945479199186053e+00
-4.966937355558412648e+00
-4.966929231929626987e+00
-4.966921108312537747e+00
-4.966912984706845613e+00
-4.966904861112250380e+00
-4.966896737528450068e+00
-4.966888613955147136e+00
-4.966880490392035163e+00
-4.966872366838809505e+00
-4.966864243295169956e+00
-4.966856119760813648e+00
-4.966847996235431495e+00
-4.966839872718731286e+00
-4.966831749210411040e+00
-4.966823625710174106e+00
-4.966815502217722944e+00
-4.966807378732766232e+00
-4.966799255255020640e+00
-4.966791131784191293e+00
-4.966783008320002857e+00
-4.966774884862178219e+00
-4.966766761410442932e+00
-4.966758637964531431e+00
-4.966750514524179039e+00
-4.966742391089134401e+00
-4.966734267659143498e+00
-4.966726144233966522e+00
-4.966718020813367218e+00
-4.966709897397117324e+00
-4.966701773984998347e+00
-4.966693650576792685e+00
-4.966685527172304937e+00
-4.966677403771335264e+00
-4.966669280373700701e+00
-4.966661156979228053e+00
-4.966653033587748567e+00
-4.966644910199115692e+00
-4.966636786813177551e+00
-4.966628663429813351e+00
-4.966620540048898746e+00
-4.966612416670324492e+00
-4.966604293294001771e+00
-4.966596169919847981e+00
-4.966588046547792068e+00
-4.966579923177786071e+00
-4.966571799809788246e+00
-4.966563676443776387e+00
-4.966555553079739838e+00
-4.966547429717686590e+00
-4.966539306357637962e+00
-4.966531182999632144e+00
-4.966523059643730420e+00
-4.966514936290000293e+00
-4.966506812938537685e+00
-4.966498689589446514e+00
-4.966490566242859117e+00
-4.966482442898921157e+00
-4.966474319557798722e+00
-4.966466196219675666e+00
-4.966458072884760711e+00
-4.966449949553278564e+00
-4.966441826225479694e+00
-4.966433702901632330e+00
-4.966425579582026018e+00
-4.966417456266977837e+00
-4.966409332956822631e+00
-4.966401209651920112e+00
-4.966393086352654862e+00
-4.966384963059431890e+00
-4.966376839772684626e+00
-4.966368716492872259e+00
-4.966360593220473518e+00
-4.966352469955999993e+00
-4.966344346699986367e+00
-4.966336223452991305e+00
-4.966328100215606334e+00
-4.966319976988446960e+00
-4.966311853772155338e+00
-4.966303730567404706e+00
-4.966295607374900278e+00
-4.966287484195370361e+00
-4.966279361029576123e+00
-4.966271237878308042e+00
-4.966263114742389462e+00
-4.966254991622673032e+00
-4.966246868520044266e+00
-4.966238745435421542e+00
-4.966230622369754322e+00
-4.966222499324018713e+00
-4.966214376299242339e+00
-4.966206253296466144e+00
-4.966198130316773707e+00
-4.966190007361295677e+00
-4.966181884431177807e+00
-4.966173761527610253e+00
-4.966165638651824921e+00
-4.966157515805078582e+00
-4.966149392988680411e+00
-4.966141270203962677e+00
-4.966133147452303831e+00
-4.966125024735119631e+00
-4.966116902053865800e+00
-4.966108779410032703e+00
-4.966100656805157776e+00
-4.966092534240817535e+00
-4.966084411718621361e+00
-4.966076289240230146e+00
-4.966068166807343864e+00
-4.966060044421700681e+00
-4.966051922085089387e+00
-4.966043799799334302e+00
-4.966035677566310369e+00
-4.966027555387930725e+00
-4.966019433266159133e+00
-4.966011311203000211e+00
-4.966003189200509205e+00
-4.965995067260781326e+00
-4.965986945385966855e+00
-4.965978823578252488e+00
-4.965970701839887091e+00
-4.965962580173152396e+00
-4.965954458580393194e+00
-4.965946337063994243e+00
-4.965938215626390040e+00
-4.965930094270073702e+00
-4.965921972997579203e+00
-4.965913851811500912e+00
-4.965905730714478494e+00
-4.965897609709204019e+00
-4.965889488798429063e+00
-4.965881367984951389e+00
-4.965873247271627378e+00
-4.965865126661365814e+00
-4.965857006157129661e+00
-4.965848885761937836e+00
-4.965840765478866103e+00
-4.965832645311049731e+00
-4.965824525261671951e+00
-4.965816405333982608e+00
-4.965808285531286614e+00
-4.965800165856945725e+00
-4.965792046314381203e+00
-4.965783926907075596e+00
-4.965775807638571848e+00
-4.965767688512469746e+00
-4.965759569532438356e+00
-4.965751450702194703e+00
-4.965743332025536638e+00
-4.965735213506305534e+00
-4.965727095148421810e+00
-4.965718976955855624e+00
-4.965710858932657068e+00
-4.965702741082928640e+00
-4.965694623410842112e+00
-4.965686505920637650e+00
-4.965678388616617589e+00
-4.965670271503152655e+00
-4.965662154584683741e+00
-4.965654037865719239e+00
-4.965645921350831493e+00
-4.965637805044669228e+00
-4.965629688951945120e+00
-4.965621573077443784e+00
-4.965613457426020894e+00
-4.965605342002604949e+00
-4.965597226812192844e+00
-4.965589111859857852e+00
-4.965580997150739861e+00
-4.965572882690058698e+00
-4.965564768483107905e+00
-4.965556654535248526e+00
-4.965548540851926873e+00
-4.965540427438655868e+00
-4.965532314301029260e+00
-4.965524201444718067e+00
-4.965516088875467915e+00
-4.965507976599101703e+00
-4.965499864621525816e+00
-4.965491752948718585e+00
-4.965483641586740937e+00
-4.965475530541736404e+00
-4.965467419819924011e+00
-4.965459309427608048e+00
-4.965451199371173630e+00
-4.965443089657084919e+00
-4.965434980291887790e+00
-4.965426871282221377e+00
-4.965418762634794092e+00
-4.965410654356412046e+00
-4.965402546453956845e+00
-4.965394438934396248e+00
-4.965386331804790387e+00
-4.965378225072281992e+00
-4.965370118744098171e+00
-4.965362012827554850e+00
-4.965353907330063876e+00
-4.965345802259107266e+00
-4.965337697622276281e+00
-4.965329593427241228e+00
-4.965321489681763900e+00
-4.965313386393697570e+00
-4.965305283570986106e+00
-4.965297181221665745e+00
-4.965289079353865098e+00
-4.965280977975808696e+00
-4.965272877095806336e+00
-4.965264776722270845e+00
-4.965256676863701202e+00
-4.965248577528699414e+00
-4.965240478725952755e+00
-4.965232380464260409e+00
-4.965224282752499718e+00
-4.965216185599657273e+00
-4.965208089014812920e+00
-4.965199993007145984e+00
-4.965191897585931713e+00
-4.965183802760552823e+00
-4.965175708540475519e+00
-4.965167614935284135e+00
-4.965159521954651822e+00
-4.965151429608360090e+00
-4.965143337906282817e+00
-4.965135246858405793e+00
-4.965127156474812509e+00
-4.965119066765692146e+00
-4.965110977741333365e+00
-4.965102889412134957e+00
-4.965094801788596079e+00
-4.965086714881320695e+00
-4.965078628701022012e+00
-4.965070543258517155e+00
-4.965062458564727166e+00
-4.965054374630689438e+00
-4.965046291467534623e+00
-4.965038209086515941e+00
-4.965030127498986090e+00
-4.965022046716408788e+00
-4.965013966750362329e+00
-4.965005887612528035e+00
-4.964997809314696475e+00
-4.964989731868779899e+00
-4.964981655286790030e+00
-4.964973579580859386e+00
-4.964965504763227955e+00
-4.964957430846244080e+00
-4.964949357842384003e+00
-4.964941285764220780e+00
-4.964933214624453583e+00
-4.964925144435889948e+00
-4.964917075211454645e+00
-4.964909006964187910e+00
-4.964900939707241889e+00
-4.964892873453895739e+00
-4.964884808217532530e+00
-4.964876744011658793e+00
-4.964868680849900962e+00
-4.964860618745995602e+00
-4.964852557713805403e+00
-4.964844497767309406e+00
-4.964836438920603889e+00
-4.964828381187907702e+00
-4.964820324583555156e+00
-4.964812269122007571e+00
-4.964804214817842620e+00
-4.964796161685755216e+00
-4.964788109740574384e+00
-4.964780058997239287e+00
-4.964772009470814318e+00
-4.964763961176490881e+00
-4.964755914129577619e+00
-4.964747868345509296e+00
-4.964739823839845023e+00
-4.964731780628264701e+00
-4.964723738726581459e+00
-4.964715698150717671e+00
-4.964707658916738708e+00
-4.964699621040819189e+00
-4.964691584539273173e+00
-4.964683549428532849e+00
-4.964675515725155641e+00
-4.964667483445831309e+00
-4.964659452607373957e+00
-4.964651423226724702e+00
-4.964643395320951669e+00
-4.964635368907253543e+00
-4.964627344002953357e+00
-4.964619320625506482e+00
-4.964611298792494409e+00
-4.964603278521630969e+00
-4.964595259830750784e+00
-4.964587242737830586e+00
-4.964579227260967897e+00
-4.964571213418394358e+00
-4.964563201228465061e+00
-4.964555190709675436e+00
-4.964547181880648807e+00
-4.964539174760132845e+00
-4.964531169367015551e+00
-4.964523165720310161e+00
-4.964515163839163137e+00
-4.964507163742856832e+00
-4.964499165450797946e+00
-4.964491168982529956e+00
-4.964483174357727790e+00
-4.964475181596204045e+00
-4.964467190717892109e+00
-4.964459201742870142e+00
-4.964451214691343317e+00
-4.964443229583650918e+00
-4.964435246440264571e+00
-4.964427265281796231e+00
-4.964419286128980424e+00
-4.964411309002692008e+00
-4.964403333923939954e+00
-4.964395360913866462e+00
-4.964387389993743405e+00
-4.964379421184986541e+00
-4.964371454509130643e+00
-4.964363489987863254e+00
-4.964355527642993593e+00
-4.964347567496468550e+00
-4.964339609570370904e+00
-4.964331653886916662e+00
-4.964323700468452394e+00
-4.964315749337469441e+00
-4.964307800516583491e+00
-4.964299854028553227e+00
-4.964291909896266120e+00
-4.964283968142747305e+00
-4.964276028791153372e+00
-4.964268091864780352e+00
-4.964260157387059280e+00
-4.964252225381548200e+00
-4.964244295871947266e+00
-4.964236368882088080e+00
-4.964228444435938137e+00
-4.964220522557599935e+00
-4.964212603271305646e+00
-4.964204686601431327e+00
-4.964196772572474714e+00
-4.964188861209082759e+00
-4.964180952536022318e+00
-4.964173046578201465e+00
-4.964165143360664167e+00
-4.964157242908577850e+00
-4.964149345247259149e+00
-4.964141450402145495e+00
-4.964133558398812873e+00
-4.964125669262972274e+00
-4.964117783020460806e+00
-4.964109899697258577e+00
-4.964102019319470038e+00
-4.964094141913331093e+00
-4.964086267505221528e+00
-4.964078396121639258e+00
-4.964070527789224307e+00
-4.964062662534744597e+00
-4.964054800385097721e+00
-4.964046941367318944e+00
-4.964039085508566984e+00
-4.964031232836133789e+00
-4.964023383377441867e+00
-4.964015537160051394e+00
-4.964007694211638011e+00
-4.963999854560022129e+00
-4.963992018233137848e+00
-4.963984185259064041e+00
-4.963976355665998597e+00
-4.963968529482272629e+00
-4.963960706736337158e+00
-4.963952887456784424e+00
-4.963945071672324794e+00
-4.963937259411792979e+00
-4.963929450704161361e+00
-4.963921645578523112e+00
-4.963913844064085978e+00
-4.963906046190206922e+00
-4.963898251986345933e+00
-4.963890461482102445e+00
-4.963882674707195797e+00
-4.963874891691462565e+00
-4.963867112464872555e+00
-4.963859337057512811e+00
-4.963851565499598273e+00
-4.963843797821458459e+00
-4.963836034053548119e+00
-4.963828274226443682e+00
-4.963820518370847701e+00
-4.963812766517570196e+00
-4.963805018697549976e+00
-4.963797274941844861e+00
-4.963789535281627252e+00
-4.963781799748191226e+00
-4.963774068372946324e+00
-4.963766341187417552e+00
-4.963758618223253372e+00
-4.963750899512209713e+00
-4.963743185086162413e+00
-4.963735474977100104e+00
-4.963727769217124219e+00
-4.963720067838455208e+00
-4.963712370873419211e+00
-4.963704678354463162e+00
-4.963696990314137025e+00
-4.963689306785105337e+00
-4.963681627800144547e+00
-4.963673953392136795e+00
-4.963666283594076134e+00
-4.963658618439065862e+00
-4.963650957960312304e+00
-4.963643302191137252e+00
-4.963635651164956641e+00
-4.963628004915300984e+00
-4.963620363475804709e+00
-4.963612726880203496e+00
-4.963605095162333392e+00
-4.963597468356141462e+00
-4.963589846495669811e+00
-4.963582229615064456e+00
-4.963574617748571782e+00
-4.963567010930537649e+00
-4.963559409195397620e+00
-4.963551812577703615e+00
-4.963544221112086596e+00
-4.963536634833286776e+00
-4.963529053776130517e+00
-4.963521477975541885e+00
-4.963513907466542641e+00
-4.963506342284243367e+00
-4.963498782463843462e+00
-4.963491228040641801e+00
-4.963483679050019859e+00
-4.963476135527455035e+00
-4.963468597508504665e+00
-4.963461065028822894e+00
-4.963453538124145581e+00
-4.963446016830290297e+00
-4.963438501183171425e+00
-4.963430991218777066e+00
-4.963423486973176146e+00
-4.963415988482532626e+00
-4.963408495783077967e+00
-4.963401008911128898e+00
-4.963393527903086522e+00
-4.963386052795418557e+00
-4.963378583624678875e+00
-4.963371120427492400e+00
-4.963363663240566659e+00
-4.963356212100671350e+00
-4.963348767044658771e+00
-4.963341328109452277e+00
-4.963333895332039170e+00
-4.963326468749485798e+00
-4.963319048398919797e+00
-4.963311634317537191e+00
-4.963304226542613051e+00
-4.963296825111470412e+00
-4.963289430061503360e+00
-4.963282041430177927e+00
-4.963274659255008991e+00
-4.963267283573582489e+00
-4.963259914423541197e+00
-4.963252551842584737e+00
-4.963245195868469573e+00
-4.963237846539019671e+00
-4.963230503892103407e+00
-4.963223167965644222e+00
-4.963215838797625068e+00
-4.963208516426075967e+00
-4.963201200889080233e+00
-4.963193892224767367e+00
-4.963186590471321935e+00
-4.963179295666972024e+00
-4.963172007849989242e+00
-4.963164727058695824e+00
-4.963157453331453084e+00
-4.963150186706666744e+00
-4.963142927222786049e+00
-4.963135674918296658e+00
-4.963128429831725086e+00
-4.963121192001631599e+00
-4.963113961466624424e+00
-4.963106738265331330e+00
-4.963099522436423605e+00
-4.963092314018602735e+00
-4.963085113050599517e+00
-4.963077919571182051e+00
-4.963070733619136199e+00
-4.963063555233286017e+00
-4.963056384452473324e+00
-4.963049221315571913e+00
-4.963042065861468899e+00
-4.963034918129088702e+00
-4.963027778157361070e+00
-4.963020645985245949e+00
-4.963013521651718385e+00
-4.963006405195766746e+00
-4.962999296656398940e+00
-4.962992196072641526e+00
-4.962985103483521954e+00
-4.962978018928089874e+00
-4.962970942445398492e+00
-4.962963874074517889e+00
-4.962956813854516369e+00
-4.962949761824472006e+00
-4.962942718023469979e+00
-4.962935682490592804e+00
-4.962928655264933653e+00
-4.962921636385579482e+00
-4.962914625891618137e+00
-4.962907623822134795e+00
-4.962900630216211084e+00
-4.962893645112924190e+00
-4.962886668551345082e+00
-4.962879700570536734e+00
-4.962872741209550576e+00
-4.962865790507430042e+00
-4.962858848503207021e+00
-4.962851915235893863e+00
-4.962844990744498475e+00
-4.962838075068000343e+00
-4.962831168245368296e+00
-4.962824270315549846e+00
-4.962817381317472076e+00
-4.962810501290041643e+00
-4.962803630272136779e+00
-4.962796768302614403e+00
-4.962789915420304787e+00
-4.962783071664007117e+00
-4.962776237072489494e+00
-4.962769411684502252e+00
-4.962762595538741550e+00
-4.962755788673890223e+00
-4.962748991128582254e+00
-4.962742202941419656e+00
-4.962735424150964469e+00
-4.962728654795740546e+00
-4.962721894914229104e+00
-4.962715144544872281e+00
-4.962708403726059814e+00
-4.962701672496142358e+00
-4.962694950893419055e+00
-4.962688238956143749e+00
-4.962681536722520548e+00
-4.962674844230696714e+00
-4.962668161518767995e+00
-4.962661488624777739e+00
-4.962654825586710672e+00
-4.962648172442494676e+00
-4.962641529229995463e+00
-4.962634895987026340e+00
-4.962628272751327785e+00
-4.962621659560579879e+00
-4.962615056452400530e+00
-4.962608463464338371e+00
-4.962601880633872753e+00
-4.962595307998411087e+00
-4.962588745595300388e+00
-4.962582193461797075e+00
-4.962575651635097174e+00
-4.962569120152314106e+00
-4.962562599050490242e+00
-4.962556088366582685e+00
-4.962549588137466827e+00
-4.962543098399939900e+00
-4.962536619190716536e+00
-4.962530150546422547e+00
-4.962523692503603812e+00
-4.962517245098706731e+00
-4.962510808368098658e+00
-4.962504382348049248e+00
-4.962497967074744665e+00
-4.962491562584263605e+00
-4.962485168912601274e+00
-4.962478786095648076e+00
-4.962472414169196711e+00
-4.962466053168943958e+00
-4.962459703130484456e+00
-4.962453364089303598e+00
-4.962447036080788187e+00
-4.962440719140217560e+00
-4.962434413302762692e+00
-4.962428118603483540e+00
-4.962421835077333476e+00
-4.962415562759152188e+00
-4.962409301683664786e+00
-4.962403051885485361e+00
-4.962396813399104545e+00
-4.962390586258893954e+00
-4.962384370499119512e+00
-4.962378166153914805e+00
-4.962371973257288182e+00
-4.962365791843133422e+00
-4.962359621945213739e+00
-4.962353463597166225e+00
-4.962347316832500965e+00
-4.962341181684593927e+00
-4.962335058186695846e+00
-4.962328946371922456e+00
-4.962322846273253596e+00
-4.962316757923534993e+00
-4.962310681355477371e+00
-4.962304616601647567e+00
-4.962298563694479192e+00
-4.962292522666261974e+00
-4.962286493549136424e+00
-4.962280476375108940e+00
-4.962274471176039370e+00
-4.962268477983634796e+00
-4.962262496829454861e+00
-4.962256527744913548e+00
-4.962250570761272073e+00
-4.962244625909635332e+00
-4.962238693220962560e+00
-4.962232772726045127e+00
-4.962226864455531405e+00
-4.962220968439903679e+00
-4.962215084709486135e+00
-4.962209213294440424e+00
-4.962203354224771878e+00
-4.962197507530315299e+00
-4.962191673240747392e+00
-4.962185851385569890e+00
-4.962180041994128210e+00
-4.962174245095588354e+00
-4.962168460718951124e+00
-4.962162688893047680e+00
-4.962156929646532433e+00
-4.962151183007888378e+00
-4.962145449005419984e+00
-4.962139727667262079e+00
-4.962134019021357645e+00
-4.962128323095486238e+00
-4.962122639917237343e+00
-4.962116969514017484e+00
-4.962111311913059097e+00
-4.962105667141402776e+00
-4.962100035225904371e+00
-4.962094416193233215e+00
-4.962088810069874789e+00
-4.962083216882119174e+00
-4.962077636656067270e+00
-4.962072069417635234e+00
-4.962066515192534055e+00
-4.962060974006289982e+00
-4.962055445884232086e+00
-4.962049930851492263e+00
-4.962044428933000795e+00
-4.962038940153497002e+00
-4.962033464537513261e+00
-4.962028002109383884e+00
-4.962022552893243343e+00
-4.962017116913016501e+00
-4.962011694192429268e+00
-4.962006284755001495e+00
-4.962000888624043426e+00
-4.961995505822655694e+00
-4.961990136373736426e+00
-4.961984780299970588e+00
-4.961979437623832645e+00
-4.961974108367581238e+00
-4.961968792553266283e+00
-4.961963490202722760e+00
-4.961958201337568042e+00
-4.961952925979205453e+00
-4.961947664148819825e+00
-4.961942415867379275e+00
-4.961937181155631649e+00
-4.961931960034104527e+00
-4.961926752523102557e+00
-4.961921558642711894e+00
-4.961916378412792206e+00
-4.961911211852978454e+00
-4.961906058982687995e+00
-4.961900919821099265e+00
-4.961895794387175762e+00
-4.961890682699648281e+00
-4.961885584777016689e+00
-4.961880500637555258e+00
-4.961875430299304668e+00
-4.961870373780078225e+00
-4.961865331097450316e+00
-4.961860302268769729e+00
-4.961855287311150775e+00
-4.961850286241462626e+00
-4.961845299076355076e+00
-4.961840325832231891e+00
-4.961835366525257029e+00
-4.961830421171360861e+00
-4.961825489786240162e+00
-4.961820572385341244e+00
-4.961815668983882155e+00
-4.961810779596828702e+00
-4.961805904238915765e+00
-4.961801042924625982e+00
-4.961796195668206622e+00
-4.961791362483656265e+00
-4.961786543384734571e+00
-4.961781738384950735e+00
-4.961776947497567924e+00
-4.961772170735608611e+00
-4.961767408111846578e+00
-4.961762659638803363e+00
-4.961757925328758034e+00
-4.961753205193737415e+00
-4.961748499245519639e+00
-4.961743807495634151e+00
-4.961739129955360816e+00
-4.961734466635721930e+00
-4.961729817547495536e+00
-4.961725182701209214e+00
-4.961720562107130306e+00
-4.961715955775273912e+00
-4.961711363715410883e+00
-4.961706785937047393e+00
-4.961702222449442701e+00
-4.961697673261592278e+00
-4.961693138382246460e+00
-4.961688617819895342e+00
-4.961684111582770562e+00
-4.961679619678849740e+00
-4.961675142115855586e+00
-4.961670678901246134e+00
-4.961666230042234282e+00
-4.961661795545757592e+00
-4.961657375418512039e+00
-4.961652969666927149e+00
-4.961648578297172207e+00
-4.961644201315160707e+00
-4.961639838726540574e+00
-4.961635490536711046e+00
-4.961631156750804017e+00
-4.961626837373687593e+00
-4.961622532409974973e+00
-4.961618241864020007e+00
-4.961613965739908316e+00
-4.961609704041473279e+00
-4.961605456772278266e+00
-4.961601223935636185e+00
-4.961597005534584603e+00
-4.961592801571911515e+00
-4.961588612050133129e+00
-4.961584436971510748e+00
-4.961580276338040996e+00
-4.961576130151459374e+00
-4.961571998413239371e+00
-4.961567881124588020e+00
-4.961563778286456561e+00
-4.961559689899531556e+00
-4.961555615964232224e+00
-4.961551556480720215e+00
-4.961547511448897829e+00
-4.961543480868396472e+00
-4.961539464738592642e+00
-4.961535463058598161e+00
-4.961531475827259285e+00
-4.961527503043168252e+00
-4.961523544704648181e+00
-4.961519600809761954e+00
-4.961515671356308665e+00
-4.961511756341833390e+00
-4.961507855763612973e+00
-4.961503969618660470e+00
-4.961500097903736695e+00
-4.961496240615334230e+00
-4.961492397749686312e+00
-4.961488569302768603e+00
-4.961484755270291203e+00
-4.961480955647707525e+00
-4.961477170430213413e+00
-4.961473399612740920e+00
-4.961469643189959200e+00
-4.961465901156286051e+00
-4.961462173505878148e+00
-4.961458460232633705e+00
-4.961454761330189811e+00
-4.961451076791925985e+00
-4.961447406610969502e+00
-4.961443750780186512e+00
-4.961440109292186484e+00
-4.961436482139323978e+00
-4.961432869313693317e+00
-4.961429270807140135e+00
-4.961425686611253383e+00
-4.961422116717359110e+00
-4.961418561116539117e+00
-4.961415019799616744e+00
-4.961411492757164865e+00
-4.961407979979501448e+00
-4.961404481456691329e+00
-4.961400997178547101e+00
-4.961397527134636221e+00
-4.961394071314269461e+00
-4.961390629706501798e+00
-4.961387202300153731e+00
-4.961383789083788187e+00
-4.961380390045716737e+00
-4.961377005174010257e+00
-4.961373634456483828e+00
-4.961370277880718049e+00
-4.961366935434032399e+00
-4.961363607103510986e+00
-4.961360292875995448e+00
-4.961356992738074290e+00
-4.961353706676097985e+00
-4.961350434676175425e+00
-4.961347176724170360e+00
-4.961343932805708512e+00
-4.961340702906173128e+00
-4.961337487010706759e+00
-4.961334285104218367e+00
-4.961331097171371773e+00
-4.961327923196593659e+00
-4.961324763164079776e+00
-4.961321617057786071e+00
-4.961318484861434897e+00
-4.961315366558511464e+00
-4.961312262132272721e+00
-4.961309171565738474e+00
-4.961306094841695824e+00
-4.961303031942703612e+00
-4.961299982851094192e+00
-4.961296947548964553e+00
-4.961293926018185196e+00
-4.961290918240402803e+00
-4.961287924197029575e+00
-4.961284943869261888e+00
-4.961281977238062524e+00
-4.961279024284179329e+00
-4.961276084988130997e+00
-4.961273159330215066e+00
-4.961270247290515911e+00
-4.961267348848882541e+00
-4.961264463984961459e+00
-4.961261592678170018e+00
-4.961258734907717738e+00
-4.961255890652589429e+00
-4.961253059891563844e+00
-4.961250242603198579e+00
-4.961247438765839846e+00
-4.961244648357628684e+00
-4.961241871356488531e+00
-4.961239107740134102e+00
-4.961236357486077608e+00
-4.961233620571616321e+00
-4.961230896973844118e+00
-4.961228186669651485e+00
-4.961225489635723740e+00
-4.961222805848542805e+00
-4.961220135284388100e+00
-4.961217477919341867e+00
-4.961214833729285623e+00
-4.961212202689894823e+00
-4.961209584776661963e+00
-4.961206979964872588e+00
-4.961204388229619511e+00
-4.961201809545807251e+00
-4.961199243888142263e+00
-4.961196691231141820e+00
-4.961194151549134901e+00
-4.961191624816257750e+00
-4.961189111006458319e+00
-4.961186610093506033e+00
-4.961184122050978473e+00
-4.961181646852269367e+00
-4.961179184470595693e+00
-4.961176734878983474e+00
-4.961174298050289977e+00
-4.961171873957183287e+00
-4.961169462572159183e+00
-4.961167063867542026e+00
-4.961164677815471435e+00
-4.961162304387919164e+00
-4.961159943556681107e+00
-4.961157595293387068e+00
-4.961155259569492770e+00
-4.961152936356288734e+00
-4.961150625624895838e+00
-4.961148327346272424e+00
-4.961146041491208081e+00
-4.961143768030330747e+00
-4.961141506934110268e+00
-4.961139258172852173e+00
-4.961137021716707451e+00
-4.961134797535658336e+00
-4.961132585599547618e+00
-4.961130385878049331e+00
-4.961128198340692741e+00
-4.961126022956846349e+00
-4.961123859695737437e+00
-4.961121708526437857e+00
-4.961119569417877351e+00
-4.961117442338826677e+00
-4.961115327257927810e+00
-4.961113224143663736e+00
-4.961111132964388659e+00
-4.961109053688307569e+00
-4.961106986283486009e+00
-4.961104930717858075e+00
-4.961102886959211311e+00
-4.961100854975210694e+00
-4.961098834733373764e+00
-4.961096826201093712e+00
-4.961094829345636725e+00
-4.961092844134127766e+00
-4.961090870533574559e+00
-4.961088908510853379e+00
-4.961086958032717931e+00
-4.961085019065793134e+00
-4.961083091576585780e+00
-4.961081175531488086e+00
-4.961079270896760818e+00
-4.961077377638552832e+00
-4.961075495722898410e+00
-4.961073625115715480e+00
-4.961071765782812726e+00
-4.961069917689875375e+00
-4.961068080802487401e+00
-4.961066255086125310e+00
-4.961064440506155471e+00
-4.961062637027837674e+00
-4.961060844616324239e+00
-4.961059063236672451e+00
-4.961057292853831235e+00
-4.961055533432655373e+00
-4.961053784937894839e+00
-4.961052047334206350e+00
-4.961050320586148032e+00
-4.961048604658193639e+00
-4.961046899514711228e+00
-4.961045205119984480e+00
-4.961043521438210924e+00
-4.961041848433492163e+00
-4.961040186069847202e+00
-4.961038534311214221e+00
-4.961036893121440805e+00
-4.961035262464294604e+00
-4.961033642303467772e+00
-4.961032032602565423e+00
-4.961030433325121614e+00
-4.961028844434590468e+00
-4.961027265894351501e+00
-4.961025697667718504e+00
-4.961024139717923553e+00
-4.961022592008131227e+00
-4.961021054501444816e+00
-4.961019527160892117e+00
-4.961018009949434315e+00
-4.961016502829981079e+00
-4.961015005765366581e+00
-4.961013518718365489e+00
-4.961012041651701843e+00
-4.961010574528032180e+00
-4.961009117309957972e+00
-4.961007669960033617e+00
-4.961006232440748676e+00
-4.961004804714542971e+00
-4.961003386743814580e+00
-4.961001978490902076e+00
-4.961000579918100506e+00
-4.960999190987658736e+00
-4.960997811661782997e+00
-4.960996441902627119e+00
-4.960995081672316509e+00
-4.960993730932925061e+00
-4.960992389646495582e+00
-4.960991057775023805e+00
-4.960989735280484147e+00
-4.960988422124802177e+00
-4.960987118269874152e+00
-4.960985823677571460e+00
-4.960984538309729075e+00
-4.960983262128153548e+00
-4.960981995094625674e+00
-4.960980737170900490e+00
-4.960979488318709052e+00
-4.960978248499754883e+00
-4.960977017675729073e+00
-4.960975795808288957e+00
-4.960974582859091875e+00
-4.960973378789757859e+00
-4.960972183561903393e+00
-4.960970997137132521e+00
-4.960969819477025311e+00
-4.960968650543159164e+00
-4.960967490297097271e+00
-4.960966338700393941e+00
-4.960965195714600817e+00
-4.960964061301254446e+00
-4.960962935421894926e+00
-4.960961818038057025e+00
-4.960960709111271072e+00
-4.960959608603069171e+00
-4.960958516474986091e+00
-4.960957432688550384e+00
-4.960956357205304812e+00
-4.960955289986788586e+00
-4.960954230994556013e+00
-4.960953180190158740e+00
-4.960952137535164397e+00
-4.960951102991145945e+00
-4.960950076519696772e+00
-4.960949058082412044e+00
-4.960948047640906466e+00
-4.960947045156811619e+00
-4.960946050591776846e+00
-4.960945063907463037e+00
-4.960944085065553288e+00
-4.960943114027759115e+00
-4.960942150755801805e+00
-4.960941195211433730e+00
-4.960940247356431243e+00
-4.960939307152592903e+00
-4.960938374561747466e+00
-4.960937449545754774e+00
-4.960936532066495985e+00
-4.960935622085889563e+00
-4.960934719565885054e+00
-4.960933824468462205e+00
-4.960932936755638956e+00
-4.960932056389470546e+00
-4.960931183332040639e+00
-4.960930317545482637e+00
-4.960929458991961916e+00
-4.960928607633684706e+00
-4.960927763432898097e+00
-4.960926926351901578e+00
-4.960926096353024839e+00
-4.960925273398649971e+00
-4.960924457451207914e+00
-4.960923648473173131e+00
-4.960922846427073374e+00
-4.960922051275479916e+00
-4.960921262981015545e+00
-4.960920481506360780e+00
-4.960919706814245878e+00
-4.960918938867459715e+00
-4.960918177628835579e+00
-4.960917423061278697e+00
-4.960916675127736930e+00
-4.960915933791227417e+00
-4.960915199014826804e+00
-4.960914470761662365e+00
-4.960913748994935979e+00
-4.960913033677902817e+00
-4.960912324773889104e+00
-4.960911622246284125e+00
-4.960910926058541115e+00
-4.960910236174180810e+00
-4.960909552556794999e+00
-4.960908875170044752e+00
-4.960908203977652420e+00
-4.960907538943422956e+00
-4.960906880031228816e+00
-4.960906227205017061e+00
-4.960905580428801365e+00
-4.960904939666685110e+00
-4.960904304882832960e+00
-4.960903676041495736e+00
-4.960903053106994420e+00
-4.960902436043739705e+00
-4.960901824816208894e+00
-4.960901219388976990e+00
-4.960900619726679395e+00
-4.960900025794049206e+00
-4.960899437555898572e+00
-4.960898854977122241e+00
-4.960898278022703778e+00
-4.960897706657705797e+00
-4.960897140847286835e+00
-4.960896580556686253e+00
-4.960896025751234895e+00
-4.960895476396352421e+00
-4.960894932457546425e+00
-4.960894393900415977e+00
-4.960893860690653412e+00
-4.960893332794046984e+00
-4.960892810176471990e+00
-4.960892292803897874e+00
-4.960891780642392668e+00
-4.960891273658121214e+00
-4.960890771817335398e+00
-4.960890275086397239e+00
-4.960889783431753131e+00
-4.960889296819959604e+00
-4.960888815217668224e+00
-4.960888338591626479e+00
-4.960887866908687549e+00
-4.960887400135804981e+00
-4.960886938240030908e+00
-4.960886481188522268e+00
-4.960886028948544357e+00
-4.960885581487456619e+00
-4.960885138772733072e+00
-4.960884700771944544e+00
-4.960884267452772001e+00
-4.960883838783002986e+00
-4.960883414730529850e+00
-4.960882995263355077e+00
-4.960882580349593063e+00
-4.960882169957452348e+00
-4.960881764055272924e+00
-4.960881362611482714e+00
-4.960880965594635761e+00
-4.960880572973390024e+00
-4.960880184716519814e+00
-4.960879800792900696e+00
-4.960879421171536130e+00
-4.960879045821535271e+00
-4.960878674712116521e+00
-4.960878307812619070e+00
-4.960877945092495800e+00
-4.960877586521311500e+00
-4.960877232068750864e+00
-4.960876881704606056e+00
-4.960876535398801579e+00
-4.960876193121361410e+00
-4.960875854842437427e+00
-4.960875520532296079e+00
-4.960875190161321058e+00
-4.960874863700018622e+00
-4.960874541119009606e+00
-4.960874222389032973e+00
-4.960873907480954692e+00
-4.960873596365751759e+00
-4.960873289014529064e+00
-4.960872985398507851e+00
-4.960872685489034595e+00
-4.960872389257571236e+00
-4.960872096675704945e+00
-4.960871807715147241e+00
-4.960871522347722440e+00
-4.960871240545392524e+00
-4.960870962280233165e+00
-4.960870687524439049e+00
-4.960870416250338977e+00
-4.960870148430378102e+00
-4.960869884037128585e+00
-4.960869623043284271e+00
-4.960869365421666011e+00
-4.960869111145219001e+00
-4.960868860187014562e+00
-4.960868612520244803e+00
-4.960868368118229732e+00
-4.960868126954415480e+00
-4.960867889002372522e+00
-4.960867654235801893e+00
-4.960867422628520984e+00
-4.960867194154484849e+00
-4.960866968787764897e+00
-4.960866746502562208e+00
-4.960866527273211979e+00
-4.960866311074165758e+00
-4.960866097880004766e+00
-4.960865887665439011e+00
-4.960865680405304623e+00
-4.960865476074567404e+00
-4.960865274648316614e+00
-4.960865076101772075e+00
-4.960864880410277067e+00
-4.960864687549303653e+00
-4.960864497494454461e+00
-4.960864310221459128e+00
-4.960864125706168082e+00
-4.960863943924570307e+00
-4.960863764852772029e+00
-4.960863588467016250e+00
-4.960863414743664990e+00
-4.960863243659215271e+00
-4.960863075190287574e+00
-4.960862909313629387e+00
-4.960862746006116986e+00
-4.960862585244758982e+00
-4.960862427006683006e+00
-4.960862271269150803e+00
-4.960862118009549349e+00
-4.960861967205389966e+00
-4.960861818834318093e+00
-4.960861672874102624e+00
-4.960861529302635908e+00
-4.960861388097939084e+00
-4.960861249238170956e+00
-4.960861112701599573e+00
-4.960860978466634208e+00
-4.960860846511802258e+00
-4.960860716815759908e+00
-4.960860589357296568e+00
-4.960860464115315338e+00
-4.960860341068855206e+00
-4.960860220197077730e+00
-4.960860101479266149e+00
-4.960859984894838703e+00
-4.960859870423332652e+00
-4.960859758044412260e+00
-4.960859647737867029e+00
-4.960859539483609915e+00
-4.960859433261680884e+00
-4.960859329052242472e+00
-4.960859226835583335e+00
-4.960859126592116475e+00
-4.960859028302376572e+00
-4.960858931947025319e+00
-4.960858837506841645e+00
-4.960858744962739486e+00
-4.960858654295742021e+00
-4.960858565487003879e+00
-4.960858478517796932e+00
-4.960858393369525388e+00
-4.960858310023701812e+00
-4.960858228461970221e+00
-4.960858148666092760e+00
-4.960858070617951476e+00
-4.960857994299550988e+00
-4.960857919693020257e+00
-4.960857846780601932e+00
-4.960857775544661230e+00
-4.960857705967683273e+00
-4.960857638032274863e+00
-4.960857571721157377e+00
-4.960857507017177426e+00
-4.960857443903289088e+00
-4.960857382362580559e+00
-4.960857322378241285e+00
-4.960857263933589500e+00
-4.960857207012057124e+00
-4.960857151597192427e+00
-4.960857097672660032e+00
-4.960857045222240025e+00
-4.960856994229829731e+00
-4.960856944679442826e+00
-4.960856896555204010e+00
-4.960856849841358773e+00
-4.960856804522260965e+00
-4.960856760582381675e+00
-4.960856718006303900e+00
-4.960856676778720775e+00
-4.960856636884447113e+00
-4.960856598308399867e+00
-4.960856561035618562e+00
-4.960856525051243082e+00
-4.960856490340531444e+00
-4.960856456888851795e+00
-4.960856424681680643e+00
-4.960856393704603740e+00
-4.960856363943319636e+00
-4.960856335383632576e+00
-4.960856308011458715e+00
-4.960856281812821678e+00
-4.960856256773848116e+00
-4.960856232880778371e+00
-4.960856210119954923e+00
-4.960856188477830386e+00
-4.960856167940962180e+00
-4.960856148496010753e+00
-4.960856130129744912e+00
-4.960856112829038267e+00
-4.960856096580866570e+00
-4.960856081372308601e+00
-4.960856067190550611e+00
-4.960856054022876549e+00
-4.960856041856676057e+00
-4.960856030679439144e+00
-4.960856020478759731e+00
-4.960856011242327668e+00
-4.960856002957939381e+00
-4.960855995613489888e+00
-4.960855989196969240e+00
-4.960855983696467852e+00
-4.960855979100175617e+00
-4.960855975396390782e+00
-4.960855972573487982e+00
-4.960855970619953759e+00
-4.960855969524372355e+00
