-4.948638933153866937e+00
-4.948638933150803609e+00
-4.948638932656253431e+00
-4.948638931668611463e+00
-4.948638930186288754e+00
-4.948638928207700793e+00
-4.948638925731278171e+00
-4.948638922755460356e+00
-4.948638919278697479e+00
-4.948638915299448549e+00
-4.948638910816190339e+00
-4.948638905827401402e+00
-4.948638900331578938e+00
-4.948638894327226367e+00
-4.948638887812860432e+00
-4.948638880787006755e+00
-4.948638873248204284e+00
-4.948638865195002623e+00
-4.948638856625965587e+00
-4.948638847539661434e+00
-4.948638837934673518e+00
-4.948638827809601182e+00
-4.948638817163048209e+00
-4.948638805993634371e+00
-4.948638794299985655e+00
-4.948638782080750254e+00
-4.948638769334577248e+00
-4.948638756060132593e+00
-4.948638742256092904e+00
-4.948638727921148117e+00
-4.948638713053998828e+00
-4.948638697653354512e+00
-4.948638681717946852e+00
-4.948638665246507529e+00
-4.948638648237787763e+00
-4.948638630690550322e+00
-4.948638612603565967e+00
-4.948638593975624111e+00
-4.948638574805521273e+00
-4.948638555092069957e+00
-4.948638534834090663e+00
-4.948638514030426094e+00
-4.948638492679918066e+00
-4.948638470781433263e+00
-4.948638448333842810e+00
-4.948638425336032931e+00
-4.948638401786908503e+00
-4.948638377685376177e+00
-4.948638353030368364e+00
-4.948638327820817473e+00
-4.948638302055678118e+00
-4.948638275733915570e+00
-4.948638248854509314e+00
-4.948638221416444161e+00
-4.948638193418734232e+00
-4.948638164860391875e+00
-4.948638135740449862e+00
-4.948638106057951624e+00
-4.948638075811959247e+00
-4.948638045001538366e+00
-4.948638013625780374e+00
-4.948637981683781106e+00
-4.948637949174655937e+00
-4.948637916097530010e+00
-4.948637882451541792e+00
-4.948637848235849290e+00
-4.948637813449618506e+00
-4.948637778092032313e+00
-4.948637742162282471e+00
-4.948637705659588271e+00
-4.948637668583167226e+00
-4.948637630932261722e+00
-4.948637592706122135e+00
-4.948637553904013053e+00
-4.948637514525222159e+00
-4.948637474569041572e+00
-4.948637434034779403e+00
-4.948637392921761524e+00
-4.948637351229331571e+00
-4.948637308956835845e+00
-4.948637266103647292e+00
-4.948637222669149516e+00
-4.948637178652737667e+00
-4.948637134053825548e+00
-4.948637088871836731e+00
-4.948637043106218769e+00
-4.948636996756425432e+00
-4.948636949821930031e+00
-4.948636902302215645e+00
-4.948636854196788448e+00
-4.948636805505164382e+00
-4.948636756226873601e+00
-4.948636706361463133e+00
-4.948636655908500437e+00
-4.948636604867559186e+00
-4.948636553238229929e+00
-4.948636501020125422e+00
-4.948636448212862859e+00
-4.948636394816089634e+00
-4.948636340829454916e+00
-4.948636286252631855e+00
-4.948636231085299819e+00
-4.948636175327167486e+00
-4.948636118977946197e+00
-4.948636062037368610e+00
-4.948636004505186925e+00
-4.948635946381159556e+00
-4.948635887665068900e+00
-4.948635828356708899e+00
-4.948635768455888595e+00
-4.948635707962438346e+00
-4.948635646876202721e+00
-4.948635585197034281e+00
-4.948635522924814900e+00
-4.948635460059425561e+00
-4.948635396600782776e+00
-4.948635332548803056e+00
-4.948635267903429558e+00
-4.948635202664614319e+00
-4.948635136832328918e+00
-4.948635070406561809e+00
-4.948635003387316544e+00
-4.948634935774609112e+00
-4.948634867568480367e+00
-4.948634798768980936e+00
-4.948634729376178321e+00
-4.948634659390162227e+00
-4.948634588811027690e+00
-4.948634517638898167e+00
-4.948634445873904220e+00
-4.948634373516195950e+00
-4.948634300565943001e+00
-4.948634227023327448e+00
-4.948634152888552684e+00
-4.948634078161830985e+00
-4.948634002843398605e+00
-4.948633926933504235e+00
-4.948633850432414327e+00
-4.948633773340413988e+00
-4.948633695657798981e+00
-4.948633617384889050e+00
-4.948633538522015485e+00
-4.948633459069529117e+00
-4.948633379027795876e+00
-4.948633298397201230e+00
-4.948633217178141308e+00
-4.948633135371035330e+00
-4.948633052976312285e+00
-4.948632969994427810e+00
-4.948632886425846422e+00
-4.948632802271052178e+00
-4.948632717530545122e+00
-4.948632632204844839e+00
-4.948632546294480683e+00
-4.948632459800008654e+00
-4.948632372721994521e+00
-4.948632285061019154e+00
-4.948632196817690954e+00
-4.948632107992623652e+00
-4.948632018586451409e+00
-4.948631928599830587e+00
-4.948631838033426433e+00
-4.948631746887927285e+00
-4.948631655164030363e+00
-4.948631562862458644e+00
-4.948631469983951092e+00
-4.948631376529253778e+00
-4.948631282499142081e+00
-4.948631187894401151e+00
-4.948631092715832125e+00
-4.948630996964259232e+00
-4.948630900640515584e+00
-4.948630803745456497e+00
-4.948630706279954161e+00
-4.948630608244892315e+00
-4.948630509641176900e+00
-4.948630410469730734e+00
-4.948630310731489956e+00
-4.948630210427408471e+00
-4.948630109558458834e+00
-4.948630008125628699e+00
-4.948629906129919043e+00
-4.948629803572355712e+00
-4.948629700453973435e+00
-4.948629596775828254e+00
-4.948629492538987762e+00
-4.948629387744546193e+00
-4.948629282393604001e+00
-4.948629176487278514e+00
-4.948629070026711929e+00
-4.948628963013054438e+00
-4.948628855447479324e+00
-4.948628747331173194e+00
-4.948628638665339530e+00
-4.948628529451194247e+00
-4.948628419689975466e+00
-4.948628309382932855e+00
-4.948628198531340061e+00
-4.948628087136477838e+00
-4.948627975199645590e+00
-4.948627862722165816e+00
-4.948627749705367229e+00
-4.948627636150602527e+00
-4.948627522059238615e+00
-4.948627407432649505e+00
-4.948627292272237632e+00
-4.948627176579416975e+00
-4.948627060355616614e+00
-4.948626943602284278e+00
-4.948626826320875693e+00
-4.948626708512875005e+00
-4.948626590179767248e+00
-4.948626471323068543e+00
-4.948626351944295898e+00
-4.948626232044993856e+00
-4.948626111626716728e+00
-4.948625990691036591e+00
-4.948625869239537955e+00
-4.948625747273820430e+00
-4.948625624795508493e+00
-4.948625501806230176e+00
-4.948625378307631273e+00
-4.948625254301379783e+00
-4.948625129789149035e+00
-4.948625004772633673e+00
-4.948624879253546105e+00
-4.948624753233604068e+00
-4.948624626714544839e+00
-4.948624499698128787e+00
-4.948624372186120723e+00
-4.948624244180297893e+00
-4.948624115682465074e+00
-4.948623986694428822e+00
-4.948623857218018784e+00
-4.948623727255073490e+00
-4.948623596807449232e+00
-4.948623465877015626e+00
-4.948623334465656498e+00
-4.948623202575271662e+00
-4.948623070207769814e+00
-4.948622937365079189e+00
-4.948622804049139567e+00
-4.948622670261903167e+00
-4.948622536005342631e+00
-4.948622401281435934e+00
-4.948622266092180588e+00
-4.948622130439580324e+00
-4.948621994325663742e+00
-4.948621857752462994e+00
-4.948621720722028883e+00
-4.948621583236426424e+00
-4.948621445297725074e+00
-4.948621306908016493e+00
-4.948621168069403886e+00
-4.948621028784001119e+00
-4.948620889053934491e+00
-4.948620748881344511e+00
-4.948620608268388565e+00
-4.948620467217223151e+00
-4.948620325730034075e+00
-4.948620183809009809e+00
-4.948620041456350371e+00
-4.948619898674271766e+00
-4.948619755465005099e+00
-4.948619611830782361e+00
-4.948619467773858638e+00
-4.948619323296498784e+00
-4.948619178400972096e+00
-4.948619033089568298e+00
-4.948618887364582442e+00
-4.948618741228325568e+00
-4.948618594683116712e+00
-4.948618447731291781e+00
-4.948618300375185797e+00
-4.948618152617157762e+00
-4.948618004459571118e+00
-4.948617855904799967e+00
-4.948617706955236173e+00
-4.948617557613265383e+00
-4.948617407881306995e+00
-4.948617257761771526e+00
-4.948617107257087255e+00
-4.948616956369694009e+00
-4.948616805102041383e+00
-4.948616653456581638e+00
-4.948616501435788351e+00
-4.948616349042133322e+00
-4.948616196278110557e+00
-4.948616043146213173e+00
-4.948615889648944055e+00
-4.948615735788825631e+00
-4.948615581568373223e+00
-4.948615426990127908e+00
-4.948615272056630765e+00
-4.948615116770427313e+00
-4.948614961134082613e+00
-4.948614805150164386e+00
-4.948614648821246575e+00
-4.948614492149915556e+00
-4.948614335138766585e+00
-4.948614177790395807e+00
-4.948614020107418021e+00
-4.948613862092444471e+00
-4.948613703748105053e+00
-4.948613545077027887e+00
-4.948613386081850862e+00
-4.948613226765226081e+00
-4.948613067129804755e+00
-4.948612907178248754e+00
-4.948612746913223503e+00
-4.948612586337405084e+00
-4.948612425453475794e+00
-4.948612264264122373e+00
-4.948612102772039556e+00
-4.948611940979928292e+00
-4.948611778890493085e+00
-4.948611616506447319e+00
-4.948611453830509710e+00
-4.948611290865406964e+00
-4.948611127613864014e+00
-4.948610964078618224e+00
-4.948610800262410514e+00
-4.948610636167989796e+00
-4.948610471798099653e+00
-4.948610307155498766e+00
-4.948610142242950261e+00
-4.948609977063215482e+00
-4.948609811619068211e+00
-4.948609645913277788e+00
-4.948609479948623324e+00
-4.948609313727889258e+00
-4.948609147253861806e+00
-4.948608980529327184e+00
-4.948608813557083153e+00
-4.948608646339925698e+00
-4.948608478880654360e+00
-4.948608311182074004e+00
-4.948608143246987723e+00
-4.948607975078211929e+00
-4.948607806678554155e+00
-4.948607638050831703e+00
-4.948607469197862763e+00
-4.948607300122467301e+00
-4.948607130827466172e+00
-4.948606961315686448e+00
-4.948606791589954312e+00
-4.948606621653097726e+00
-4.948606451507944648e+00
-4.948606281157328368e+00
-4.948606110604083952e+00
-4.948605939851042912e+00
-4.948605768901041202e+00
-4.948605597756913888e+00
-4.948605426421502251e+00
-4.948605254897640471e+00
-4.948605083188165388e+00
-4.948604911295919173e+00
-4.948604739223739557e+00
-4.948604566974465158e+00
-4.948604394550933705e+00
-4.948604221955987370e+00
-4.948604049192458554e+00
-4.948603876263191204e+00
-4.948603703171018608e+00
-4.948603529918777610e+00
-4.948603356509305939e+00
-4.948603182945438661e+00
-4.948603009230003735e+00
-4.948602835365833563e+00
-4.948602661355764987e+00
-4.948602487202620637e+00
-4.948602312909230250e+00
-4.948602138478416457e+00
-4.948601963913000112e+00
-4.948601789215805624e+00
-4.948601614389652070e+00
-4.948601439437351424e+00
-4.948601264361718322e+00
-4.948601089165558520e+00
-4.948600913851686656e+00
-4.948600738422900491e+00
-4.948600562882004894e+00
-4.948600387231792297e+00
-4.948600211475060462e+00
-4.948600035614602710e+00
-4.948599859653195487e+00
-4.948599683593627674e+00
-4.948599507438676603e+00
-4.948599331191116946e+00
-4.948599154853716264e+00
-4.948598978429240347e+00
-4.948598801920449652e+00
-4.948598625330098422e+00
-4.948598448660939120e+00
-4.948598271915717106e+00
-4.948598095097168859e+00
-4.948597918208035296e+00
-4.948597741251037796e+00
-4.948597564228907508e+00
-4.948597387144355153e+00
-4.948597210000099444e+00
-4.948597032798842221e+00
-4.948596855543283546e+00
-4.948596678236117263e+00
-4.948596500880030113e+00
-4.948596323477699954e+00
-4.948596146031800203e+00
-4.948595968545003387e+00
-4.948595791019960721e+00
-4.948595613459328746e+00
-4.948595435865754233e+00
-4.948595258241867967e+00
-4.948595080590306949e+00
-4.948594902913691307e+00
-4.948594725214629619e+00
-4.948594547495736684e+00
-4.948594369759607758e+00
-4.948594192008831882e+00
-4.948594014245990991e+00
-4.948593836473659913e+00
-4.948593658694403707e+00
-4.948593480910777664e+00
-4.948593303125325527e+00
-4.948593125340589260e+00
-4.948592947559100175e+00
-4.948592769783370038e+00
-4.948592592015921277e+00
-4.948592414259242567e+00
-4.948592236515834131e+00
-4.948592058788172210e+00
-4.948591881078733046e+00
-4.948591703389974228e+00
-4.948591525724351570e+00
-4.948591348084304009e+00
-4.948591170472261602e+00
-4.948590992890650853e+00
-4.948590815341877835e+00
-4.948590637828342409e+00
-4.948590460352433773e+00
-4.948590282916531358e+00
-4.948590105523000382e+00
-4.948589928174198072e+00
-4.948589750872468329e+00
-4.948589573620146176e+00
-4.948589396419548869e+00
-4.948589219272991890e+00
-4.948589042182772069e+00
-4.948588865151176464e+00
-4.948588688180478812e+00
-4.948588511272944857e+00
-4.948588334430820801e+00
-4.948588157656352848e+00
-4.948587980951758780e+00
-4.948587804319260819e+00
-4.948587627761054542e+00
-4.948587451279332861e+00
-4.948587274876269149e+00
-4.948587098554028785e+00
-4.948586922314763825e+00
-4.948586746160607674e+00
-4.948586570093688408e+00
-4.948586394116117226e+00
-4.948586218229991118e+00
-4.948586042437394639e+00
-4.948585866740402572e+00
-4.948585691141066611e+00
-4.948585515641437560e+00
-4.948585340243544906e+00
-4.948585164949399484e+00
-4.948584989761010355e+00
-4.948584814680365263e+00
-4.948584639709437738e+00
-4.948584464850189768e+00
-4.948584290104567351e+00
-4.948584115474504053e+00
-4.948583940961914784e+00
-4.948583766568706466e+00
-4.948583592296765588e+00
-4.948583418147969759e+00
-4.948583244124176161e+00
-4.948583070227230429e+00
-4.948582896458963098e+00
-4.948582722821188717e+00
-4.948582549315707624e+00
-4.948582375944304168e+00
-4.948582202708753819e+00
-4.948582029610807176e+00
-4.948581856652205069e+00
-4.948581683834669676e+00
-4.948581511159918733e+00
-4.948581338629636228e+00
-4.948581166245507035e+00
-4.948580994009190270e+00
-4.948580821922337059e+00
-4.948580649986577207e+00
-4.948580478203527200e+00
-4.948580306574786647e+00
-4.948580135101940058e+00
-4.948579963786557734e+00
-4.948579792630192209e+00
-4.948579621634379144e+00
-4.948579450800639989e+00
-4.948579280130479319e+00
-4.948579109625387495e+00
-4.948578939286836231e+00
-4.948578769116281251e+00
-4.948578599115162291e+00
-4.948578429284904878e+00
-4.948578259626916775e+00
-4.948578090142590646e+00
-4.948577920833299615e+00
-4.948577751700402594e+00
-4.948577582745241621e+00
-4.948577413969144523e+00
-4.948577245373417810e+00
-4.948577076959355558e+00
-4.948576908728235857e+00
-4.948576740681315478e+00
-4.948576572819837871e+00
-4.948576405145030499e+00
-4.948576237658103061e+00
-4.948576070360246604e+00
-4.948575903252640629e+00
-4.948575736336443320e+00
-4.948575569612795100e+00
-4.948575403082826618e+00
-4.948575236747643658e+00
-4.948575070608340454e+00
-4.948574904665992591e+00
-4.948574738921661442e+00
-4.948574573376383512e+00
-4.948574408031188199e+00
-4.948574242887080921e+00
-4.948574077945057326e+00
-4.948573913206089081e+00
-4.948573748671135419e+00
-4.948573584341135145e+00
-4.948573420217015517e+00
-4.948573256299680700e+00
-4.948573092590023315e+00
-4.948572929088916439e+00
-4.948572765797214501e+00
-4.948572602715760382e+00
-4.948572439845375648e+00
-4.948572277186866764e+00
-4.948572114741020656e+00
-4.948571952508611815e+00
-4.948571790490393418e+00
-4.948571628687104429e+00
-4.948571467099469601e+00
-4.948571305728192371e+00
-4.948571144573960190e+00
-4.948570983637443632e+00
-4.948570822919299950e+00
-4.948570662420164190e+00
-4.948570502140662519e+00
-4.948570342081394458e+00
-4.948570182242949755e+00
-4.948570022625897735e+00
-4.948569863230797949e+00
-4.948569704058184193e+00
-4.948569545108577827e+00
-4.948569386382485114e+00
-4.948569227880394550e+00
-4.948569069602776871e+00
-4.948568911550088600e+00
-4.948568753722767610e+00
-4.948568596121237562e+00
-4.948568438745902576e+00
-4.948568281597155227e+00
-4.948568124675365887e+00
-4.948567967980894267e+00
-4.948567811514083203e+00
-4.948567655275253330e+00
-4.948567499264717284e+00
-4.948567343482764613e+00
-4.948567187929670652e+00
-4.948567032605700966e+00
-4.948566877511098028e+00
-4.948566722646090987e+00
-4.948566568010891231e+00
-4.948566413605695047e+00
-4.948566259430687175e+00
-4.948566105486031930e+00
-4.948565951771877636e+00
-4.948565798288359296e+00
-4.948565645035596816e+00
-4.948565492013693223e+00
-4.948565339222732895e+00
-4.948565186662790438e+00
-4.948565034333927137e+00
-4.948564882236176743e+00
-4.948564730369569453e+00
-4.948564578734118591e+00
-4.948564427329818827e+00
-4.948564276156649733e+00
-4.948564125214577558e+00
-4.948563974503555229e+00
-4.948563824023519686e+00
-4.948563673774391880e+00
-4.948563523756078553e+00
-4.948563373968469570e+00
-4.948563224411445027e+00
-4.948563075084869034e+00
-4.948562925988587935e+00
-4.948562777122436529e+00
-4.948562628486237180e+00
-4.948562480079793602e+00
-4.948562331902896183e+00
-4.948562183955323768e+00
-4.948562036236840989e+00
-4.948561888747193827e+00
-4.948561741486122045e+00
-4.948561594453346757e+00
-4.948561447648575751e+00
-4.948561301071501717e+00
-4.948561154721808464e+00
-4.948561008599161148e+00
-4.948560862703216934e+00
-4.948560717033614331e+00
-4.948560571589982970e+00
-4.948560426371934717e+00
-4.948560281379074333e+00
-4.948560136610987037e+00
-4.948559992067249169e+00
-4.948559847747428186e+00
-4.948559703651068453e+00
-4.948559559777706340e+00
-4.948559416126872890e+00
-4.948559272698080491e+00
-4.948559129490823771e+00
-4.948558986504593804e+00
-4.948558843738866564e+00
-4.948558701193105591e+00
-4.948558558866762880e+00
-4.948558416759277101e+00
-4.948558274870078044e+00
-4.948558133198578624e+00
-4.948557991744188200e+00
-4.948557850506296596e+00
-4.948557709484287415e+00
-4.948557568677526497e+00
-4.948557428085380572e+00
-4.948557287707191499e+00
-4.948557147542298473e+00
-4.948557007590024703e+00
-4.948556867849691621e+00
-4.948556728320598452e+00
-4.948556589002040873e+00
-4.948556449893303011e+00
-4.948556310993654783e+00
-4.948556172302360778e+00
-4.948556033818670485e+00
-4.948555895541832506e+00
-4.948555757471071459e+00
-4.948555619605610190e+00
-4.948555481944667100e+00
-4.948555344487441054e+00
-4.948555207233122033e+00
-4.948555070180898241e+00
-4.948554933329939232e+00
-4.948554796679410117e+00
-4.948554660228469793e+00
-4.948554523976263830e+00
-4.948554387921925368e+00
-4.948554252064584880e+00
-4.948554116403363956e+00
-4.948553980937370866e+00
-4.948553845665712991e+00
-4.948553710587478172e+00
-4.948553575701753360e+00
-4.948553441007615739e+00
-4.948553306504135385e+00
-4.948553172190374383e+00
-4.948553038065382381e+00
-4.948552904128208141e+00
-4.948552770377887100e+00
-4.948552636813449368e+00
-4.948552503433919725e+00
-4.948552370238311404e+00
-4.948552237225631423e+00
-4.948552104394879692e+00
-4.948551971745051681e+00
-4.948551839275134867e+00
-4.948551706984106957e+00
-4.948551574870939440e+00
-4.948551442934604694e+00
-4.948551311174056444e+00
-4.948551179588251969e+00
-4.948551048176136113e+00
-4.948550916936651056e+00
-4.948550785868731872e+00
-4.948550654971309193e+00
-4.948550524243301219e+00
-4.948550393683631476e+00
-4.948550263291204843e+00
-4.948550133064936851e+00
-4.948550003003719944e+00
-4.948549873106455443e+00
-4.948549743372026910e+00
-4.948549613799326785e+00
-4.948549484387232411e+00
-4.948549355134620242e+00
-4.948549226040361404e+00
-4.948549097103320804e+00
-4.948548968322357133e+00
-4.948548839696337076e+00
-4.948548711224105112e+00
-4.948548582904511051e+00
-4.948548454736402036e+00
-4.948548326718621659e+00
-4.948548198849997526e+00
-4.948548071129372339e+00
-4.948547943555568374e+00
-4.948547816127419452e+00
-4.948547688843742520e+00
-4.948547561703356301e+00
-4.948547434705081294e+00
-4.948547307847728227e+00
-4.948547181130108719e+00
-4.948547054551024615e+00
-4.948546928109284870e+00
-4.948546801803694883e+00
-4.948546675633045844e+00
-4.948546549596139599e+00
-4.948546423691772667e+00
-4.948546297918730907e+00
-4.948546172275808175e+00
-4.948546046761792105e+00
-4.948545921375471224e+00
-4.948545796115627837e+00
-4.948545670981046030e+00
-4.948545545970504556e+00
-4.948545421082788387e+00
-4.948545296316670949e+00
-4.948545171670931886e+00
-4.948545047144348175e+00
-4.948544922735692353e+00
-4.948544798443739623e+00
-4.948544674267263410e+00
-4.948544550205036252e+00
-4.948544426255830686e+00
-4.948544302418420138e+00
-4.948544178691569151e+00
-4.948544055074054704e+00
-4.948543931564644005e+00
-4.948543808162106927e+00
-4.948543684865217784e+00
-4.948543561672742896e+00
-4.948543438583456577e+00
-4.948543315596124259e+00
-4.948543192709522920e+00
-4.948543069922421545e+00
-4.948542947233590894e+00
-4.948542824641809723e+00
-4.948542702145847905e+00
-4.948542579744477976e+00
-4.948542457436481357e+00
-4.948542335220630584e+00
-4.948542213095704412e+00
-4.948542091060481596e+00
-4.948541969113742667e+00
-4.948541847254272597e+00
-4.948541725480855469e+00
-4.948541603792270038e+00
-4.948541482187308382e+00
-4.948541360664759914e+00
-4.948541239223411381e+00
-4.948541117862058414e+00
-4.948540996579495754e+00
-4.948540875374521697e+00
-4.948540754245929207e+00
-4.948540633192527238e+00
-4.948540512213117637e+00
-4.948540391306504027e+00
-4.948540270471500691e+00
-4.948540149706919244e+00
-4.948540029011572194e+00
-4.948539908384277375e+00
-4.948539787823855285e+00
-4.948539667329130864e+00
-4.948539546898932606e+00
-4.948539426532087226e+00
-4.948539306227432100e+00
-4.948539185983800159e+00
-4.948539065800034109e+00
-4.948538945674978429e+00
-4.948538825607479374e+00
-4.948538705596385867e+00
-4.948538585640561038e+00
-4.948538465738855585e+00
-4.948538345890137080e+00
-4.948538226093271319e+00
-4.948538106347128540e+00
-4.948537986650584308e+00
-4.948537867002517743e+00
-4.948537747401813292e+00
-4.948537627847362508e+00
-4.948537508338051616e+00
-4.948537388872783715e+00
-4.948537269450455689e+00
-4.948537150069979518e+00
-4.948537030730260078e+00
-4.948536911430219121e+00
-4.948536792168776621e+00
-4.948536672944856107e+00
-4.948536553757390877e+00
-4.948536434605314227e+00
-4.948536315487572779e+00
-4.948536196403107823e+00
-4.948536077350874862e+00
-4.948535958329827622e+00
-4.948535839338931375e+00
-4.948535720377152280e+00
-4.948535601443465382e+00
-4.948535482536846608e+00
-4.948535363656287878e+00
-4.948535244800773114e+00
-4.948535125969298676e+00
-4.948535007160871579e+00
-4.948534888374496177e+00
-4.948534769609183925e+00
-4.948534650863960493e+00
-4.948534532137848885e+00
-4.948534413429880985e+00
-4.948534294739094896e+00
-4.948534176064535828e+00
-4.948534057405251652e+00
-4.948533938760304451e+00
-4.948533820128750982e+00
-4.948533701509666649e+00
-4.948533582902125971e+00
-4.948533464305206131e+00
-4.948533345718003851e+00
-4.948533227139613189e+00
-4.948533108569132644e+00
-4.948532990005671373e+00
-4.948532871448348303e+00
-4.948532752896283249e+00
-4.948532634348608461e+00
-4.948532515804454412e+00
-4.948532397262967564e+00
-4.948532278723297928e+00
-4.948532160184599960e+00
-4.948532041646040547e+00
-4.948531923106783026e+00
-4.948531804566013825e+00
-4.948531686022912268e+00
-4.948531567476672777e+00
-4.948531448926489773e+00
-4.948531330371573667e+00
-4.948531211811138419e+00
-4.948531093244401546e+00
-4.948530974670588556e+00
-4.948530856088940055e+00
-4.948530737498693988e+00
-4.948530618899102507e+00
-4.948530500289422207e+00
-4.948530381668915012e+00
-4.948530263036854393e+00
-4.948530144392520924e+00
-4.948530025735198734e+00
-4.948529907064182609e+00
-4.948529788378777994e+00
-4.948529669678285003e+00
-4.948529550962027734e+00
-4.948529432229327618e+00
-4.948529313479518521e+00
-4.948529194711936086e+00
-4.948529075925929277e+00
-4.948528957120851501e+00
-4.948528838296066823e+00
-4.948528719450942859e+00
-4.948528600584856996e+00
-4.948528481697193726e+00
-4.948528362787351753e+00
-4.948528243854721786e+00
-4.948528124898719405e+00
-4.948528005918755746e+00
-4.948527886914256158e+00
-4.948527767884650430e+00
-4.948527648829379899e+00
-4.948527529747888565e+00
-4.948527410639631974e+00
-4.948527291504071890e+00
-4.948527172340679847e+00
-4.948527053148927379e+00
-4.948526933928305560e+00
-4.948526814678307240e+00
-4.948526695398428821e+00
-4.948526576088184470e+00
-4.948526456747083913e+00
-4.948526337374653750e+00
-4.948526217970429464e+00
-4.948526098533943873e+00
-4.948525979064748448e+00
-4.948525859562394658e+00
-4.948525740026448183e+00
-4.948525620456478258e+00
-4.948525500852061221e+00
-4.948525381212786733e+00
-4.948525261538244457e+00
-4.948525141828032936e+00
-4.948525022081764924e+00
-4.948524902299055839e+00
-4.948524782479529982e+00
-4.948524662622816983e+00
-4.948524542728558906e+00
-4.948524422796398703e+00
-4.948524302825996202e+00
-4.948524182817007677e+00
-4.948524062769109833e+00
-4.948523942681969601e+00
-4.948523822555281448e+00
-4.948523702388733625e+00
-4.948523582182025038e+00
-4.948523461934862588e+00
-4.948523341646964724e+00
-4.948523221318049004e+00
-4.948523100947848974e+00
-4.948522980536098181e+00
-4.948522860082545272e+00
-4.948522739586937114e+00
-4.948522619049039228e+00
-4.948522498468613584e+00
-4.948522377845435471e+00
-4.948522257179288175e+00
-4.948522136469957644e+00
-4.948522015717237821e+00
-4.948521894920939523e+00
-4.948521774080864688e+00
-4.948521653196833014e+00
-4.948521532268672196e+00
-4.948521411296213479e+00
-4.948521290279295215e+00
-4.948521169217761972e+00
-4.948521048111471643e+00
-4.948520926960279454e+00
-4.948520805764053065e+00
-4.948520684522668134e+00
-4.948520563236010972e+00
-4.948520441903963452e+00
-4.948520320526419880e+00
-4.948520199103287887e+00
-4.948520077634472436e+00
-4.948519956119893592e+00
-4.948519834559467867e+00
-4.948519712953130423e+00
-4.948519591300815534e+00
-4.948519469602467247e+00
-4.948519347858033157e+00
-4.948519226067471521e+00
-4.948519104230744148e+00
-4.948518982347820838e+00
-4.948518860418681165e+00
-4.948518738443300258e+00
-4.948518616421675453e+00
-4.948518494353800534e+00
-4.948518372239679941e+00
-4.948518250079316338e+00
-4.948518127872730155e+00
-4.948518005619942706e+00
-4.948517883320978861e+00
-4.948517760975877700e+00
-4.948517638584677414e+00
-4.948517516147421524e+00
-4.948517393664169539e+00
-4.948517271134979190e+00
-4.948517148559916201e+00
-4.948517025939047187e+00
-4.948516903272456524e+00
-4.948516780560225925e+00
-4.948516657802446872e+00
-4.948516534999210847e+00
-4.948516412150626209e+00
-4.948516289256795098e+00
-4.948516166317837417e+00
-4.948516043333865966e+00
-4.948515920305014859e+00
-4.948515797231409330e+00
-4.948515674113187046e+00
-4.948515550950496333e+00
-4.948515427743479300e+00
-4.948515304492295819e+00
-4.948515181197103985e+00
-4.948515057858069888e+00
-4.948514934475364946e+00
-4.948514811049167683e+00
-4.948514687579658400e+00
-4.948514564067028942e+00
-4.948514440511470269e+00
-4.948514316913181332e+00
-4.948514193272371742e+00
-4.948514069589244002e+00
-4.948513945864021046e+00
-4.948513822096917814e+00
-4.948513698288165230e+00
-4.948513574437991558e+00
-4.948513450546636605e+00
-4.948513326614339292e+00
-4.948513202641346531e+00
-4.948513078627915007e+00
-4.948512954574297851e+00
-4.948512830480759739e+00
-4.948512706347568901e+00
-4.948512582174998009e+00
-4.948512457963324174e+00
-4.948512333712825395e+00
-4.948512209423797437e+00
-4.948512085096531621e+00
-4.948511960731323711e+00
-4.948511836328476576e+00
-4.948511711888294862e+00
-4.948511587411098311e+00
-4.948511462897198676e+00
-4.948511338346915700e+00
-4.948511213760582450e+00
-4.948511089138525776e+00
-4.948510964481081409e+00
-4.948510839788593074e+00
-4.948510715061403609e+00
-4.948510590299862066e+00
-4.948510465504325495e+00
-4.948510340675155383e+00
-4.948510215812712332e+00
-4.948510090917362270e+00
-4.948509965989481785e+00
-4.948509841029445688e+00
-4.948509716037636785e+00
-4.948509591014440545e+00
-4.948509465960247766e+00
-4.948509340875455464e+00
-4.948509215760457991e+00
-4.948509090615661243e+00
-4.948508965441473784e+00
-4.948508840238305062e+00
-4.948508715006574299e+00
-4.948508589746700714e+00
-4.948508464459107969e+00
-4.948508339144225943e+00
-4.948508213802486289e+00
-4.948508088434328656e+00
-4.948507963040189139e+00
-4.948507837620518046e+00
-4.948507712175763906e+00
-4.948507586706377914e+00
-4.948507461212817482e+00
-4.948507335695543574e+00
-4.948507210155027813e+00
-4.948507084591728500e+00
-4.948506959006122585e+00
-4.948506833398693239e+00
-4.948506707769913859e+00
-4.948506582120271169e+00
-4.948506456450253665e+00
-4.948506330760352512e+00
-4.948506205051065088e+00
-4.948506079322891438e+00
-4.948505953576333383e+00
-4.948505827811898072e+00
-4.948505702030099762e+00
-4.948505576231444714e+00
-4.948505450416457840e+00
-4.948505324585658727e+00
-4.948505198739571398e+00
-4.948505072878725208e+00
-4.948504947003652177e+00
-4.948504821114889651e+00
-4.948504695212974092e+00
-4.948504569298451727e+00
-4.948504443371865236e+00
-4.948504317433763511e+00
-4.948504191484699000e+00
-4.948504065525234807e+00
-4.948503939555920716e+00
-4.948503813577323385e+00
-4.948503687590011246e+00
-4.948503561594550071e+00
-4.948503435591515398e+00
-4.948503309581478327e+00
-4.948503183565019725e+00
-4.948503057542724903e+00
-4.948502931515175618e+00
-4.948502805482958955e+00
-4.948502679446667329e+00
-4.948502553406896709e+00
-4.948502427364241285e+00
-4.948502301319301466e+00
-4.948502175272681214e+00
-4.948502049224987154e+00
-4.948501923176828576e+00
-4.948501797128813884e+00
-4.948501671081561248e+00
-4.948501545035686178e+00
-4.948501418991810397e+00
-4.948501292950548525e+00
-4.948501166912540938e+00
-4.948501040878401369e+00
-4.948500914848768417e+00
-4.948500788824274466e+00
-4.948500662805552786e+00
-4.948500536793241089e+00
-4.948500410787985082e+00
-4.948500284790424253e+00
-4.948500158801206084e+00
-4.948500032820975392e+00
-4.948499906850387653e+00
-4.948499780890090349e+00
-4.948499654940739845e+00
-4.948499529002995168e+00
-4.948499403077513570e+00
-4.948499277164957633e+00
-4.948499151265989937e+00
-4.948499025381276617e+00
-4.948498899511482918e+00
-4.948498773657285632e+00
-4.948498647819345564e+00
-4.948498521998343946e+00
-4.948498396194954907e+00
-4.948498270409847244e+00
-4.948498144643710184e+00
-4.948498018897219630e+00
-4.948497893171053263e+00
-4.948497767465902086e+00
-4.948497641782444667e+00
-4.948497516121371120e+00
-4.948497390483367120e+00
-4.948497264869121892e+00
-4.948497139279329993e+00
-4.948497013714677983e+00
-4.948496888175858643e+00
-4.948496762663570081e+00
-4.948496637178501523e+00
-4.948496511721354629e+00
-4.948496386292823068e+00
-4.948496260893606724e+00
-4.948496135524401041e+00
-4.948496010185909455e+00
-4.948495884878830964e+00
-4.948495759603863675e+00
-4.948495634361712803e+00
-4.948495509153075567e+00
-4.948495383978655404e+00
-4.948495258839160194e+00
-4.948495133735286267e+00
-4.948495008667736172e+00
-4.948494883637217789e+00
-4.948494758644431002e+00
-4.948494633690081024e+00
-4.948494508774868628e+00
-4.948494383899494586e+00
-4.948494259064667666e+00
-4.948494134271085088e+00
-4.948494009519446735e+00
-4.948493884810458709e+00
-4.948493760144816456e+00
-4.948493635523225187e+00
-4.948493510946378571e+00
-4.948493386414977380e+00
-4.948493261929719722e+00
-4.948493137491296601e+00
-4.948493013100407012e+00
-4.948492888757741959e+00
-4.948492764463995996e+00
-4.948492640219855687e+00
-4.948492516026012922e+00
-4.948492391883155150e+00
-4.948492267791966270e+00
-4.948492143753131067e+00
-4.948492019767328109e+00
-4.948491895835238630e+00
-4.948491771957539420e+00
-4.948491648134906384e+00
-4.948491524368012762e+00
-4.948491400657526462e+00
-4.948491277004111843e+00
-4.948491153408437704e+00
-4.948491029871160407e+00
-4.948490906392940758e+00
-4.948490782974433344e+00
-4.948490659616289200e+00
-4.948490536319157584e+00
-4.948490413083681538e+00
-4.948490289910504103e+00
-4.948490166800258550e+00
-4.948490043753581702e+00
-4.948489920771095285e+00
-4.948489797853435235e+00
-4.948489675001209953e+00
-4.948489552215041165e+00
-4.948489429495538161e+00
-4.948489306843306679e+00
-4.948489184258948015e+00
-4.948489061743059025e+00
-4.948488939296225020e+00
-4.948488816919034861e+00
-4.948488694612067640e+00
-4.948488572375896233e+00
-4.948488450211087297e+00
-4.948488328118203050e+00
-4.948488206097801267e+00
-4.948488084150425514e+00
-4.948487962276619356e+00
-4.948487840476921917e+00
-4.948487718751852782e+00
-4.948487597101941304e+00
-4.948487475527696411e+00
-4.948487354029624363e+00
-4.948487232608229647e+00
-4.948487111263994542e+00
-4.948486989997405772e+00
-4.948486868808937622e+00
-4.948486747699057275e+00
-4.948486626668215926e+00
-4.948486505716868322e+00
-4.948486384845448782e+00
-4.948486264054391626e+00
-4.948486143344116073e+00
-4.948486022715032462e+00
-4.948485902167543138e+00
-4.948485781702034458e+00
-4.948485661318891893e+00
-4.948485541018484035e+00
-4.948485420801174151e+00
-4.948485300667305076e+00
-4.948485180617218759e+00
-4.948485060651234058e+00
-4.948484940769676932e+00
-4.948484820972841369e+00
-4.948484701261019580e+00
-4.948484581634493118e+00
-4.948484462093524883e+00
-4.948484342638366229e+00
-4.948484223269261406e+00
-4.948484103986435123e+00
-4.948483984790103207e+00
-4.948483865680464611e+00
-4.948483746657700522e+00
-4.948483627721984135e+00
-4.948483508873477099e+00
-4.948483390112319746e+00
-4.948483271438639086e+00
-4.948483152852544364e+00
-4.948483034354135057e+00
-4.948482915943487548e+00
-4.948482797620673779e+00
-4.948482679385737271e+00
-4.948482561238712663e+00
-4.948482443179613277e+00
-4.948482325208435562e+00
-4.948482207325158200e+00
-4.948482089529750994e+00
-4.948481971822153547e+00
-4.948481854202291252e+00
-4.948481736670075293e+00
-4.948481619225392869e+00
-4.948481501868118748e+00
-4.948481384598095723e+00
-4.948481267415157703e+00
-4.948481150319115507e+00
-4.948481033309759525e+00
-4.948480916386859718e+00
-4.948480799550165621e+00
-4.948480682799401009e+00
-4.948480566134273673e+00
-4.948480449554470084e+00
-4.948480333059649183e+00
-4.948480216649451258e+00
-4.948480100323492614e+00
-4.948479984081365579e+00
-4.948479867922640274e+00
-4.948479751846861063e+00
-4.948479635853551883e+00
-4.948479519942207361e+00
-4.948479404112301694e+00
-4.948479288363283324e+00
-4.948479172694568717e+00
-4.948479057105556578e+00
-4.948478941595615410e+00
-4.948478826164090627e+00
-4.948478710810295667e+00
-4.948478595533517321e+00
-4.948478480333020180e+00
-4.948478365208035079e+00
-4.948478250157765324e+00
-4.948478135181387572e+00
-4.948478020278050948e+00
-4.948477905446868164e+00
-4.948477790686930611e+00
-4.948477675997294156e+00
-4.948477561376983580e+00
-4.948477446824993464e+00
-4.948477332340294410e+00
-4.948477217921810833e+00
-4.948477103568448499e+00
-4.948476989279074978e+00
-4.948476875052520541e+00
-4.948476760887594139e+00
-4.948476646783054100e+00
-4.948476532737641875e+00
-4.948476418750051842e+00
-4.948476304818951732e+00
-4.948476190942967534e+00
-4.948476077120699479e+00
-4.948475963350693618e+00
-4.948475849631480905e+00
-4.948475735961538113e+00
-4.948475622339316260e+00
-4.948475508763220176e+00
-4.948475395231623608e+00
-4.948475281742851450e+00
-4.948475168295207283e+00
-4.948475054886935176e+00
-4.948474941516251668e+00
-4.948474828181331553e+00
-4.948474714880304326e+00
-4.948474601611258628e+00
-4.948474488372244906e+00
-4.948474375161276306e+00
-4.948474261976311794e+00
-4.948474148815272144e+00
-4.948474035676034610e+00
-4.948473922556438254e+00
-4.948473809454270622e+00
-4.948473696367276631e+00
-4.948473583293156786e+00
-4.948473470229564519e+00
-4.948473357174109744e+00
-4.948473244124347303e+00
-4.948473131077798293e+00
-4.948473018031928738e+00
-4.948472904984153153e+00
-4.948472791931844306e+00
-4.948472678872321673e+00
-4.948472565802859435e+00
-4.948472452720680259e+00
-4.948472339622950855e+00
-4.948472226506794414e+00
-4.948472113369279946e+00
-4.948472000207423172e+00
-4.948471887018191850e+00
-4.948471773798497786e+00
-4.948471660545196826e+00
-4.948471547255095082e+00
-4.948471433924946261e+00
-4.948471320551441899e+00
-4.948471207131223792e+00
-4.948471093660877784e+00
-4.948470980136932873e+00
-4.948470866555858549e+00
-4.948470752914072790e+00
-4.948470639207926958e+00
-4.948470525433724454e+00
-4.948470411587702955e+00
-4.948470297666039741e+00
-4.948470183664860578e+00
-4.948470069580223729e+00
-4.948469955408128840e+00
-4.948469841144509829e+00
-4.948469726785247325e+00
-4.948469612326151790e+00
-4.948469497762979508e+00
-4.948469383091409490e+00
-4.948469268307071900e+00
-4.948469153405522292e+00
-4.948469038382254936e+00
-4.948468923232697492e+00
-4.948468807952214554e+00
-4.948468692536100555e+00
-4.948468576979583311e+00
-4.948468461277822250e+00
-4.948468345425915516e+00
-4.948468229418882203e+00
-4.948468113251677458e+00
-4.948467996919191592e+00
-4.948467880416232312e+00
-4.948467763737547820e+00
-4.948467646877809045e+00
-4.948467529831616751e+00
-4.948467412593501535e+00
-4.948467295157914059e+00
-4.948467177519240146e+00
-4.948467059671788348e+00
-4.948466941609786396e+00
-4.948466823327396291e+00
-4.948466704818700101e+00
-4.948466586077699958e+00
-4.948466467098330490e+00
-4.948466347874437510e+00
-4.948466228399801992e+00
-4.948466108668117869e+00
-4.948465988673000027e+00
-4.948465868407982526e+00
-4.948465747866528375e+00
-4.948465627042012649e+00
-4.948465505927729602e+00
-4.948465384516890886e+00
-4.948465262802634435e+00
-4.948465140778004923e+00
-4.948465018435967977e+00
-4.948464895769407512e+00
-4.948464772771119513e+00
-4.948464649433814699e+00
-4.948464525750119414e+00
-4.948464401712580063e+00
-4.948464277313647131e+00
-4.948464152545687611e+00
-4.948464027400982346e+00
-4.948463901871722470e+00
-4.948463775950012078e+00
-4.948463649627860228e+00
-4.948463522897192490e+00
-4.948463395749845617e+00
-4.948463268177559549e+00
-4.948463140171978303e+00
-4.948463011724671290e+00
-4.948462882827101339e+00
-4.948462753470638908e+00
-4.948462623646564751e+00
-4.948462493346066360e+00
-4.948462362560235306e+00
-4.948462231280061019e+00
-4.948462099496449440e+00
-4.948461967200206146e+00
-4.948461834382029245e+00
-4.948461701032536908e+00
-4.948461567142236284e+00
-4.948461432701541263e+00
-4.948461297700768036e+00
-4.948461162130127988e+00
-4.948461025979741912e+00
-4.948460889239617799e+00
-4.948460751899673049e+00
-4.948460613949722919e+00
-4.948460475379472534e+00
-4.948460336178531094e+00
-4.948460196336401218e+00
-4.948460055842488714e+00
-4.948459914686086591e+00
-4.948459772856388383e+00
-4.948459630342481930e+00
-4.948459487133347601e+00
-4.948459343217864514e+00
-4.948459198584799879e+00
-4.948459053222811654e+00
-4.948458907120461880e+00
-4.948458760266194467e+00
-4.948458612648344968e+00
-4.948458464255145017e+00
-4.948458315074711678e+00
-4.948458165095059869e+00
-4.948458014304085495e+00
-4.948457862689572551e+00
-4.948457710239203777e+00
-4.948457556940545565e+00
-4.948457402781046177e+00
-4.948457247748048182e+00
-4.948457091828777799e+00
-4.948456935010347557e+00
-4.948456777279756302e+00
-4.948456618623889192e+00
-4.948456459029518584e+00
-4.948456298483289828e+00
-4.948456136971751462e+00
-4.948455974481317021e+00
-4.948455810998297011e+00
-4.948455646508873151e+00
-4.948455480999119693e+00
-4.948455314454990095e+00
-4.948455146862316134e+00
-4.948454978206811461e+00
-4.948454808474071598e+00
-4.948454637649572163e+00
-4.948454465718671536e+00
-4.948454292666602861e+00
-4.948454118478479380e+00
-4.948453943139295319e+00
-4.948453766633924111e+00
-4.948453588947112181e+00
-4.948453410063486047e+00
-4.948453229967556766e+00
-4.948453048643697727e+00
-4.948452866076166856e+00
-4.948452682249103063e+00
-4.948452497146514695e+00
-4.948452310752283090e+00
-4.948452123050170570e+00
-4.948451934023815113e+00
-4.948451743656723245e+00
-4.948451551932278925e+00
-4.948451358833740876e+00
-4.948451164344238151e+00
-4.948450968446776344e+00
-4.948450771124230485e+00
-4.948450572359356592e+00
-4.948450372134769459e+00
-4.948450170432963091e+00
-4.948449967236308034e+00
-4.948449762527039830e+00
-4.948449556287266127e+00
-4.948449348498964895e+00
-4.948449139143987097e+00
-4.948448928204053132e+00
-4.948448715660755504e+00
-4.948448501495552598e+00
-4.948448285689775794e+00
-4.948448068224621466e+00
-4.948447849081158978e+00
-4.948447628240330687e+00
-4.948447405682939504e+00
-4.948447181389665772e+00
-4.948446955341043285e+00
-4.948446727517492150e+00
-4.948446497899286811e+00
-4.948446266466580035e+00
-4.948446033199385141e+00
-4.948445798077585778e+00
-4.948445561080927924e+00
-4.948445322189036766e+00
-4.948445081381392718e+00
-4.948444838637346521e+00
-4.948444593936117464e+00
-4.948444347256791609e+00
-4.948444098578321793e+00
-4.948443847879521407e+00
-4.948443595139078610e+00
-4.948443340335543894e+00
-4.948443083447333635e+00
-4.948442824452730093e+00
-4.948442563329884081e+00
-4.948442300056809628e+00
-4.948442034611385765e+00
-4.948441766971368061e+00
-4.948441497114356658e+00
-4.948441225017839784e+00
-4.948440950659154680e+00
-4.948440674015516905e+00
-4.948440395064000796e+00
-4.948440113781544802e+00
-4.948439830144958584e+00
-4.948439544130915912e+00
-4.948439255715956442e+00
-4.948438964876480384e+00
-4.948438671588763604e+00
-4.948438375828936309e+00
-4.948438077573007021e+00
-4.948437776796841270e+00
-4.948437473476170467e+00
-4.948437167586599905e+00
-4.948436859103595431e+00
-4.948436548002490554e+00
-4.948436234258481115e+00
-4.948435917846637722e+00
-4.948435598741888874e+00
-4.948435276919039616e+00
-4.948434952352752880e+00
-4.948434625017563704e+00
-4.948434294887871232e+00
-4.948433961937945824e+00
-4.948433626141921060e+00
-4.948433287473804398e+00
-4.948432945907464742e+00
-4.948432601416645760e+00
-4.948432253974946349e+00
-4.948431903555856159e+00
-4.948431550132709411e+00
-4.948431193678729301e+00
-4.948430834166995140e+00
-4.948430471570459233e+00
-4.948430105861947759e+00
-4.948429737014153673e+00
-4.948429364999639368e+00
-4.948428989790838450e+00
-4.948428611360060181e+00
-4.948428229679477042e+00
-4.948427844721138058e+00
-4.948427456456963469e+00
-4.948427064858743840e+00
-4.948426669898144503e+00
-4.948426271546705557e+00
-4.948425869775830321e+00
-4.948425464556813758e+00
-4.948425055860804278e+00
-4.948424643658841049e+00
-4.948424227921830010e+00
-4.948423808620549202e+00
-4.948423385725665646e+00
-4.948422959207707805e+00
-4.948422529037085127e+00
-4.948422095184089819e+00
-4.948421657618881753e+00
-4.948421216311510662e+00
-4.948420771231888615e+00
-4.948420322349824652e+00
-4.948419869634991031e+00
-4.948419413056949878e+00
-4.948418952585138975e+00
-4.948418488188878861e+00
-4.948418019837373727e+00
-4.948417547499699864e+00
-4.948417071144826984e+00
-4.948416590741604892e+00
-4.948416106258759939e+00
-4.948415617664916333e+00
-4.948415124928564168e+00
-4.948414628018100281e+00
-4.948414126901785615e+00
-4.948413621547788743e+00
-4.948413111924142349e+00
-4.948412597998789408e+00
-4.948412079739551217e+00
-4.948411557114131831e+00
-4.948411030090132279e+00
-4.948410498635042565e+00
-4.948409962716248778e+00
-4.948409422301020655e+00
-4.948408877356516911e+00
-4.948408327849805666e+00
-4.948407773747833360e+00
-4.948407215017445182e+00
-4.948406651625385066e+00
-4.948406083538289479e+00
-4.948405510722691858e+00
-4.948404933145023499e+00
-4.948404350771616222e+00
-4.948403763568694380e+00
-4.948403171502392617e+00
-4.948402574538732779e+00
-4.948401972643648783e+00
-4.948401365782975070e+00
-4.948400753922442163e+00
-4.948400137027688217e+00
-4.948399515064264342e+00
-4.948398887997613294e+00
-4.948398255793093448e+00
-4.948397618415963706e+00
-4.948396975831401257e+00
-4.948396328004480260e+00
-4.948395674900192276e+00
-4.948395016483432940e+00
-4.948394352719019729e+00
-4.948393683571676860e+00
-4.948393009006037957e+00
-4.948392328986656707e+00
-4.948391643478000645e+00
-4.948390952444452928e+00
-4.948390255850315889e+00
-4.948389553659802154e+00
-4.948388845837056849e+00
-4.948388132346135393e+00
-4.948387413151019487e+00
-4.948386688215603790e+00
-4.948385957503718124e+00
-4.948385220979110599e+00
-4.948384478605451164e+00
-4.948383730346341380e+00
-4.948382976165309088e+00
-4.948382216025806635e+00
-4.948381449891220640e+00
-4.948380677724865784e+00
-4.948379899489988354e+00
-4.948379115149764473e+00
-4.948378324667306316e+00
-4.948377528005663883e+00
-4.948376725127814346e+00
-4.948375915996681584e+00
-4.948375100575116647e+00
-4.948374278825919959e+00
-4.948373450711827992e+00
-4.948372616195518603e+00
-4.948371775239610137e+00
-4.948370927806664099e+00
-4.948370073859194029e+00
-4.948369213359650409e+00
-4.948368346270431317e+00
-4.948367472553892199e+00
-4.948366592172331657e+00
-4.948365705087995003e+00
-4.948364811263086693e+00
-4.948363910659758780e+00
-4.948363003240122460e+00
-4.948362088966240080e+00
-4.948361167800129579e+00
-4.948360239703776919e+00
-4.948359304639112111e+00
-4.948358362568036739e+00
-4.948357413452407982e+00
-4.948356457254050156e+00
-4.948355493934748495e+00
-4.948354523456254483e+00
-4.948353545780287632e+00
-4.948352560868533700e+00
-4.948351568682648249e+00
-4.948350569184258418e+00
-4.948349562334958485e+00
-4.948348548096320521e+00
-4.948347526429895282e+00
-4.948346497297197111e+00
-4.948345460659726136e+00
-4.948344416478954955e+00
-4.948343364716344617e+00
-4.948342305333333080e+00
-4.948341238291334321e+00
-4.948340163551752546e+00
-4.948339081075978640e+00
-4.948337990825381283e+00
-4.948336892761328265e+00
-4.948335786845169615e+00
-4.948334673038242038e+00
-4.948333551301884015e+00
-4.948332421597418929e+00
-4.948331283886171938e+00
-4.948330138129455769e+00
-4.948328984288586696e+00
-4.948327822324876557e+00
-4.948326652199641629e+00
-4.948325473874191083e+00
-4.948324287309850966e+00
-4.948323092467936668e+00
-4.948321889309778676e+00
-4.948320677796712808e+00
-4.948319457890081985e+00
-4.948318229551240677e+00
-4.948316992741555786e+00
-4.948315747422400435e+00
-4.948314493555173499e+00
-4.948313231101279186e+00
-4.948311960022143019e+00
-4.948310680279215390e+00
-4.948309391833952908e+00
-4.948308094647846822e+00
-4.948306788682407920e+00
-4.948305473899162088e+00
-4.948304150259676071e+00
-4.948302817725534375e+00
-4.948301476258354370e+00
-4.948300125819782735e+00
-4.948298766371493684e+00
-4.948297397875203174e+00
-4.948296020292657360e+00
-4.948294633585638813e+00
-4.948293237715963855e+00
-4.948291832645499433e+00
-4.948290418336139140e+00
-4.948288994749831637e+00
-4.948287561848558447e+00
-4.948286119594357046e+00
-4.948284667949301330e+00
-4.948283206875516704e+00
-4.948281736335186309e+00
-4.948280256290531476e+00
-4.948278766703833931e+00
-4.948277267537433133e+00
-4.948275758753710285e+00
-4.948274240315118533e+00
-4.948272712184164313e+00
-4.948271174323415345e+00
-4.948269626695492640e+00
-4.948268069263097146e+00
-4.948266501988978661e+00
-4.948264924835964251e+00
-4.948263337766938719e+00
-4.948261740744865023e+00
-4.948260133732773625e+00
-4.948258516693767817e+00
-4.948256889591023722e+00
-4.948255252387791181e+00
-4.948253605047400860e+00
-4.948251947533263362e+00
-4.948250279808858565e+00
-4.948248601837758720e+00
-4.948246913583616013e+00
-4.948245215010165232e+00
-4.948243506081227316e+00
-4.948241786760711136e+00
-4.948240057012618820e+00
-4.948238316801035985e+00
-4.948236566090139732e+00
-4.948234804844208412e+00
-4.948233033027607419e+00
-4.948231250604808729e+00
-4.948229457540367804e+00
-4.948227653798952019e+00
-4.948225839345323784e+00
-4.948224014144352978e+00
-4.948222178161002738e+00
-4.948220331360353441e+00
-4.948218473707590270e+00
-4.948216605167999660e+00
-4.948214725706981731e+00
-4.948212835290052958e+00
-4.948210933882839058e+00
-4.948209021451076772e+00
-4.948207097960621859e+00
-4.948205163377450866e+00
-4.948203217667650478e+00
-4.948201260797438827e+00
-4.948199292733145072e+00
-4.948197313441228040e+00
-4.948195322888270020e+00
-4.948193321040978532e+00
-4.948191307866189881e+00
-4.948189283330864718e+00
-4.948187247402108468e+00
-4.948185200047136689e+00
-4.948183141233317706e+00
-4.948181070928137970e+00
-4.948178989099241143e+00
-4.948176895714389012e+00
-4.948174790741493467e+00
-4.948172674148603178e+00
-4.948170545903906259e+00
-4.948168405975740924e+00
-4.948166254332585723e+00
-4.948164090943065752e+00
-4.948161915775953545e+00
-4.948159728800173518e+00
-4.948157529984795744e+00
-4.948155319299049282e+00
-4.948153096712307963e+00
-4.948150862194101940e+00
-4.948148615714127452e+00
-4.948146357242223736e+00
-4.948144086748397008e+00
-4.948141804202813354e+00
-4.948139509575793404e+00
-4.948137202837830984e+00
-4.948134883959578012e+00
-4.948132552911848059e+00
-4.948130209665634105e+00
-4.948127854192080122e+00
-4.948125486462513933e+00
-4.948123106448426789e+00
-4.948120714121484909e+00
-4.948118309453525043e+00
-4.948115892416560690e+00
-4.948113462982781208e+00
-4.948111021124553588e+00
-4.948108566814417131e+00
-4.948106100025103871e+00
-4.948103620729511931e+00
-4.948101128900732171e+00
-4.948098624512036636e+00
-4.948096107536878563e+00
-4.948093577948898592e+00
-4.948091035721927433e+00
-4.948088480829983205e+00
-4.948085913247269652e+00
-4.948083332948186808e+00
-4.948080739907321224e+00
-4.948078134099457515e+00
-4.948075515499571253e+00
-4.948072884082837852e+00
-4.948070239824624572e+00
-4.948067582700497624e+00
-4.948064912686223948e+00
-4.948062229757769437e+00
-4.948059533891302486e+00
-4.948056825063191333e+00
-4.948054103250008495e+00
-4.948051368428534325e+00
-4.948048620575749901e+00
-4.948045859668845914e+00
-4.948043085685223552e+00
-4.948040298602484732e+00
-4.948037498398448975e+00
-4.948034685051145409e+00
-4.948031858538811889e+00
-4.948029018839902093e+00
-4.948026165933084641e+00
-4.948023299797237762e+00
-4.948020420411463505e+00
-4.948017527755076195e+00
-4.948014621807611313e+00
-4.948011702548819279e+00
-4.948008769958670783e+00
-4.948005824017368326e+00
-4.948002864705317805e+00
-4.947999892003159594e+00
-4.947996905891757891e+00
-4.947993906352198934e+00
-4.947990893365795451e+00
-4.947987866914085764e+00
-4.947984826978840012e+00
-4.947981773542045936e+00
-4.947978706585928421e+00
-4.947975626092945056e+00
-4.947972532045779026e+00
-4.947969424427344443e+00
-4.947966303220787232e+00
-4.947963168409492241e+00
-4.947960019977075241e+00
-4.947956857907386485e+00
-4.947953682184511592e+00
-4.947950492792770660e+00
-4.947947289716720931e+00
-4.947944072941163896e+00
-4.947940842451137300e+00
-4.947937598231907153e+00
-4.947934340268993481e+00
-4.947931068548151678e+00
-4.947927783055377837e+00
-4.947924483776907856e+00
-4.947921170699228988e+00
-4.947917843809057636e+00
-4.947914503093363336e+00
-4.947911148539366089e+00
-4.947907780134518596e+00
-4.947904397866523141e+00
-4.947901001723330694e+00
-4.947897591693140029e+00
-4.947894167764392392e+00
-4.947890729925779496e+00
-4.947887278166245295e+00
-4.947883812474975329e+00
-4.947880332841412709e+00
-4.947876839255242132e+00
-4.947873331706404976e+00
-4.947869810185093975e+00
-4.947866274681746113e+00
-4.947862725187060384e+00
-4.947859161691977370e+00
-4.947855584187700551e+00
-4.947851992665680321e+00
-4.947848387117616653e+00
-4.947844767535479527e+00
-4.947841133911474287e+00
-4.947837486238072735e+00
-4.947833824507993583e+00
-4.947830148714217557e+00
-4.947826458849980291e+00
-4.947822754908768772e+00
-4.947819036884329336e+00
-4.947815304770665890e+00
-4.947811558562033696e+00
-4.947807798252954470e+00
-4.947804023838195064e+00
-4.947800235312790562e+00
-4.947796432672026512e+00
-4.947792615911451364e+00
-4.947788785026863145e+00
-4.947784940014332555e+00
-4.947781080870173653e+00
-4.947777207590965176e+00
-4.947773320173551426e+00
-4.947769418615022730e+00
-4.947765502912732316e+00
-4.947761573064299867e+00
-4.947757629067594642e+00
-4.947753670920747027e+00
-4.947749698622151193e+00
-4.947745712170455334e+00
-4.947741711564565215e+00
-4.947737696803657492e+00
-4.947733667887155740e+00
-4.947729624814741989e+00
-4.947725567586365614e+00
-4.947721496202234448e+00
-4.947717410662805015e+00
-4.947713310968804734e+00
-4.947709197121214153e+00
-4.947705069121269617e+00
-4.947700926970473922e+00
-4.947696770670586552e+00
-4.947692600223616566e+00
-4.947688415631840364e+00
-4.947684216897787479e+00
-4.947680004024250344e+00
-4.947675777014276299e+00
-4.947671535871167592e+00
-4.947667280598484929e+00
-4.947663011200051031e+00
-4.947658727679939972e+00
-4.947654430042484286e+00
-4.947650118292266086e+00
-4.947645792434138379e+00
-4.947641452473194867e+00
-4.947637098414792156e+00
-4.947632730264540868e+00
-4.947628348028304757e+00
-4.947623951712201595e+00
-4.947619541322606729e+00
-4.947615116866145080e+00
-4.947610678349698254e+00
-4.947606225780397438e+00
-4.947601759165624280e+00
-4.947597278513019781e+00
-4.947592783830470076e+00
-4.947588275126114432e+00
-4.947583752408342583e+00
-4.947579215685797394e+00
-4.947574664967363312e+00
-4.947570100262180581e+00
-4.947565521579637249e+00
-4.947560928929367385e+00
-4.947556322321254640e+00
-4.947551701765430465e+00
-4.947547067272267007e+00
-4.947542418852386881e+00
-4.947537756516662277e+00
-4.947533080276196316e+00
-4.947528390142348798e+00
-4.947523686126727327e+00
-4.947518968241157999e+00
-4.947514236497735141e+00
-4.947509490908785779e+00
-4.947504731486868756e+00
-4.947499958244796936e+00
-4.947495171195610553e+00
-4.947490370352599420e+00
-4.947485555729284279e+00
-4.947480727339423900e+00
-4.947475885197014200e+00
-4.947471029316286462e+00
-4.947466159711711775e+00
-4.947461276397988605e+00
-4.947456379390053449e+00
-4.947451468703070177e+00
-4.947446544352442466e+00
-4.947441606353795152e+00
-4.947436654722995542e+00
-4.947431689476126770e+00
-4.947426710629511781e+00
-4.947421718199692897e+00
-4.947416712203448697e+00
-4.947411692657775362e+00
-4.947406659579890231e+00
-4.947401612987251340e+00
-4.947396552897521005e+00
-4.947391479328599573e+00
-4.947386392298595226e+00
-4.947381291825851513e+00
-4.947376177928916263e+00
-4.947371050626562905e+00
-4.947365909937785133e+00
-4.947360755881788030e+00
-4.947355588477995170e+00
-4.947350407746044176e+00
-4.947345213705786726e+00
-4.947340006377285881e+00
-4.947334785780812538e+00
-4.947329551936858749e+00
-4.947324304866117295e+00
-4.947319044589490566e+00
-4.947313771128093229e+00
-4.947308484503236237e+00
-4.947303184736447257e+00
-4.947297871849451134e+00
-4.947292545864174329e+00
-4.947287206802752912e+00
-4.947281854687521019e+00
-4.947276489541003741e+00
-4.947271111385935782e+00
-4.947265720245246357e+00
-4.947260316142057412e+00
-4.947254899099691627e+00
-4.947249469141661748e+00
-4.947244026291669705e+00
-4.947238570573620819e+00
-4.947233102011601602e+00
-4.947227620629886857e+00
-4.947222126452948565e+00
-4.947216619505435453e+00
-4.947211099812189872e+00
-4.947205567398230919e+00
-4.947200022288773980e+00
-4.947194464509196976e+00
-4.947188894085078559e+00
-4.947183311042164355e+00
-4.947177715406382958e+00
-4.947172107203839708e+00
-4.947166486460817580e+00
-4.947160853203768305e+00
-4.947155207459325688e+00
-4.947149549254288736e+00
-4.947143878615626100e+00
-4.947138195570483177e+00
-4.947132500146167899e+00
-4.947126792370162285e+00
-4.947121072270104669e+00
-4.947115339873800366e+00
-4.947109595209220778e+00
-4.947103838304501622e+00
-4.947098069187929603e+00
-4.947092287887959294e+00
-4.947086494433196258e+00
-4.947080688852412145e+00
-4.947074871174523381e+00
-4.947069041428605374e+00
-4.947063199643885412e+00
-4.947057345849742660e+00
-4.947051480075701946e+00
-4.947045602351440863e+00
-4.947039712706788883e+00
-4.947033811171708706e+00
-4.947027897776313132e+00
-4.947021972550864177e+00
-4.947016035525755306e+00
-4.947010086731526535e+00
-4.947004126198857321e+00
-4.946998153958557687e+00
-4.946992170041582426e+00
-4.946986174479016007e+00
-4.946980167302077014e+00
-4.946974148542117256e+00
-4.946968118230619105e+00
-4.946962076399190167e+00
-4.946956023079572162e+00
-4.946949958303624051e+00
-4.946943882103346013e+00
-4.946937794510843922e+00
-4.946931695558354214e+00
-4.946925585278235893e+00
-4.946919463702961650e+00
-4.946913330865130298e+00
-4.946907186797447231e+00
-4.946901031532741300e+00
-4.946894865103945271e+00
-4.946888687544119811e+00
-4.946882498886425061e+00
-4.946876299164132185e+00
-4.946870088410618926e+00
-4.946863866659377607e+00
-4.946857633943998245e+00
-4.946851390298173001e+00
-4.946845135755704170e+00
-4.946838870350494410e+00
-4.946832594116538750e+00
-4.946826307087937913e+00
-4.946820009298884990e+00
-4.946813700783671663e+00
-4.946807381576678431e+00
-4.946801051712381714e+00
-4.946794711225357410e+00
-4.946788360150250696e+00
-4.946781998521816881e+00
-4.946775626374884993e+00
-4.946769243744377320e+00
-4.946762850665288980e+00
-4.946756447172712789e+00
-4.946750033301814398e+00
-4.946743609087834948e+00
-4.946737174566105288e+00
-4.946730729772026436e+00
-4.946724274741075789e+00
-4.946717809508805352e+00
-4.946711334110844405e+00
-4.946704848582887060e+00
-4.946698352960698486e+00
-4.946691847280119347e+00
-4.946685331577054257e+00
-4.946678805887466446e+00
-4.946672270247394643e+00
-4.946665724692934418e+00
-4.946659169260248845e+00
-4.946652603985557839e+00
-4.946646028905134607e+00
-4.946639444055322521e+00
-4.946632849472516469e+00
-4.946626245193158411e+00
-4.946619631253757809e+00
-4.946613007690864983e+00
-4.946606374541089757e+00
-4.946599731841086367e+00
-4.946593079627555234e+00
-4.946586417937255398e+00
-4.946579746806977873e+00
-4.946573066273569630e+00
-4.946566376373907836e+00
-4.946559677144922063e+00
-4.946552968623580959e+00
-4.946546250846890480e+00
-4.946539523851892106e+00
-4.946532787675666398e+00
-4.946526042355328556e+00
-4.946519287928028419e+00
-4.946512524430949576e+00
-4.946505751901305814e+00
-4.946498970376337567e+00
-4.946492179893317243e+00
-4.946485380489547445e+00
-4.946478572202353874e+00
-4.946471755069085319e+00
-4.946464929127119881e+00
-4.946458094413850759e+00
-4.946451250966702240e+00
-4.946444398823107491e+00
-4.946437538020531655e+00
-4.946430668596441649e+00
-4.946423790588334590e+00
-4.946416904033716477e+00
-4.946410008970106631e+00
-4.946403105435040359e+00
-4.946396193466060076e+00
-4.946389273100724182e+00
-4.946382344376596407e+00
-4.946375407331250251e+00
-4.946368462002262767e+00
-4.946361508427224329e+00
-4.946354546643718209e+00
-4.946347576689344550e+00
-4.946340598601695504e+00
-4.946333612418364112e+00
-4.946326618176954071e+00
-4.946319615915055756e+00
-4.946312605670264873e+00
-4.946305587480172683e+00
-4.946298561382361569e+00
-4.946291527414409472e+00
-4.946284485613897886e+00
-4.946277436018386098e+00
-4.946270378665431622e+00
-4.946263313592579536e+00
-4.946256240837372253e+00
-4.946249160437326431e+00
-4.946242072429960501e+00
-4.946234976852766252e+00
-4.946227873743226588e+00
-4.946220763138813759e+00
-4.946213645076966259e+00
-4.946206519595120810e+00
-4.946199386730691039e+00
-4.946192246521063929e+00
-4.946185099003615804e+00
-4.946177944215690125e+00
-4.946170782194617033e+00
-4.946163612977696467e+00
-4.946156436602204387e+00
-4.946149253105396326e+00
-4.946142062524494953e+00
-4.946134864896691852e+00
-4.946127660259165282e+00
-4.946120448649046430e+00
-4.946113230103446945e+00
-4.946106004659448274e+00
-4.946098772354091011e+00
-4.946091533224389991e+00
-4.946084287307322747e+00
-4.946077034639834835e+00
-4.946069775258835399e+00
-4.946062509201196278e+00
-4.946055236503750230e+00
-4.946047957203298928e+00
-4.946040671336598749e+00
-4.946033378940371428e+00
-4.946026080051294294e+00
-4.946018774706002041e+00
-4.946011462941098280e+00
-4.946004144793128887e+00
-4.945996820298610430e+00
-4.945989489494004410e+00
-4.945982152415735023e+00
-4.945974809100177616e+00
-4.945967459583661352e+00
-4.945960103902467431e+00
-4.945952742092837973e+00
-4.945945374190952037e+00
-4.945938000232952270e+00
-4.945930620254925358e+00
-4.945923234292910919e+00
-4.945915842382896166e+00
-4.945908444560815020e+00
-4.945901040862555220e+00
-4.945893631323945883e+00
-4.945886215980767275e+00
-4.945878794868741934e+00
-4.945871368023540882e+00
-4.945863935480774742e+00
-4.945856497276007069e+00
-4.945849053444741905e+00
-4.945841604022421123e+00
-4.945834149044439521e+00
-4.945826688546123506e+00
-4.945819222562753303e+00
-4.945811751129533640e+00
-4.945804274281632829e+00
-4.945796792054134805e+00
-4.945789304482084425e+00
-4.945781811600456379e+00
-4.945774313444158743e+00
-4.945766810048051632e+00
-4.945759301446924106e+00
-4.945751787675506606e+00
-4.945744268768462959e+00
-4.945736744760398373e+00
-4.945729215685852331e+00
-4.945721681579303919e+00
-4.945714142475162944e+00
-4.945706598407777932e+00
-4.945699049411434345e+00
-4.945691495520344816e+00
-4.945683936768668687e+00
-4.945676373190488029e+00
-4.945668804819824516e+00
-4.945661231690634096e+00
-4.945653653836808772e+00
-4.945646071292163271e+00
-4.945638484090452813e+00
-4.945630892265367784e+00
-4.945623295850525736e+00
-4.945615694879478497e+00
-4.945608089385708617e+00
-4.945600479402635585e+00
-4.945592864963604285e+00
-4.945585246101891208e+00
-4.945577622850709787e+00
-4.945569995243199735e+00
-4.945562363312435039e+00
-4.945554727091417746e+00
-4.945547086613079735e+00
-4.945539441910290712e+00
-4.945531793015842226e+00
-4.945524139962461874e+00
-4.945516482782804424e+00
-4.945508821509456254e+00
-4.945501156174935353e+00
-4.945493486811687767e+00
-4.945485813452091151e+00
-4.945478136128454771e+00
-4.945470454873010624e+00
-4.945462769717934748e+00
-4.945455080695317918e+00
-4.945447387837188735e+00
-4.945439691175509189e+00
-4.945431990742166661e+00
-4.945424286568975702e+00
-4.945416578687690468e+00
-4.945408867129985175e+00
-4.945401151927474537e+00
-4.945393433111694215e+00
-4.945385710714123029e+00
-4.945377984766155421e+00
-4.945370255299126327e+00
-4.945362522344299627e+00
-4.945354785932867259e+00
-4.945347046095959875e+00
-4.945339302864633524e+00
-4.945331556269874085e+00
-4.945323806342609707e+00
-4.945316053113683274e+00
-4.945308296613885268e+00
-4.945300536873934227e+00
-4.945292773924480301e+00
-4.945285007796101695e+00
-4.945277238519318885e+00
-4.945269466124575963e+00
-4.945261690642261954e+00
-4.945253912102688609e+00
-4.945246130536105511e+00
-4.945238345972699179e+00
-4.945230558442592184e+00
-4.945222767975834266e+00
-4.945214974602416547e+00
-4.945207178352263533e+00
-4.945199379255240224e+00
-4.945191577341135236e+00
-4.945183772639692776e+00
-4.945175965180575339e+00
-4.945168154993394793e+00
-4.945160342107699059e+00
-4.945152526552965000e+00
-4.945144708358622410e+00
-4.945136887554026472e+00
-4.945129064168479971e+00
-4.945121238231224403e+00
-4.945113409771436430e+00
-4.945105578818236758e+00
-4.945097745400686584e+00
-4.945089909547789375e+00
-4.945082071288490866e+00
-4.945074230651678171e+00
-4.945066387666176233e+00
-4.945058542360762033e+00
-4.945050694764154819e+00
-4.945042844905007229e+00
-4.945034992811932817e+00
-4.945027138513476750e+00
-4.945019282038136232e+00
-4.945011423414354290e+00
-4.945003562670526875e+00
-4.944995699834979774e+00
-4.944987834936004134e+00
-4.944979968001833370e+00
-4.944972099060648496e+00
-4.944964228140579898e+00
-4.944956355269710890e+00
-4.944948480476075048e+00
-4.944940603787655320e+00
-4.944932725232387583e+00
-4.944924844838161526e+00
-4.944916962632814439e+00
-4.944909078644145417e+00
-4.944901192899902043e+00
-4.944893305427791041e+00
-4.944885416255470290e+00
-4.944877525410555918e+00
-4.944869632920624092e+00
-4.944861738813203011e+00
-4.944853843115783576e+00
-4.944845945855808722e+00
-4.944838047060691189e+00
-4.944830146757793976e+00
-4.944822244974448111e+00
-4.944814341737945540e+00
-4.944806437075533800e+00
-4.944798531014431120e+00
-4.944790623581812206e+00
-4.944782714804824231e+00
-4.944774804710574401e+00
-4.944766893326135282e+00
-4.944758980678548355e+00
-4.944751066794816907e+00
-4.944743151701921136e+00
-4.944735235426800379e+00
-4.944727317996372662e+00
-4.944719399437517815e+00
-4.944711479777091689e+00
-4.944703559041919938e+00
-4.944695637258798904e+00
-4.944687714454500060e+00
-4.944679790655770013e+00
-4.944671865889327833e+00
-4.944663940181869499e+00
-4.944656013560061680e+00
-4.944648086050558611e+00
-4.944640157679983439e+00
-4.944632228474935332e+00
-4.944624298462006351e+00
-4.944616367667752144e+00
-4.944608436118723027e+00
-4.944600503841442674e+00
-4.944592570862416103e+00
-4.944584637208137678e+00
-4.944576702905081333e+00
-4.944568767979709456e+00
-4.944560832458467559e+00
-4.944552896367781614e+00
-4.944544959734075817e+00
-4.944537022583756603e+00
-4.944529084943220631e+00
-4.944521146838851244e+00
-4.944513208297028228e+00
-4.944505269344109166e+00
-4.944497330006459634e+00
-4.944489390310432775e+00
-4.944481450282370183e+00
-4.944473509948614343e+00
-4.944465569335498856e+00
-4.944457628469351995e+00
-4.944449687376506475e+00
-4.944441746083284350e+00
-4.944433804616011230e+00
-4.944425863001009169e+00
-4.944417921264605553e+00
-4.944409979433118885e+00
-4.944402037532879213e+00
-4.944394095590214810e+00
-4.944386153631455727e+00
-4.944378211682940005e+00
-4.944370269771010129e+00
-4.944362327922012135e+00
-4.944354386162300052e+00
-4.944346444518233241e+00
-4.944338503016183495e+00
-4.944330561682530600e+00
-4.944322620543660562e+00
-4.944314679625972708e+00
-4.944306738955878799e+00
-4.944298798559802144e+00
-4.944290858464178484e+00
-4.944282918695458662e+00
-4.944274979280105953e+00
-4.944267040244598732e+00
-4.944259101615442020e+00
-4.944251163419137285e+00
-4.944243225682223297e+00
-4.944235288431250375e+00
-4.944227351692789263e+00
-4.944219415493424030e+00
-4.944211479859768943e+00
-4.944203544818459584e+00
-4.944195610396147522e+00
-4.944187676619513638e+00
-4.944179743515258352e+00
-4.944171811110111392e+00
-4.944163879430824693e+00
-4.944155948504177722e+00
-4.944148018356980145e+00
-4.944140089016066497e+00
-4.944132160508294405e+00
-4.944124232860564128e+00
-4.944116306099798130e+00
-4.944108380252944634e+00
-4.944100455346992717e+00
-4.944092531408959879e+00
-4.944084608465899144e+00
-4.944076686544892851e+00
-4.944068765673061527e+00
-4.944060845877560340e+00
-4.944052927185578206e+00
-4.944045009624344011e+00
-4.944037093221119505e+00
-4.944029178003211733e+00
-4.944021263997957938e+00
-4.944013351232740661e+00
-4.944005439734982410e+00
-4.943997529532142110e+00
-4.943989620651724870e+00
-4.943981713121274879e+00
-4.943973806968379847e+00
-4.943965902220671005e+00
-4.943957998905823992e+00
-4.943950097051557968e+00
-4.943942196685640944e+00
-4.943934297835883562e+00
-4.943926400530141763e+00
-4.943918504796321223e+00
-4.943910610662378247e+00
-4.943902718156308218e+00
-4.943894827306168693e+00
-4.943886938140054532e+00
-4.943879050686120102e+00
-4.943871164972560628e+00
-4.943863281027636170e+00
-4.943855398879645868e+00
-4.943847518556945708e+00
-4.943839640087948517e+00
-4.943831763501116860e+00
-4.943823888824968371e+00
-4.943816016088074861e+00
-4.943808145319063208e+00
-4.943800276546619799e+00
-4.943792409799479870e+00
-4.943784545106439943e+00
-4.943776682496356933e+00
-4.943768821998137497e+00
-4.943760963640753126e+00
-4.943753107453230378e+00
-4.943745253464657097e+00
-4.943737401704177969e+00
-4.943729552201001631e+00
-4.943721704984394449e+00
-4.943713860083684963e+00
-4.943706017528261221e+00
-4.943698177347573441e+00
-4.943690339571136683e+00
-4.943682504228526398e+00
-4.943674671349378436e+00
-4.943666840963401476e+00
-4.943659013100354827e+00
-4.943651187790069734e+00
-4.943643365062443173e+00
-4.943635544947434290e+00
-4.943627727475064404e+00
-4.943619912675425887e+00
-4.943612100578672397e+00
-4.943604291215029534e+00
-4.943596484614784181e+00
-4.943588680808288061e+00
-4.943580879825968388e+00
-4.943573081698311888e+00
-4.943565286455878116e+00
-4.943557494129289687e+00
-4.943549704749242046e+00
-4.943541918346497255e+00
-4.943534134951882208e+00
-4.943526354596299299e+00
-4.943518577310718420e+00
-4.943510803126176967e+00
-4.943503032073778947e+00
-4.943495264184705640e+00
-4.943487499490200499e+00
-4.943479738021582470e+00
-4.943471979810240668e+00
-4.943464224887631708e+00
-4.943456473285283259e+00
-4.943448725034794933e+00
-4.943440980167839172e+00
-4.943433238716153255e+00
-4.943425500711551734e+00
-4.943417766185918438e+00
-4.943410035171210914e+00
-4.943402307699450660e+00
-4.943394583802735553e+00
-4.943386863513238971e+00
-4.943379146863200013e+00
-4.943371433884928834e+00
-4.943363724610810195e+00
-4.943356019073306129e+00
-4.943348317304940842e+00
-4.943340619338307818e+00
-4.943332925206088468e+00
-4.943325234941021051e+00
-4.943317548575919318e+00
-4.943309866143672515e+00
-4.943302187677239168e+00
-4.943294513209644414e+00
-4.943286842773995993e+00
-4.943279176403464703e+00
-4.943271514131295952e+00
-4.943263855990804423e+00
-4.943256202015378520e+00
-4.943248552238475924e+00
-4.943240906693628034e+00
-4.943233265414433752e+00
-4.943225628434562147e+00
-4.943217995787761332e+00
-4.943210367507837155e+00
-4.943202743628679841e+00
-4.943195124184237343e+00
-4.943187509208536667e+00
-4.943179898735666100e+00
-4.943172292799792977e+00
-4.943164691435146807e+00
-4.943157094676034369e+00
-4.943149502556819286e+00
-4.943141915111946005e+00
-4.943134332375920259e+00
-4.943126754383318833e+00
-4.943119181168787790e+00
-4.943111612767036256e+00
-4.943104049212848849e+00
-4.943096490541067922e+00
-4.943088936786607768e+00
-4.943081387984451069e+00
-4.943073844169644460e+00
-4.943066305377297631e+00
-4.943058771642593996e+00
-4.943051243000772033e+00
-4.943043719487143939e+00
-4.943036201137085861e+00
-4.943028687986029013e+00
-4.943021180069477438e+00
-4.943013677422997354e+00
-4.943006180082213596e+00
-4.942998688082823833e+00
-4.942991201460571915e+00
-4.942983720251278079e+00
-4.942976244490819404e+00
-4.942968774215129812e+00
-4.942961309460208952e+00
-4.942953850262112425e+00
-4.942946396656962449e+00
-4.942938948680933642e+00
-4.942931506370258354e+00
-4.942924069761232886e+00
-4.942916638890207714e+00
-4.942909213793591050e+00
-4.942901794507848834e+00
-4.942894381069500298e+00
-4.942886973515124183e+00
-4.942879571881353407e+00
-4.942872176204867962e+00
-4.942864786522416232e+00
-4.942857402870785677e+00
-4.942850025286825932e+00
-4.942842653807438147e+00
-4.942835288469569655e+00
-4.942827929310220192e+00
-4.942820576366447227e+00
-4.942813229675349085e+00
-4.942805889274078268e+00
-4.942798555199836130e+00
-4.942791227489864880e+00
-4.942783906181467124e+00
-4.942776591311980106e+00
-4.942769282918793472e+00
-4.942761981039341279e+00
-4.942754685711102880e+00
-4.942747396971594931e+00
-4.942740114858393596e+00
-4.942732839409095469e+00
-4.942725570661357537e+00
-4.942718308652873205e+00
-4.942711053421371403e+00
-4.942703805004623696e+00
-4.942696563440442503e+00
-4.942689328766678436e+00
-4.942682101021221186e+00
-4.942674880241987978e+00
-4.942667666466948440e+00
-4.942660459734093514e+00
-4.942653260081454114e+00
-4.942646067547094901e+00
-4.942638882169115178e+00
-4.942631703985646219e+00
-4.942624533034845058e+00
-4.942617369354910473e+00
-4.942610212984058116e+00
-4.942603063960546272e+00
-4.942595922322649216e+00
-4.942588788108682074e+00
-4.942581661356972411e+00
-4.942574542105882429e+00
-4.942567430393797423e+00
-4.942560326259128445e+00
-4.942553229740309639e+00
-4.942546140875793803e+00
-4.942539059704057713e+00
-4.942531986263602128e+00
-4.942524920592943793e+00
-4.942517862730618106e+00
-4.942510812715183555e+00
-4.942503770585212841e+00
-4.942496736379294653e+00
-4.942489710136029224e+00
-4.942482691894046098e+00
-4.942475681691972156e+00
-4.942468679568451151e+00
-4.942461685562145490e+00
-4.942454699711724686e+00
-4.942447722055866244e+00
-4.942440752633260992e+00
-4.942433791482605088e+00
-4.942426838642602682e+00
-4.942419894151965032e+00
-4.942412958049409610e+00
-4.942406030373653891e+00
-4.942399111163427783e+00
-4.942392200457456752e+00
-4.942385298294469820e+00
-4.942378404713196893e+00
-4.942371519752367881e+00
-4.942364643450712691e+00
-4.942357775846960344e+00
-4.942350916979828312e+00
-4.942344066888041176e+00
-4.942337225610312856e+00
-4.942330393185351056e+00
-4.942323569651860815e+00
-4.942316755048535626e+00
-4.942309949414061876e+00
-4.942303152787108189e+00
-4.942296365206347630e+00
-4.942289586710431060e+00
-4.942282817337994238e+00
-4.942276057127668487e+00
-4.942269306118065586e+00
-4.942262564347774223e+00
-4.942255831855380421e+00
-4.942249108679447112e+00
-4.942242394858509691e+00
-4.942235690431092898e+00
-4.942228995435702821e+00
-4.942222309910813571e+00
-4.942215633894885052e+00
-4.942208967426353183e+00
-4.942202310543621913e+00
-4.942195663285075646e+00
-4.942189025689073922e+00
-4.942182397793938087e+00
-4.942175779637974387e+00
-4.942169171259444660e+00
-4.942162572696592093e+00
-4.942155983987624346e+00
-4.942149405170708221e+00
-4.942142836283992757e+00
-4.942136277365574593e+00
-4.942129728453522830e+00
-4.942123189585872822e+00
-4.942116660800615513e+00
-4.942110142135707207e+00
-4.942103633629060688e+00
-4.942097135318551437e+00
-4.942090647242008750e+00
-4.942084169437214847e+00
-4.942077701941924417e+00
-4.942071244793829976e+00
-4.942064798030585848e+00
-4.942058361689797508e+00
-4.942051935809020691e+00
-4.942045520425764060e+00
-4.942039115577484765e+00
-4.942032721301591103e+00
-4.942026337635436306e+00
-4.942019964616322092e+00
-4.942013602281490670e+00
-4.942007250668139839e+00
-4.942000909813398124e+00
-4.941994579754351413e+00
-4.941988260528013654e+00
-4.941981952171343728e+00
-4.941975654721244560e+00
-4.941969368214556013e+00
-4.941963092688054004e+00
-4.941956828178446948e+00
-4.941950574722389078e+00
-4.941944332356462688e+00
-4.941938101117182569e+00
-4.941931881041002228e+00
-4.941925672164301453e+00
-4.941919474523394307e+00
-4.941913288154523798e+00
-4.941907113093856552e+00
-4.941900949377500574e+00
-4.941894797041476828e+00
-4.941888656121737000e+00
-4.941882526654158170e+00
-4.941876408674544585e+00
-4.941870302218617894e+00
-4.941864207322028690e+00
-4.941858124020340526e+00
-4.941852052349042346e+00
-4.941845992343542271e+00
-4.941839944039164934e+00
-4.941833907471156806e+00
-4.941827882674673766e+00
-4.941821869684792645e+00
-4.941815868536505008e+00
-4.941809879264710048e+00
-4.941803901904229690e+00
-4.941797936489789933e+00
-4.941791983056027071e+00
-4.941786041637496574e+00
-4.941780112268654435e+00
-4.941774194983868718e+00
-4.941768289817414228e+00
-4.941762396803467183e+00
-4.941756515976123865e+00
-4.941750647369367755e+00
-4.941744791017099736e+00
-4.941738946953115885e+00
-4.941733115211121685e+00
-4.941727295824709820e+00
-4.941721488827393927e+00
-4.941715694252571289e+00
-4.941709912133545934e+00
-4.941704142503516195e+00
-4.941698385395581816e+00
-4.941692640842730633e+00
-4.941686908877853668e+00
-4.941681189533739804e+00
-4.941675482843060685e+00
-4.941669788838389366e+00
-4.941664107552188767e+00
-4.941658439016816118e+00
-4.941652783264514071e+00
-4.941647140327423138e+00
-4.941641510237563928e+00
-4.941635893026853132e+00
-4.941630288727087539e+00
-4.941624697369965347e+00
-4.941619118987050641e+00
-4.941613553609812470e+00
-4.941608001269595540e+00
-4.941602461997627316e+00
-4.941596935825019798e+00
-4.941591422782773968e+00
-4.941585922901764683e+00
-4.941580436212752225e+00
-4.941574962746375199e+00
-4.941569502533156744e+00
-4.941564055603498318e+00
-4.941558621987671707e+00
-4.941553201715839450e+00
-4.941547794818035300e+00
-4.941542401324166889e+00
-4.941537021264022833e+00
-4.941531654667266515e+00
-4.941526301563436085e+00
-4.941520961981941795e+00
-4.941515635952070440e+00
-4.941510323502979141e+00
-4.941505024663699785e+00
-4.941499739463136365e+00
-4.941494467930065859e+00
-4.941489210093128470e+00
-4.941483965980845383e+00
-4.941478735621601892e+00
-4.941473519043651841e+00
-4.941468316275118511e+00
-4.941463127343999062e+00
-4.941457952278147658e+00
-4.941452791105293230e+00
-4.941447643853030591e+00
-4.941442510548821332e+00
-4.941437391219991149e+00
-4.941432285893731624e+00
-4.941427194597094896e+00
-4.941422117357008759e+00
-4.941417054200256231e+00
-4.941412005153483555e+00
-4.941406970243205521e+00
-4.941401949495794810e+00
-4.941396942937491765e+00
-4.941391950594388405e+00
-4.941386972492455065e+00
-4.941382008657508429e+00
-4.941377059115231951e+00
-4.941372123891170531e+00
-4.941367203010725184e+00
-4.941362296499162809e+00
-4.941357404381605534e+00
-4.941352526683036039e+00
-4.941347663428298453e+00
-4.941342814642088577e+00
-4.941337980348965431e+00
-4.941333160573350369e+00
-4.941328355339510203e+00
-4.941323564671584734e+00
-4.941318788593565436e+00
-4.941314027129287467e+00
-4.941309280302464302e+00
-4.941304548136655761e+00
-4.941299830655270675e+00
-4.941295127881591753e+00
-4.941290439838746273e+00
-4.941285766549711411e+00
-4.941281108037334668e+00
-4.941276464324315221e+00
-4.941271835433198589e+00
-4.941267221386394404e+00
-4.941262622206164856e+00
-4.941258037914631807e+00
-4.941253468533758131e+00
-4.941248914085378807e+00
-4.941244374591173383e+00
-4.941239850072678408e+00
-4.941235340551287436e+00
-4.941230846048245695e+00
-4.941226366584649199e+00
-4.941221902181457182e+00
-4.941217452859481440e+00
-4.941213018639381893e+00
-4.941208599541676350e+00
-4.941204195586739623e+00
-4.941199806794801752e+00
-4.941195433185939123e+00
-4.941191074780089565e+00
-4.941186731597046133e+00
-4.941182403656452671e+00
-4.941178090977810022e+00
-4.941173793580471596e+00
-4.941169511483648691e+00
-4.941165244706404280e+00
-4.941160993267661006e+00
-4.941156757186187853e+00
-4.941152536480621471e+00
-4.941148331169443964e+00
-4.941144141270997103e+00
-4.941139966803474337e+00
-4.941135807784934109e+00
-4.941131664233278542e+00
-4.941127536166278311e+00
-4.941123423601551323e+00
-4.941119326556569824e+00
-4.941115245048676385e+00
-4.941111179095060812e+00
-4.941107128712768137e+00
-4.941103093918707501e+00
-4.941099074729640606e+00
-4.941095071162189711e+00
-4.941091083232835857e+00
-4.941087110957914419e+00
-4.941083154353626661e+00
-4.941079213436025519e+00
-4.941075288221028927e+00
-4.941071378724410046e+00
-4.941067484961804368e+00
-4.941063606948709719e+00
-4.941059744700478262e+00
-4.941055898232333377e+00
-4.941052067559348338e+00
-4.941048252696466747e+00
-4.941044453658488322e+00
-4.941040670460080442e+00
-4.941036903115770151e+00
-4.941033151639950383e+00
-4.941029416046870182e+00
-4.941025696350656915e+00
-4.941021992565287846e+00
-4.941018304704613229e+00
-4.941014632782347427e+00
-4.941010976812071576e+00
-4.941007336807227368e+00
-4.941003712781131263e+00
-4.941000104746962052e+00
-4.940996512717767963e+00
-4.940992936706462224e+00
-4.940989376725832827e+00
-4.940985832788532761e+00
-4.940982304907086231e+00
-4.940978793093887766e+00
-4.940975297361200447e+00
-4.940971817721160342e+00
-4.940968354185772071e+00
-4.940964906766921239e+00
-4.940961475476360221e+00
-4.940958060325715273e+00
-4.940954661326482089e+00
-4.940951278490046228e+00
-4.940947911827647587e+00
-4.940944561350418596e+00
-4.940941227069362007e+00
-4.940937908995357120e+00
-4.940934607139159773e+00
-4.940931321511409458e+00
-4.940928052122619540e+00
-4.940924798983184374e+00
-4.940921562103377518e+00
-4.940918341493357069e+00
-4.940915137163152338e+00
-4.940911949122694047e+00
-4.940908777381774364e+00
-4.940905621950083315e+00
-4.940902482837187470e+00
-4.940899360052538825e+00
-4.940896253605483679e+00
-4.940893163505242214e+00
-4.940890089760928916e+00
-4.940887032381541921e+00
-4.940883991375971007e+00
-4.940880966752993153e+00
-4.940877958521271651e+00
-4.940874966689367653e+00
-4.940871991265731289e+00
-4.940869032258696336e+00
-4.940866089676502426e+00
-4.940863163527266622e+00
-4.940860253819019832e+00
-4.940857360559665956e+00
-4.940854483757020965e+00
-4.940851623418790695e+00
-4.940848779552578840e+00
-4.940845952165883403e+00
-4.940843141266106464e+00
-4.940840346860546184e+00
-4.940837568956404802e+00
-4.940834807560778863e+00
-4.940832062680671655e+00
-4.940829334322984323e+00
-4.940826622494524756e+00
-4.940823927202003141e+00
-4.940821248452038184e+00
-4.940818586251150890e+00
-4.940815940605765455e+00
-4.940813311522217255e+00
-4.940810699006750184e+00
-4.940808103065515766e+00
-4.940805523704572266e+00
-4.940802960929894461e+00
-4.940800414747357650e+00
-4.940797885162762526e+00
-4.940795372181809419e+00
-4.940792875810128493e+00
-4.940790396053240663e+00
-4.940787932916603786e+00
-4.940785486405582461e+00
-4.940783056525456018e+00
-4.940780643281430073e+00
-4.940778246678616981e+00
-4.940775866722052712e+00
-4.940773503416703072e+00
-4.940771156767437056e+00
-4.940768826779057044e+00
-4.940766513456286368e+00
-4.940764216803773756e+00
-4.940761936826080003e+00
-4.940759673527707285e+00
-4.940757426913072514e+00
-4.940755196986521547e+00
-4.940752983752329186e+00
-4.940750787214698292e+00
-4.940748607377760671e+00
-4.940746444245574409e+00
-4.940744297822131870e+00
-4.940742168111356136e+00
-4.940740055117102791e+00
-4.940737958843160804e+00
-4.940735879293245425e+00
-4.940733816471021278e+00
-4.940731770380077492e+00
-4.940729741023942800e+00
-4.940727728406079322e+00
-4.940725732529893222e+00
-4.940723753398730267e+00
-4.940721791015861619e+00
-4.940719845384515807e+00
-4.940717916507852969e+00
-4.940716004388976401e+00
-4.940714109030935219e+00
-4.940712230436719032e+00
-4.940710368609264158e+00
-4.940708523551444742e+00
-4.940706695266088744e+00
-4.940704883755970833e+00
-4.940703089023807948e+00
-4.940701311072261070e+00
-4.940699549903954768e+00
-4.940697805521451436e+00
-4.940696077927264618e+00
-4.940694367123862563e+00
-4.940692673113666444e+00
-4.940690995899042370e+00
-4.940689335482319144e+00
-4.940687691865772280e+00
-4.940686065051638209e+00
-4.940684455042104517e+00
-4.940682861839315265e+00
-4.940681285445375437e+00
-4.940679725862342053e+00
-4.940678183092237497e+00
-4.940676657137036187e+00
-4.940675147998677019e+00
-4.940673655679055365e+00
-4.940672180180038175e+00
-4.940670721503436447e+00
-4.940669279651038970e+00
-4.940667854624596345e+00
-4.940666446425814762e+00
-4.940665055056373767e+00
-4.940663680517912049e+00
-4.940662322812038987e+00
-4.940660981940327545e+00
-4.940659657904319602e+00
-4.940658350705525947e+00
-4.940657060345421847e+00
-4.940655786825460360e+00
-4.940654530147049250e+00
-4.940653290311584733e+00
-4.940652067320424834e+00
-4.940650861174899156e+00
-4.940649671876307103e+00
-4.940648499425928541e+00
-4.940647343825015803e+00
-4.940646205074788355e+00
-4.940645083176444352e+00
-4.940643978131164182e+00
-4.940642889940091820e+00
-4.940641818604356139e+00
-4.940640764125059370e+00
-4.940639726503287754e+00
-4.940638705740092895e+00
-4.940637701836519291e+00
-4.940636714793578577e+00
-4.940635744612272617e+00
-4.940634791293577521e+00
-4.940633854838450745e+00
-4.940632935247832869e+00
-4.940632032522644046e+00
-4.940631146663788442e+00
-4.940630277672152459e+00
-4.940629425548606513e+00
-4.940628590294001476e+00
-4.940627771909177568e+00
-4.940626970394954576e+00
-4.940626185752145183e+00
-4.940625417981538092e+00
-4.940624667083914900e+00
-4.940623933060037665e+00
-4.940623215910661337e+00
-4.940622515636527545e+00
-4.940621832238360156e+00
-4.940621165716876817e+00
-4.940620516072780077e+00
-4.940619883306767157e+00
-4.940619267419514848e+00
-4.940618668411697278e+00
-4.940618086283976140e+00
-4.940617521037004245e+00
-4.940616972671422857e+00
-4.940616441187874130e+00
-4.940615926586969131e+00
-4.940615428869337578e+00
-4.940614948035581655e+00
-4.940614484086305325e+00
-4.940614037022105443e+00
-4.940613606843561989e+00
-4.940613193551258497e+00
-4.940612797145773172e+00
-4.940612417627668229e+00
-4.940612054997506775e+00
-4.940611709255848361e+00
-4.940611380403238329e+00
-4.940611068440222020e+00
-4.940610773367342112e+00
-4.940610495185130624e+00
-4.940610233894125791e+00
-4.940609989494849863e+00
-4.940609761987819759e+00
-4.940609551373563058e+00
-4.940609357652587796e+00
-4.940609180825405566e+00
-4.940609020892526182e+00
-4.940608877854458569e+00
-4.940608751711692115e+00
-4.940608642464732192e+00
-4.940608550114075292e+00
-4.940608474660209914e+00
-4.940608416103623668e+00
-4.940608374444810380e+00
-4.940608349684248779e+00
