-1.177719330067992454e+00
-1.177719329978769380e+00
-1.177719329465189091e+00
-1.177719328528187503e+00
-1.177719327168701646e+00
-1.177719325387671878e+00
-1.177719323186043887e+00
-1.177719320564765582e+00
-1.177719317524787757e+00
-1.177719314067063872e+00
-1.177719310192552049e+00
-1.177719305902212410e+00
-1.177719301197008850e+00
-1.177719296077906375e+00
-1.177719290545875541e+00
-1.177719284601887129e+00
-1.177719278246917023e+00
-1.177719271481943553e+00
-1.177719264307945490e+00
-1.177719256725907160e+00
-1.177719248736813329e+00
-1.177719240341651874e+00
-1.177719231541415779e+00
-1.177719222337095584e+00
-1.177719212729688714e+00
-1.177719202720192149e+00
-1.177719192309606866e+00
-1.177719181498934953e+00
-1.177719170289181827e+00
-1.177719158681353795e+00
-1.177719146676460715e+00
-1.177719134275513557e+00
-1.177719121479525066e+00
-1.177719108289511096e+00
-1.177719094706487946e+00
-1.177719080731476131e+00
-1.177719066365495282e+00
-1.177719051609567913e+00
-1.177719036464719871e+00
-1.177719020931975669e+00
-1.177719005012364706e+00
-1.177718988706913494e+00
-1.177718972016655874e+00
-1.177718954942623464e+00
-1.177718937485849438e+00
-1.177718919647369855e+00
-1.177718901428220333e+00
-1.177718882829440039e+00
-1.177718863852066811e+00
-1.177718844497142259e+00
-1.177718824765708439e+00
-1.177718804658806073e+00
-1.177718784177480549e+00
-1.177718763322776585e+00
-1.177718742095739346e+00
-1.177718720497416216e+00
-1.177718698528855246e+00
-1.177718676191104485e+00
-1.177718653485213096e+00
-1.177718630412231793e+00
-1.177718606973210624e+00
-1.177718583169201416e+00
-1.177718559001256882e+00
-1.177718534470429290e+00
-1.177718509577772021e+00
-1.177718484324338233e+00
-1.177718458711183080e+00
-1.177718432739360166e+00
-1.177718406409924867e+00
-1.177718379723932784e+00
-1.177718352682439518e+00
-1.177718325286500223e+00
-1.177718297537171166e+00
-1.177718269435507947e+00
-1.177718240982568165e+00
-1.177718212179406088e+00
-1.177718183027079979e+00
-1.177718153526644773e+00
-1.177718123679156736e+00
-1.177718093485672135e+00
-1.177718062947247013e+00
-1.177718032064936526e+00
-1.177718000839796275e+00
-1.177717969272881637e+00
-1.177717937365247547e+00
-1.177717905117947161e+00
-1.177717872532036303e+00
-1.177717839608567907e+00
-1.177717806348594909e+00
-1.177717772753169356e+00
-1.177717738823343741e+00
-1.177717704560168999e+00
-1.177717669964696512e+00
-1.177717635037975885e+00
-1.177717599781056945e+00
-1.177717564194987299e+00
-1.177717528280814330e+00
-1.177717492039586533e+00
-1.177717455472348407e+00
-1.177717418580144892e+00
-1.177717381364021154e+00
-1.177717343825018803e+00
-1.177717305964181005e+00
-1.177717267782547372e+00
-1.177717229281159517e+00
-1.177717190461054386e+00
-1.177717151323268929e+00
-1.177717111868840982e+00
-1.177717072098804607e+00
-1.177717032014193199e+00
-1.177716991616039488e+00
-1.177716950905372650e+00
-1.177716909883224083e+00
-1.177716868550620077e+00
-1.177716826908588699e+00
-1.177716784958154017e+00
-1.177716742700339214e+00
-1.177716700136165251e+00
-1.177716657266654199e+00
-1.177716614092822800e+00
-1.177716570615687131e+00
-1.177716526836265265e+00
-1.177716482755567062e+00
-1.177716438374605490e+00
-1.177716393694388852e+00
-1.177716348715925898e+00
-1.177716303440223156e+00
-1.177716257868281824e+00
-1.177716212001105545e+00
-1.177716165839693296e+00
-1.177716119385042948e+00
-1.177716072638150591e+00
-1.177716025600009209e+00
-1.177715978271610675e+00
-1.177715930653943310e+00
-1.177715882747994769e+00
-1.177715834554749819e+00
-1.177715786075190563e+00
-1.177715737310297106e+00
-1.177715688261047111e+00
-1.177715638928416464e+00
-1.177715589313378164e+00
-1.177715539416902990e+00
-1.177715489239959501e+00
-1.177715438783511814e+00
-1.177715388048524048e+00
-1.177715337035957877e+00
-1.177715285746769425e+00
-1.177715234181915926e+00
-1.177715182342348177e+00
-1.177715130229019191e+00
-1.177715077842873770e+00
-1.177715025184857822e+00
-1.177714972255913040e+00
-1.177714919056978893e+00
-1.177714865588992632e+00
-1.177714811852886623e+00
-1.177714757849591454e+00
-1.177714703580036604e+00
-1.177714649045146222e+00
-1.177714594245841573e+00
-1.177714539183043474e+00
-1.177714483857666528e+00
-1.177714428270624447e+00
-1.177714372422827838e+00
-1.177714316315183529e+00
-1.177714259948595021e+00
-1.177714203323962927e+00
-1.177714146442186083e+00
-1.177714089304157552e+00
-1.177714031910769954e+00
-1.177713974262911689e+00
-1.177713916361467383e+00
-1.177713858207318109e+00
-1.177713799801343608e+00
-1.177713741144418513e+00
-1.177713682237413684e+00
-1.177713623081199534e+00
-1.177713563676639152e+00
-1.177713504024596514e+00
-1.177713444125928932e+00
-1.177713383981491502e+00
-1.177713323592135541e+00
-1.177713262958709706e+00
-1.177713202082058430e+00
-1.177713140963022598e+00
-1.177713079602440649e+00
-1.177713018001145251e+00
-1.177712956159969071e+00
-1.177712894079736561e+00
-1.177712831761272616e+00
-1.177712769205397025e+00
-1.177712706412925581e+00
-1.177712643384670743e+00
-1.177712580121440977e+00
-1.177712516624042971e+00
-1.177712452893276307e+00
-1.177712388929939680e+00
-1.177712324734827121e+00
-1.177712260308728442e+00
-1.177712195652430349e+00
-1.177712130766715992e+00
-1.177712065652363416e+00
-1.177712000310148888e+00
-1.177711934740842903e+00
-1.177711868945213070e+00
-1.177711802924022555e+00
-1.177711736678032306e+00
-1.177711670207997274e+00
-1.177711603514670413e+00
-1.177711536598797570e+00
-1.177711469461125260e+00
-1.177711402102392668e+00
-1.177711334523336317e+00
-1.177711266724688510e+00
-1.177711198707177109e+00
-1.177711130471527756e+00
-1.177711062018459653e+00
-1.177710993348689339e+00
-1.177710924462930020e+00
-1.177710855361888465e+00
-1.177710786046270774e+00
-1.177710716516775724e+00
-1.177710646774100756e+00
-1.177710576818937538e+00
-1.177710506651973965e+00
-1.177710436273893935e+00
-1.177710365685377347e+00
-1.177710294887101217e+00
-1.177710223879735008e+00
-1.177710152663947518e+00
-1.177710081240403772e+00
-1.177710009609760355e+00
-1.177709937772673854e+00
-1.177709865729794858e+00
-1.177709793481770628e+00
-1.177709721029244427e+00
-1.177709648372853302e+00
-1.177709575513232965e+00
-1.177709502451012913e+00
-1.177709429186819312e+00
-1.177709355721274553e+00
-1.177709282054995477e+00
-1.177709208188595369e+00
-1.177709134122685075e+00
-1.177709059857867668e+00
-1.177708985394745778e+00
-1.177708910733913816e+00
-1.177708835875965976e+00
-1.177708760821489786e+00
-1.177708685571069003e+00
-1.177708610125283828e+00
-1.177708534484710245e+00
-1.177708458649917800e+00
-1.177708382621474037e+00
-1.177708306399942950e+00
-1.177708229985882316e+00
-1.177708153379845468e+00
-1.177708076582383745e+00
-1.177707999594042265e+00
-1.177707922415362596e+00
-1.177707845046882973e+00
-1.177707767489135415e+00
-1.177707689742648611e+00
-1.177707611807947918e+00
-1.177707533685553143e+00
-1.177707455375980761e+00
-1.177707376879741252e+00
-1.177707298197344654e+00
-1.177707219329292787e+00
-1.177707140276084141e+00
-1.177707061038214764e+00
-1.177706981616175153e+00
-1.177706902010451362e+00
-1.177706822221525007e+00
-1.177706742249875038e+00
-1.177706662095973966e+00
-1.177706581760292970e+00
-1.177706501243296122e+00
-1.177706420545444832e+00
-1.177706339667195845e+00
-1.177706258609001022e+00
-1.177706177371310226e+00
-1.177706095954566434e+00
-1.177706014359210185e+00
-1.177705932585677351e+00
-1.177705850634399365e+00
-1.177705768505803663e+00
-1.177705686200313018e+00
-1.177705603718347760e+00
-1.177705521060322003e+00
-1.177705438226645862e+00
-1.177705355217727456e+00
-1.177705272033968464e+00
-1.177705188675766124e+00
-1.177705105143516340e+00
-1.177705021437608357e+00
-1.177704937558428755e+00
-1.177704853506358562e+00
-1.177704769281774366e+00
-1.177704684885052311e+00
-1.177704600316560768e+00
-1.177704515576663891e+00
-1.177704430665724944e+00
-1.177704345584100531e+00
-1.177704260332142816e+00
-1.177704174910203072e+00
-1.177704089318624137e+00
-1.177704003557748402e+00
-1.177703917627913155e+00
-1.177703831529450351e+00
-1.177703745262689949e+00
-1.177703658827955913e+00
-1.177703572225570650e+00
-1.177703485455849686e+00
-1.177703398519108102e+00
-1.177703311415653653e+00
-1.177703224145790983e+00
-1.177703136709823406e+00
-1.177703049108046685e+00
-1.177702961340754584e+00
-1.177702873408236206e+00
-1.177702785310777767e+00
-1.177702697048661262e+00
-1.177702608622163583e+00
-1.177702520031560285e+00
-1.177702431277120265e+00
-1.177702342359109533e+00
-1.177702253277792099e+00
-1.177702164033425314e+00
-1.177702074626265860e+00
-1.177701985056562206e+00
-1.177701895324564374e+00
-1.177701805430515059e+00
-1.177701715374653402e+00
-1.177701625157216325e+00
-1.177701534778436532e+00
-1.177701444238541395e+00
-1.177701353537758067e+00
-1.177701262676306149e+00
-1.177701171654404355e+00
-1.177701080472266293e+00
-1.177700989130102016e+00
-1.177700897628119137e+00
-1.177700805966520603e+00
-1.177700714145506478e+00
-1.177700622165272160e+00
-1.177700530026010384e+00
-1.177700437727909888e+00
-1.177700345271156745e+00
-1.177700252655932811e+00
-1.177700159882415942e+00
-1.177700066950781999e+00
-1.177699973861201066e+00
-1.177699880613842787e+00
-1.177699787208871030e+00
-1.177699693646446999e+00
-1.177699599926727902e+00
-1.177699506049870060e+00
-1.177699412016022462e+00
-1.177699317825334102e+00
-1.177699223477948642e+00
-1.177699128974008191e+00
-1.177699034313649751e+00
-1.177698939497007657e+00
-1.177698844524213806e+00
-1.177698749395396316e+00
-1.177698654110678866e+00
-1.177698558670184914e+00
-1.177698463074031032e+00
-1.177698367322333128e+00
-1.177698271415203779e+00
-1.177698175352751120e+00
-1.177698079135082176e+00
-1.177697982762298201e+00
-1.177697886234499780e+00
-1.177697789551784391e+00
-1.177697692714243960e+00
-1.177697595721969082e+00
-1.177697498575049018e+00
-1.177697401273567035e+00
-1.177697303817606178e+00
-1.177697206207243275e+00
-1.177697108442554930e+00
-1.177697010523614196e+00
-1.177696912450491240e+00
-1.177696814223252675e+00
-1.177696715841963337e+00
-1.177696617306684956e+00
-1.177696518617475707e+00
-1.177696419774391767e+00
-1.177696320777486205e+00
-1.177696221626810091e+00
-1.177696122322410277e+00
-1.177696022864332281e+00
-1.177695923252619625e+00
-1.177695823487309612e+00
-1.177695723568441322e+00
-1.177695623496048949e+00
-1.177695523270164690e+00
-1.177695422890816523e+00
-1.177695322358033092e+00
-1.177695221671838377e+00
-1.177695120832254139e+00
-1.177695019839298585e+00
-1.177694918692990811e+00
-1.177694817393343918e+00
-1.177694715940370784e+00
-1.177694614334081846e+00
-1.177694512574482877e+00
-1.177694410661579205e+00
-1.177694308595374828e+00
-1.177694206375869745e+00
-1.177694104003062847e+00
-1.177694001476948360e+00
-1.177693898797522287e+00
-1.177693795964775969e+00
-1.177693692978697637e+00
-1.177693589839274857e+00
-1.177693486546494528e+00
-1.177693383100338886e+00
-1.177693279500788393e+00
-1.177693175747822618e+00
-1.177693071841419137e+00
-1.177692967781553079e+00
-1.177692863568196469e+00
-1.177692759201321548e+00
-1.177692654680897233e+00
-1.177692550006891103e+00
-1.177692445179269187e+00
-1.177692340197994625e+00
-1.177692235063029225e+00
-1.177692129774333019e+00
-1.177692024331864928e+00
-1.177691918735582322e+00
-1.177691812985437902e+00
-1.177691707081387040e+00
-1.177691601023381107e+00
-1.177691494811368811e+00
-1.177691388445300191e+00
-1.177691281925121070e+00
-1.177691175250777045e+00
-1.177691068422212162e+00
-1.177690961439368467e+00
-1.177690854302186674e+00
-1.177690747010606831e+00
-1.177690639564565878e+00
-1.177690531964001419e+00
-1.177690424208847730e+00
-1.177690316299039974e+00
-1.177690208234510205e+00
-1.177690100015189367e+00
-1.177689991641008627e+00
-1.177689883111895597e+00
-1.177689774427779223e+00
-1.177689665588586232e+00
-1.177689556594240239e+00
-1.177689447444667747e+00
-1.177689338139790598e+00
-1.177689228679531297e+00
-1.177689119063811907e+00
-1.177689009292551159e+00
-1.177688899365669339e+00
-1.177688789283084958e+00
-1.177688679044714526e+00
-1.177688568650474998e+00
-1.177688458100282665e+00
-1.177688347394051149e+00
-1.177688236531695853e+00
-1.177688125513129069e+00
-1.177688014338263978e+00
-1.177687903007011982e+00
-1.177687791519284488e+00
-1.177687679874992677e+00
-1.177687568074045732e+00
-1.177687456116353504e+00
-1.177687344001824288e+00
-1.177687231730366157e+00
-1.177687119301888075e+00
-1.177687006716295670e+00
-1.177686893973497462e+00
-1.177686781073397304e+00
-1.177686668015904381e+00
-1.177686554800923213e+00
-1.177686441428358322e+00
-1.177686327898115781e+00
-1.177686214210100113e+00
-1.177686100364214727e+00
-1.177685986360365922e+00
-1.177685872198456218e+00
-1.177685757878391026e+00
-1.177685643400073312e+00
-1.177685528763407152e+00
-1.177685413968295958e+00
-1.177685299014642917e+00
-1.177685183902353883e+00
-1.177685068631330489e+00
-1.177684953201477480e+00
-1.177684837612698265e+00
-1.177684721864897810e+00
-1.177684605957978414e+00
-1.177684489891845931e+00
-1.177684373666403994e+00
-1.177684257281557789e+00
-1.177684140737212282e+00
-1.177684024033271770e+00
-1.177683907169643440e+00
-1.177683790146231813e+00
-1.177683672962944295e+00
-1.177683555619686295e+00
-1.177683438116366554e+00
-1.177683320452890703e+00
-1.177683202629168813e+00
-1.177683084645108291e+00
-1.177682966500618544e+00
-1.177682848195609866e+00
-1.177682729729991884e+00
-1.177682611103675780e+00
-1.177682492316573404e+00
-1.177682373368596824e+00
-1.177682254259658778e+00
-1.177682134989673557e+00
-1.177682015558555451e+00
-1.177681895966220749e+00
-1.177681776212583742e+00
-1.177681656297563828e+00
-1.177681536221078851e+00
-1.177681415983045099e+00
-1.177681295583384635e+00
-1.177681175022017523e+00
-1.177681054298865826e+00
-1.177680933413852937e+00
-1.177680812366901586e+00
-1.177680691157937831e+00
-1.177680569786886622e+00
-1.177680448253677126e+00
-1.177680326558236734e+00
-1.177680204700494393e+00
-1.177680082680381934e+00
-1.177679960497830969e+00
-1.177679838152775549e+00
-1.177679715645149505e+00
-1.177679592974889999e+00
-1.177679470141933749e+00
-1.177679347146219024e+00
-1.177679223987686985e+00
-1.177679100666279455e+00
-1.177678977181938480e+00
-1.177678853534609882e+00
-1.177678729724239037e+00
-1.177678605750773988e+00
-1.177678481614163664e+00
-1.177678357314359436e+00
-1.177678232851314011e+00
-1.177678108224980980e+00
-1.177677983435316822e+00
-1.177677858482278461e+00
-1.177677733365825707e+00
-1.177677608085919481e+00
-1.177677482642522699e+00
-1.177677357035599837e+00
-1.177677231265118030e+00
-1.177677105331044638e+00
-1.177676979233351018e+00
-1.177676852972007859e+00
-1.177676726546990960e+00
-1.177676599958275450e+00
-1.177676473205840013e+00
-1.177676346289663556e+00
-1.177676219209730535e+00
-1.177676091966022076e+00
-1.177675964558527077e+00
-1.177675836987232438e+00
-1.177675709252129943e+00
-1.177675581353210710e+00
-1.177675453290470964e+00
-1.177675325063906708e+00
-1.177675196673518609e+00
-1.177675068119306667e+00
-1.177674939401276877e+00
-1.177674810519433457e+00
-1.177674681473785512e+00
-1.177674552264344587e+00
-1.177674422891122674e+00
-1.177674293354136204e+00
-1.177674163653403605e+00
-1.177674033788944863e+00
-1.177673903760783070e+00
-1.177673773568944204e+00
-1.177673643213455579e+00
-1.177673512694347835e+00
-1.177673382011655168e+00
-1.177673251165411106e+00
-1.177673120155656061e+00
-1.177672988982430224e+00
-1.177672857645776672e+00
-1.177672726145742921e+00
-1.177672594482376045e+00
-1.177672462655730223e+00
-1.177672330665858969e+00
-1.177672198512818236e+00
-1.177672066196669087e+00
-1.177671933717473918e+00
-1.177671801075298674e+00
-1.177671668270211969e+00
-1.177671535302285521e+00
-1.177671402171592829e+00
-1.177671268878211386e+00
-1.177671135422221349e+00
-1.177671001803705764e+00
-1.177670868022751227e+00
-1.177670734079446113e+00
-1.177670599973882792e+00
-1.177670465706156744e+00
-1.177670331276365445e+00
-1.177670196684610593e+00
-1.177670061930997214e+00
-1.177669927015631668e+00
-1.177669791938626309e+00
-1.177669656700094380e+00
-1.177669521300152011e+00
-1.177669385738921326e+00
-1.177669250016523117e+00
-1.177669114133086836e+00
-1.177668978088741492e+00
-1.177668841883620754e+00
-1.177668705517860959e+00
-1.177668568991602216e+00
-1.177668432304987745e+00
-1.177668295458165426e+00
-1.177668158451284253e+00
-1.177668021284497657e+00
-1.177667883957963735e+00
-1.177667746471842580e+00
-1.177667608826297840e+00
-1.177667471021496715e+00
-1.177667333057611287e+00
-1.177667194934815642e+00
-1.177667056653286970e+00
-1.177666918213208014e+00
-1.177666779614763515e+00
-1.177666640858142877e+00
-1.177666501943538613e+00
-1.177666362871146122e+00
-1.177666223641165910e+00
-1.177666084253801371e+00
-1.177665944709259893e+00
-1.177665805007752198e+00
-1.177665665149493668e+00
-1.177665525134701685e+00
-1.177665384963600292e+00
-1.177665244636414643e+00
-1.177665104153374553e+00
-1.177664963514713836e+00
-1.177664822720670745e+00
-1.177664681771486643e+00
-1.177664540667406889e+00
-1.177664399408681728e+00
-1.177664257995563624e+00
-1.177664116428310370e+00
-1.177663974707183314e+00
-1.177663832832446911e+00
-1.177663690804372498e+00
-1.177663548623231415e+00
-1.177663406289302994e+00
-1.177663263802867677e+00
-1.177663121164211235e+00
-1.177662978373623659e+00
-1.177662835431398269e+00
-1.177662692337834827e+00
-1.177662549093233535e+00
-1.177662405697902370e+00
-1.177662262152151085e+00
-1.177662118456294316e+00
-1.177661974610653361e+00
-1.177661830615549077e+00
-1.177661686471310754e+00
-1.177661542178269682e+00
-1.177661397736762927e+00
-1.177661253147130438e+00
-1.177661108409716606e+00
-1.177660963524872484e+00
-1.177660818492951345e+00
-1.177660673314310902e+00
-1.177660527989313755e+00
-1.177660382518328053e+00
-1.177660236901724389e+00
-1.177660091139879794e+00
-1.177659945233174410e+00
-1.177659799181992817e+00
-1.177659652986725147e+00
-1.177659506647764864e+00
-1.177659360165512759e+00
-1.177659213540370287e+00
-1.177659066772746010e+00
-1.177658919863053377e+00
-1.177658772811708054e+00
-1.177658625619132815e+00
-1.177658478285755761e+00
-1.177658330812006104e+00
-1.177658183198320385e+00
-1.177658035445140250e+00
-1.177657887552910454e+00
-1.177657739522081748e+00
-1.177657591353108657e+00
-1.177657443046451924e+00
-1.177657294602575622e+00
-1.177657146021949153e+00
-1.177656997305048581e+00
-1.177656848452351523e+00
-1.177656699464342926e+00
-1.177656550341510622e+00
-1.177656401084350657e+00
-1.177656251693360856e+00
-1.177656102169044816e+00
-1.177655952511912352e+00
-1.177655802722476386e+00
-1.177655652801256947e+00
-1.177655502748776284e+00
-1.177655352565565527e+00
-1.177655202252157141e+00
-1.177655051809090470e+00
-1.177654901236909524e+00
-1.177654750536163641e+00
-1.177654599707407268e+00
-1.177654448751199068e+00
-1.177654297668106143e+00
-1.177654146458694928e+00
-1.177653995123542296e+00
-1.177653843663228672e+00
-1.177653692078338032e+00
-1.177653540369462126e+00
-1.177653388537196477e+00
-1.177653236582141050e+00
-1.177653084504903802e+00
-1.177652932306095357e+00
-1.177652779986332110e+00
-1.177652627546236674e+00
-1.177652474986436992e+00
-1.177652322307565447e+00
-1.177652169510260194e+00
-1.177652016595164275e+00
-1.177651863562926726e+00
-1.177651710414201913e+00
-1.177651557149649975e+00
-1.177651403769934380e+00
-1.177651250275727035e+00
-1.177651096667702735e+00
-1.177650942946543378e+00
-1.177650789112935747e+00
-1.177650635167570847e+00
-1.177650481111147895e+00
-1.177650326944369663e+00
-1.177650172667944251e+00
-1.177650018282584643e+00
-1.177649863789013152e+00
-1.177649709187952309e+00
-1.177649554480135086e+00
-1.177649399666295782e+00
-1.177649244747177359e+00
-1.177649089723526332e+00
-1.177648934596096320e+00
-1.177648779365645604e+00
-1.177648624032937796e+00
-1.177648468598742060e+00
-1.177648313063835328e+00
-1.177648157428996978e+00
-1.177648001695013491e+00
-1.177647845862677567e+00
-1.177647689932787234e+00
-1.177647533906145627e+00
-1.177647377783560101e+00
-1.177647221565847557e+00
-1.177647065253826897e+00
-1.177646908848324792e+00
-1.177646752350171466e+00
-1.177646595760206916e+00
-1.177646439079271357e+00
-1.177646282308214776e+00
-1.177646125447890268e+00
-1.177645968499159812e+00
-1.177645811462887160e+00
-1.177645654339944725e+00
-1.177645497131209806e+00
-1.177645339837564364e+00
-1.177645182459897244e+00
-1.177645024999102841e+00
-1.177644867456080213e+00
-1.177644709831735748e+00
-1.177644552126980715e+00
-1.177644394342731937e+00
-1.177644236479911344e+00
-1.177644078539449302e+00
-1.177643920522277288e+00
-1.177643762429336993e+00
-1.177643604261573662e+00
-1.177643446019938311e+00
-1.177643287705387509e+00
-1.177643129318884263e+00
-1.177642970861397798e+00
-1.177642812333900446e+00
-1.177642653737373202e+00
-1.177642495072801498e+00
-1.177642336341175877e+00
-1.177642177543493318e+00
-1.177642018680756353e+00
-1.177641859753973286e+00
-1.177641700764157751e+00
-1.177641541712329154e+00
-1.177641382599513342e+00
-1.177641223426740824e+00
-1.177641064195047660e+00
-1.177640904905475905e+00
-1.177640745559074276e+00
-1.177640586156895708e+00
-1.177640426699998688e+00
-1.177640267189449030e+00
-1.177640107626316102e+00
-1.177639948011676152e+00
-1.177639788346609873e+00
-1.177639628632204838e+00
-1.177639468869553951e+00
-1.177639309059755002e+00
-1.177639149203912661e+00
-1.177638989303134487e+00
-1.177638829358536032e+00
-1.177638669371237512e+00
-1.177638509342365580e+00
-1.177638349273050666e+00
-1.177638189164430305e+00
-1.177638029017645582e+00
-1.177637868833845136e+00
-1.177637708614182044e+00
-1.177637548359815378e+00
-1.177637388071908653e+00
-1.177637227751630489e+00
-1.177637067400157722e+00
-1.177636907018668744e+00
-1.177636746608350160e+00
-1.177636586170392574e+00
-1.177636425705992140e+00
-1.177636265216351008e+00
-1.177636104702674658e+00
-1.177635944166177007e+00
-1.177635783608075082e+00
-1.177635623029590350e+00
-1.177635462431950941e+00
-1.177635301816391422e+00
-1.177635141184149026e+00
-1.177634980536467424e+00
-1.177634819874594951e+00
-1.177634659199786160e+00
-1.177634498513298489e+00
-1.177634337816398480e+00
-1.177634177110352454e+00
-1.177634016396435834e+00
-1.177633855675928043e+00
-1.177633694950112053e+00
-1.177633534220278166e+00
-1.177633373487719792e+00
-1.177633212753737002e+00
-1.177633052019632753e+00
-1.177632891286715777e+00
-1.177632730556301244e+00
-1.177632569829706322e+00
-1.177632409108255729e+00
-1.177632248393277070e+00
-1.177632087686103946e+00
-1.177631926988073285e+00
-1.177631766300528238e+00
-1.177631605624816391e+00
-1.177631444962289775e+00
-1.177631284314304194e+00
-1.177631123682221670e+00
-1.177630963067408221e+00
-1.177630802471234084e+00
-1.177630641895073937e+00
-1.177630481340308011e+00
-1.177630320808319864e+00
-1.177630160300498163e+00
-1.177629999818237350e+00
-1.177629839362932973e+00
-1.177629678935986801e+00
-1.177629518538807263e+00
-1.177629358172803453e+00
-1.177629197839390018e+00
-1.177629037539986934e+00
-1.177628877276017283e+00
-1.177628717048907481e+00
-1.177628556860091713e+00
-1.177628396711004610e+00
-1.177628236603086354e+00
-1.177628076537782675e+00
-1.177627916516539974e+00
-1.177627756540811310e+00
-1.177627596612053740e+00
-1.177627436731726984e+00
-1.177627276901296316e+00
-1.177627117122229006e+00
-1.177626957395996765e+00
-1.177626797724078189e+00
-1.177626638107950985e+00
-1.177626478549099520e+00
-1.177626319049011272e+00
-1.177626159609177714e+00
-1.177626000231092540e+00
-1.177625840916256550e+00
-1.177625681666170543e+00
-1.177625522482340426e+00
-1.177625363366275657e+00
-1.177625204319490138e+00
-1.177625045343499099e+00
-1.177624886439822882e+00
-1.177624727609985156e+00
-1.177624568855512699e+00
-1.177624410177935399e+00
-1.177624251578787584e+00
-1.177624093059605359e+00
-1.177623934621929047e+00
-1.177623776267302524e+00
-1.177623617997270999e+00
-1.177623459813385676e+00
-1.177623301717198645e+00
-1.177623143710266440e+00
-1.177622985794148036e+00
-1.177622827970405295e+00
-1.177622670240602964e+00
-1.177622512606310456e+00
-1.177622355069096960e+00
-1.177622197630537659e+00
-1.177622040292208849e+00
-1.177621883055689933e+00
-1.177621725922563201e+00
-1.177621568894414494e+00
-1.177621411972831211e+00
-1.177621255159404079e+00
-1.177621098455725823e+00
-1.177620941863392279e+00
-1.177620785384001945e+00
-1.177620629019155540e+00
-1.177620472770457338e+00
-1.177620316639511389e+00
-1.177620160627927737e+00
-1.177620004737315984e+00
-1.177619848969289063e+00
-1.177619693325463457e+00
-1.177619537807456096e+00
-1.177619382416885907e+00
-1.177619227155376258e+00
-1.177619072024550295e+00
-1.177618917026036049e+00
-1.177618762161459776e+00
-1.177618607432453501e+00
-1.177618452840649477e+00
-1.177618298387681506e+00
-1.177618144075187168e+00
-1.177617989904804041e+00
-1.177617835878171704e+00
-1.177617681996933729e+00
-1.177617528262733693e+00
-1.177617374677215834e+00
-1.177617221242028833e+00
-1.177617067958820929e+00
-1.177616914829243688e+00
-1.177616761854948457e+00
-1.177616609037589246e+00
-1.177616456378820953e+00
-1.177616303880301141e+00
-1.177616151543687595e+00
-1.177615999370640765e+00
-1.177615847362820212e+00
-1.177615695521889272e+00
-1.177615543849511059e+00
-1.177615392347351797e+00
-1.177615241017075265e+00
-1.177615089860351461e+00
-1.177614938878846607e+00
-1.177614788074231145e+00
-1.177614637448175738e+00
-1.177614487002351273e+00
-1.177614336738430856e+00
-1.177614186658087370e+00
-1.177614036762996141e+00
-1.177613887054831610e+00
-1.177613737535269989e+00
-1.177613588205988160e+00
-1.177613439068664336e+00
-1.177613290124975398e+00
-1.177613141376601114e+00
-1.177612992825220140e+00
-1.177612844472514020e+00
-1.177612696320161190e+00
-1.177612548369844747e+00
-1.177612400623244904e+00
-1.177612253082044536e+00
-1.177612105747925186e+00
-1.177611958622569510e+00
-1.177611811707660383e+00
-1.177611665004881569e+00
-1.177611518515915723e+00
-1.177611372242446386e+00
-1.177611226186156879e+00
-1.177611080348730965e+00
-1.177610934731852410e+00
-1.177610789337204977e+00
-1.177610644166471765e+00
-1.177610499221337204e+00
-1.177610354503483281e+00
-1.177610210014593983e+00
-1.177610065756352187e+00
-1.177609921730440323e+00
-1.177609777938540159e+00
-1.177609634382333681e+00
-1.177609491063503766e+00
-1.177609347983729959e+00
-1.177609205144693805e+00
-1.177609062548074181e+00
-1.177608920195551523e+00
-1.177608778088804042e+00
-1.177608636229509953e+00
-1.177608494619347024e+00
-1.177608353259991469e+00
-1.177608212153118394e+00
-1.177608071300404458e+00
-1.177607930703522099e+00
-1.177607790364145535e+00
-1.177607650283946317e+00
-1.177607510464595553e+00
-1.177607370907763018e+00
-1.177607231615117822e+00
-1.177607092588327076e+00
-1.177606953829058556e+00
-1.177606815338975599e+00
-1.177606677119742873e+00
-1.177606539173022826e+00
-1.177606401500476574e+00
-1.177606264103763234e+00
-1.177606126984541035e+00
-1.177605990144466652e+00
-1.177605853585194318e+00
-1.177605717308377598e+00
-1.177605581315668504e+00
-1.177605445608715495e+00
-1.177605310189167254e+00
-1.177605175058669351e+00
-1.177605040218867583e+00
-1.177604905671401747e+00
-1.177604771417913643e+00
-1.177604637460041070e+00
-1.177604503799419833e+00
-1.177604370437683512e+00
-1.177604237376463692e+00
-1.177604104617390623e+00
-1.177603972162091228e+00
-1.177603840012189318e+00
-1.177603708169308261e+00
-1.177603576635067428e+00
-1.177603445411083305e+00
-1.177603314498971931e+00
-1.177603183900346018e+00
-1.177603053616813167e+00
-1.177602923649980537e+00
-1.177602794001453734e+00
-1.177602664672832145e+00
-1.177602535665714711e+00
-1.177602406981696825e+00
-1.177602278622370990e+00
-1.177602150589325491e+00
-1.177602022884148392e+00
-1.177601895508421093e+00
-1.177601768463724108e+00
-1.177601641751634620e+00
-1.177601515373724927e+00
-1.177601389331565995e+00
-1.177601263626723238e+00
-1.177601138260761404e+00
-1.177601013235237692e+00
-1.177600888551709746e+00
-1.177600764211728990e+00
-1.177600640216845074e+00
-1.177600516568602318e+00
-1.177600393268541490e+00
-1.177600270318200693e+00
-1.177600147719111812e+00
-1.177600025472805845e+00
-1.177599903580806906e+00
-1.177599782044636667e+00
-1.177599660865812581e+00
-1.177599540045846549e+00
-1.177599419586248031e+00
-1.177599299488521378e+00
-1.177599179754166503e+00
-1.177599060384678209e+00
-1.177598941381549302e+00
-1.177598822746264595e+00
-1.177598704480307568e+00
-1.177598586585153484e+00
-1.177598469062277609e+00
-1.177598351913145880e+00
-1.177598235139222460e+00
-1.177598118741964184e+00
-1.177598002722825221e+00
-1.177597887083254413e+00
-1.177597771824693718e+00
-1.177597656948581539e+00
-1.177597542456350954e+00
-1.177597428349429931e+00
-1.177597314629241332e+00
-1.177597201297201135e+00
-1.177597088354721544e+00
-1.177596975803208990e+00
-1.177596863644063463e+00
-1.177596751878680736e+00
-1.177596640508450809e+00
-1.177596529534757241e+00
-1.177596418958977598e+00
-1.177596308782484780e+00
-1.177596199006645028e+00
-1.177596089632819476e+00
-1.177595980662360597e+00
-1.177595872096619978e+00
-1.177595763936937878e+00
-1.177595656184651451e+00
-1.177595548841091189e+00
-1.177595441907580698e+00
-1.177595335385436703e+00
-1.177595229275971267e+00
-1.177595123580488901e+00
-1.177595018300287677e+00
-1.177594913436659230e+00
-1.177594808990889197e+00
-1.177594704964255445e+00
-1.177594601358029625e+00
-1.177594498173477167e+00
-1.177594395411855510e+00
-1.177594293074416765e+00
-1.177594191162403936e+00
-1.177594089677055589e+00
-1.177593988619601628e+00
-1.177593887991264410e+00
-1.177593787793260738e+00
-1.177593688026798535e+00
-1.177593588693080173e+00
-1.177593489793297810e+00
-1.177593391328640715e+00
-1.177593293300285948e+00
-1.177593195709406571e+00
-1.177593098557166096e+00
-1.177593001844721599e+00
-1.177592905573221049e+00
-1.177592809743805757e+00
-1.177592714357609927e+00
-1.177592619415759101e+00
-1.177592524919369721e+00
-1.177592430869552897e+00
-1.177592337267408862e+00
-1.177592244114033182e+00
-1.177592151410509880e+00
-1.177592059157916760e+00
-1.177591967357322966e+00
-1.177591876009789873e+00
-1.177591785116370415e+00
-1.177591694678108647e+00
-1.177591604696039962e+00
-1.177591515171191983e+00
-1.177591426104583006e+00
-1.177591337497225776e+00
-1.177591249350119273e+00
-1.177591161664258257e+00
-1.177591074440626384e+00
-1.177590987680199319e+00
-1.177590901383943622e+00
-1.177590815552818970e+00
-1.177590730187772161e+00
-1.177590645289743776e+00
-1.177590560859665958e+00
-1.177590476898460636e+00
-1.177590393407039082e+00
-1.177590310386307015e+00
-1.177590227837157499e+00
-1.177590145760477158e+00
-1.177590064157141736e+00
-1.177589983028017206e+00
-1.177589902373961772e+00
-1.177589822195823199e+00
-1.177589742494440817e+00
-1.177589663270641296e+00
-1.177589584525247091e+00
-1.177589506259065555e+00
-1.177589428472898270e+00
-1.177589351167535492e+00
-1.177589274343758374e+00
-1.177589198002337412e+00
-1.177589122144034217e+00
-1.177589046769599967e+00
-1.177588971879777180e+00
-1.177588897475295937e+00
-1.177588823556879882e+00
-1.177588750125238892e+00
-1.177588677181075738e+00
-1.177588604725081867e+00
-1.177588532757938289e+00
-1.177588461280317356e+00
-1.177588390292879206e+00
-1.177588319796275096e+00
-1.177588249791145625e+00
-1.177588180278121177e+00
-1.177588111257822590e+00
-1.177588042730858486e+00
-1.177587974697829054e+00
-1.177587907159322267e+00
-1.177587840115918549e+00
-1.177587773568183005e+00
-1.177587707516674742e+00
-1.177587641961941323e+00
-1.177587576904516986e+00
-1.177587512344929088e+00
-1.177587448283690996e+00
-1.177587384721308750e+00
-1.177587321658275954e+00
-1.177587259095074668e+00
-1.177587197032176958e+00
-1.177587135470045343e+00
-1.177587074409128576e+00
-1.177587013849867859e+00
-1.177586953792691515e+00
-1.177586894238017212e+00
-1.177586835186251957e+00
-1.177586776637792321e+00
-1.177586718593024440e+00
-1.177586661052319794e+00
-1.177586604016043204e+00
-1.177586547484546609e+00
-1.177586491458170848e+00
-1.177586435937245657e+00
-1.177586380922090337e+00
-1.177586326413011752e+00
-1.177586272410307444e+00
-1.177586218914262295e+00
-1.177586165925150086e+00
-1.177586113443235272e+00
-1.177586061468767653e+00
-1.177586010001989703e+00
-1.177585959043129238e+00
-1.177585908592405417e+00
-1.177585858650024075e+00
-1.177585809216181056e+00
-1.177585760291060879e+00
-1.177585711874835406e+00
-1.177585663967666507e+00
-1.177585616569704507e+00
-1.177585569681088185e+00
-1.177585523301944326e+00
-1.177585477432389949e+00
-1.177585432072528526e+00
-1.177585387222453095e+00
-1.177585342882246255e+00
-1.177585299051978174e+00
-1.177585255731705693e+00
-1.177585212921478330e+00
-1.177585170621331612e+00
-1.177585128831288408e+00
-1.177585087551362708e+00
-1.177585046781556732e+00
-1.177585006521859157e+00
-1.177584966772248443e+00
-1.177584927532691950e+00
-1.177584888803145047e+00
-1.177584850583550447e+00
-1.177584812873841758e+00
-1.177584775673939044e+00
-1.177584738983751933e+00
-1.177584702803178063e+00
-1.177584667132103302e+00
-1.177584631970402196e+00
-1.177584597317938186e+00
-1.177584563174562726e+00
-1.177584529540115499e+00
-1.177584496414424864e+00
-1.177584463797308301e+00
-1.177584431688570410e+00
-1.177584400088005800e+00
-1.177584368995395536e+00
-1.177584338410510911e+00
-1.177584308333111673e+00
-1.177584278762944692e+00
-1.177584249699746399e+00
-1.177584221143241239e+00
-1.177584193093141440e+00
-1.177584165549149686e+00
-1.177584138510955558e+00
-1.177584111978237313e+00
-1.177584085950661663e+00
-1.177584060427884660e+00
-1.177584035409549923e+00
-1.177584010895290190e+00
-1.177583986884725764e+00
-1.177583963377466958e+00
-1.177583940373111426e+00
-1.177583917871245944e+00
-1.177583895871445296e+00
-1.177583874373274053e+00
-1.177583853376283241e+00
-1.177583832880014558e+00
-1.177583812883997494e+00
-1.177583793387749544e+00
-1.177583774390777771e+00
-1.177583755892577910e+00
-1.177583737892633486e+00
-1.177583720390416699e+00
-1.177583703385389091e+00
-1.177583686877001101e+00
-1.177583670864690957e+00
-1.177583655347885561e+00
-1.177583640326001824e+00
-1.177583625798444444e+00
-1.177583611764606353e+00
-1.177583598223870487e+00
-1.177583585175607128e+00
-1.177583572619177454e+00
-1.177583560553929987e+00
-1.177583548979201478e+00
-1.177583537894318244e+00
-1.177583527298596167e+00
-1.177583517191339579e+00
-1.177583507571841492e+00
-1.177583498439383591e+00
-1.177583489793236904e+00
-1.177583481632662021e+00
-1.177583473956906879e+00
-1.177583466765210085e+00
-1.177583460056798481e+00
-1.177583453830887805e+00
-1.177583448086682916e+00
-1.177583442823379345e+00
-1.177583438040159303e+00
-1.177583433736195007e+00
-1.177583429910649127e+00
-1.177583426562671010e+00
-1.177583423691401787e+00
-1.177583421295970822e+00
-1.177583419375495044e+00
-1.177583417929084497e+00
-1.177583416955834128e+00
-1.177583416454832221e+00
