-1.703383883867673809e+00
-1.703383834962382215e+00
-1.703383734938545446e+00
-1.703383583750678110e+00
-1.703383381353203108e+00
-1.703383127700454969e+00
-1.703382822746675185e+00
-1.703382466446014432e+00
-1.703382058752530126e+00
-1.703381599620188203e+00
-1.703381089002861115e+00
-1.703380526854328725e+00
-1.703379913128273637e+00
-1.703379247778288530e+00
-1.703378530757868603e+00
-1.703377762020414687e+00
-1.703376941519231913e+00
-1.703376069207529486e+00
-1.703375145038419580e+00
-1.703374168964918889e+00
-1.703373140939946406e+00
-1.703372060916322095e+00
-1.703370928846771770e+00
-1.703369744683919107e+00
-1.703368508380292079e+00
-1.703367219888317630e+00
-1.703365879160324781e+00
-1.703364486148543078e+00
-1.703363040805100148e+00
-1.703361543082026808e+00
-1.703359992931251954e+00
-1.703358390304602343e+00
-1.703356735153804147e+00
-1.703355027430484281e+00
-1.703353267086165301e+00
-1.703351454072269622e+00
-1.703349588340116405e+00
-1.703347669840923784e+00
-1.703345698525804641e+00
-1.703343674345771497e+00
-1.703341597251734063e+00
-1.703339467194494361e+00
-1.703337284124756934e+00
-1.703335047993117524e+00
-1.703332758750069731e+00
-1.703330416346003684e+00
-1.703328020731202930e+00
-1.703325571855849097e+00
-1.703323069670016343e+00
-1.703320514123676466e+00
-1.703317905166693125e+00
-1.703315242748827618e+00
-1.703312526819732886e+00
-1.703309757328959506e+00
-1.703306934225948810e+00
-1.703304057460039767e+00
-1.703301126980462099e+00
-1.703298142736341170e+00
-1.703295104676695759e+00
-1.703292012750438733e+00
-1.703288866906375043e+00
-1.703285667093204170e+00
-1.703282413259518568e+00
-1.703279105353805889e+00
-1.703275743324442981e+00
-1.703272327119703000e+00
-1.703268856687751187e+00
-1.703265331976645980e+00
-1.703261752934339013e+00
-1.703258119508672896e+00
-1.703254431647386324e+00
-1.703250689298107856e+00
-1.703246892408361468e+00
-1.703243040925561003e+00
-1.703239134797017496e+00
-1.703235173969928740e+00
-1.703231158391390609e+00
-1.703227088008389956e+00
-1.703222962767805271e+00
-1.703218782616408911e+00
-1.703214547500868647e+00
-1.703210257367739899e+00
-1.703205912163474389e+00
-1.703201511834417481e+00
-1.703197056326805292e+00
-1.703192545586768469e+00
-1.703187979560331300e+00
-1.703183358193409935e+00
-1.703178681431814612e+00
-1.703173949221249650e+00
-1.703169161507311236e+00
-1.703164318235491415e+00
-1.703159419351174098e+00
-1.703154464799637724e+00
-1.703149454526054818e+00
-1.703144388475491322e+00
-1.703139266592908596e+00
-1.703134088823162084e+00
-1.703128855111001094e+00
-1.703123565401069461e+00
-1.703118219637907327e+00
-1.703112817765948028e+00
-1.703107359729520986e+00
-1.703101845472850373e+00
-1.703096274940057109e+00
-1.703090648075156643e+00
-1.703084964822060288e+00
-1.703079225124576102e+00
-1.703073428926408450e+00
-1.703067576171156894e+00
-1.703061666802319962e+00
-1.703055700763291602e+00
-1.703049677997362510e+00
-1.703043598447721907e+00
-1.703037462057456874e+00
-1.703031268769550799e+00
-1.703025018526886480e+00
-1.703018711272245689e+00
-1.703012346948307387e+00
-1.703005925497649287e+00
-1.702999446862751842e+00
-1.702992910985990038e+00
-1.702986317809642269e+00
-1.702979667275884346e+00
-1.702972959326796376e+00
-1.702966193904354775e+00
-1.702959370950439366e+00
-1.702952490406831609e+00
-1.702945552215213709e+00
-1.702938556317169061e+00
-1.702931502654186247e+00
-1.702924391167654150e+00
-1.702917221798865732e+00
-1.702909994489015588e+00
-1.702902709179204610e+00
-1.702895365810435990e+00
-1.702887964323618553e+00
-1.702880504659565197e+00
-1.702872986758994456e+00
-1.702865410562531157e+00
-1.702857776010704427e+00
-1.702850083043951024e+00
-1.702842331602614667e+00
-1.702834521626946263e+00
-1.702826653057104345e+00
-1.702818725833154634e+00
-1.702810739895073144e+00
-1.702802695182743076e+00
-1.702794591635959254e+00
-1.702786429194423468e+00
-1.702778207797750909e+00
-1.702769927385463955e+00
-1.702761587897000384e+00
-1.702753189271706935e+00
-1.702744731448843307e+00
-1.702736214367580603e+00
-1.702727637967005769e+00
-1.702719002186118269e+00
-1.702710306963829412e+00
-1.702701552238969462e+00
-1.702692737950279867e+00
-1.702683864036419914e+00
-1.702674930435964962e+00
-1.702665937087406212e+00
-1.702656883929154041e+00
-1.702647770899532897e+00
-1.702638597936790399e+00
-1.702629364979088678e+00
-1.702620071964512594e+00
-1.702610718831065295e+00
-1.702601305516670660e+00
-1.702591831959174407e+00
-1.702582298096343871e+00
-1.702572703865868453e+00
-1.702563049205358725e+00
-1.702553334052352429e+00
-1.702543558344308261e+00
-1.702533722018611195e+00
-1.702523825012571379e+00
-1.702513867263424574e+00
-1.702503848708332823e+00
-1.702493769284385783e+00
-1.702483628928601167e+00
-1.702473427577923637e+00
-1.702463165169229242e+00
-1.702452841639322090e+00
-1.702442456924937231e+00
-1.702432010962740661e+00
-1.702421503689330651e+00
-1.702410935041236195e+00
-1.702400304954921451e+00
-1.702389613366783738e+00
-1.702378860213151990e+00
-1.702368045430296073e+00
-1.702357168954416577e+00
-1.702346230721652587e+00
-1.702335230668079680e+00
-1.702324168729712373e+00
-1.702313044842502565e+00
-1.702301858942343538e+00
-1.702290610965066175e+00
-1.702279300846443411e+00
-1.702267928522189999e+00
-1.702256493927963632e+00
-1.702244996999362936e+00
-1.702233437671931915e+00
-1.702221815881159506e+00
-1.702210131562478024e+00
-1.702198384651268270e+00
-1.702186575082857312e+00
-1.702174702792517591e+00
-1.702162767715473146e+00
-1.702150769786895612e+00
-1.702138708941906442e+00
-1.702126585115579349e+00
-1.702114398242938309e+00
-1.702102148258959780e+00
-1.702089835098574699e+00
-1.702077458696666268e+00
-1.702065018988075051e+00
-1.702052515907594765e+00
-1.702039949389975826e+00
-1.702027319369928682e+00
-1.702014625782120927e+00
-1.702001868561176412e+00
-1.701989047641683683e+00
-1.701976162958186434e+00
-1.701963214445195938e+00
-1.701950202037181947e+00
-1.701937125668579576e+00
-1.701923985273787077e+00
-1.701910780787168731e+00
-1.701897512143053959e+00
-1.701884179275739983e+00
-1.701870782119490499e+00
-1.701857320608540780e+00
-1.701843794677092570e+00
-1.701830204259319190e+00
-1.701816549289366431e+00
-1.701802829701351216e+00
-1.701789045429364489e+00
-1.701775196407470991e+00
-1.701761282569710376e+00
-1.701747303850099424e+00
-1.701733260182630936e+00
-1.701719151501275507e+00
-1.701704977739984193e+00
-1.701690738832685401e+00
-1.701676434713291552e+00
-1.701662065315693084e+00
-1.701647630573766889e+00
-1.701633130421370321e+00
-1.701618564792347632e+00
-1.701603933620528641e+00
-1.701589236839727182e+00
-1.701574474383748869e+00
-1.701559646186384445e+00
-1.701544752181415321e+00
-1.701529792302614030e+00
-1.701514766483744667e+00
-1.701499674658563332e+00
-1.701484516760819687e+00
-1.701469292724257842e+00
-1.701454002482618799e+00
-1.701438645969638008e+00
-1.701423223119051586e+00
-1.701407733864591654e+00
-1.701392178139990330e+00
-1.701376555878981955e+00
-1.701360867015301537e+00
-1.701345111482687411e+00
-1.701329289214880136e+00
-1.701313400145628707e+00
-1.701297444208683673e+00
-1.701281421337805799e+00
-1.701265331466763175e+00
-1.701249174529330332e+00
-1.701232950459296678e+00
-1.701216659190459390e+00
-1.701200300656628750e+00
-1.701183874791629247e+00
-1.701167381529297806e+00
-1.701150820803488450e+00
-1.701134192548072077e+00
-1.701117496696936238e+00
-1.701100733183986913e+00
-1.701083901943152066e+00
-1.701067002908376313e+00
-1.701050036013631361e+00
-1.701033001192908678e+00
-1.701015898380225044e+00
-1.700998727509622332e+00
-1.700981488515167062e+00
-1.700964181330956837e+00
-1.700946805891115243e+00
-1.700929362129796285e+00
-1.700911849981183721e+00
-1.700894269379495505e+00
-1.700876620258980232e+00
-1.700858902553921803e+00
-1.700841116198638980e+00
-1.700823261127487607e+00
-1.700805337274859719e+00
-1.700787344575187321e+00
-1.700769282962941276e+00
-1.700751152372633079e+00
-1.700732952738817527e+00
-1.700714683996090715e+00
-1.700696346079094701e+00
-1.700677938922514620e+00
-1.700659462461084681e+00
-1.700640916629585941e+00
-1.700622301362846756e+00
-1.700603616595747214e+00
-1.700584862263217589e+00
-1.700566038300239669e+00
-1.700547144641850306e+00
-1.700528181223138979e+00
-1.700509147979252678e+00
-1.700490044845393234e+00
-1.700470871756821545e+00
-1.700451628648856683e+00
-1.700432315456878563e+00
-1.700412932116328157e+00
-1.700393478562709504e+00
-1.700373954731588588e+00
-1.700354360558598898e+00
-1.700334695979436317e+00
-1.700314960929866892e+00
-1.700295155345723064e+00
-1.700275279162907660e+00
-1.700255332317393231e+00
-1.700235314745223603e+00
-1.700215226382516986e+00
-1.700195067165463980e+00
-1.700174837030332009e+00
-1.700154535913462217e+00
-1.700134163751275462e+00
-1.700113720480269652e+00
-1.700093206037023075e+00
-1.700072620358195508e+00
-1.700051963380526443e+00
-1.700031235040841748e+00
-1.700010435276049670e+00
-1.699989564023142385e+00
-1.699968621219202447e+00
-1.699947606801396338e+00
-1.699926520706982025e+00
-1.699905362873306958e+00
-1.699884133237808070e+00
-1.699862831738017777e+00
-1.699841458311558196e+00
-1.699820012896148036e+00
-1.699798495429603706e+00
-1.699776905849834430e+00
-1.699755244094850237e+00
-1.699733510102759082e+00
-1.699711703811770391e+00
-1.699689825160193291e+00
-1.699667874086440378e+00
-1.699645850529028834e+00
-1.699623754426578870e+00
-1.699601585717818386e+00
-1.699579344341581866e+00
-1.699557030236810373e+00
-1.699534643342557105e+00
-1.699512183597982729e+00
-1.699489650942362928e+00
-1.699467045315082636e+00
-1.699444366655642691e+00
-1.699421614903658284e+00
-1.699398789998861181e+00
-1.699375891881099276e+00
-1.699352920490339258e+00
-1.699329875766668385e+00
-1.699306757650292043e+00
-1.699283566081539076e+00
-1.699260301000860673e+00
-1.699236962348831703e+00
-1.699213550066151379e+00
-1.699190064093645480e+00
-1.699166504372267461e+00
-1.699142870843097786e+00
-1.699119163447347702e+00
-1.699095382126356801e+00
-1.699071526821597455e+00
-1.699047597474675264e+00
-1.699023594027327722e+00
-1.698999516421428657e+00
-1.698975364598985349e+00
-1.698951138502145186e+00
-1.698926838073191670e+00
-1.698902463254546413e+00
-1.698878013988771807e+00
-1.698853490218573903e+00
-1.698828891886796200e+00
-1.698804218936429411e+00
-1.698779471310606137e+00
-1.698754648952604640e+00
-1.698729751805851507e+00
-1.698704779813918098e+00
-1.698679732920526542e+00
-1.698654611069546849e+00
-1.698629414205000021e+00
-1.698604142271058048e+00
-1.698578795212047243e+00
-1.698553372972446018e+00
-1.698527875496888440e+00
-1.698502302730162672e+00
-1.698476654617214532e+00
-1.698450931103147488e+00
-1.698425132133224214e+00
-1.698399257652866146e+00
-1.698373307607655258e+00
-1.698347281943337839e+00
-1.698321180605817826e+00
-1.698295003541168358e+00
-1.698268750695622442e+00
-1.698242422015582287e+00
-1.698216017447614634e+00
-1.698189536938454536e+00
-1.698162980435006020e+00
-1.698136347884341424e+00
-1.698109639233704726e+00
-1.698082854430511102e+00
-1.698055993422347365e+00
-1.698029056156975303e+00
-1.698002042582328563e+00
-1.697974952646517988e+00
-1.697947786297829831e+00
-1.697920543484727762e+00
-1.697893224155853975e+00
-1.697865828260028076e+00
-1.697838355746250416e+00
-1.697810806563702757e+00
-1.697783180661747826e+00
-1.697755477989931761e+00
-1.697727698497982551e+00
-1.697699842135814485e+00
-1.697671908853527034e+00
-1.697643898601403967e+00
-1.697615811329918012e+00
-1.697587646989729304e+00
-1.697559405531687160e+00
-1.697531086906830078e+00
-1.697502691066387959e+00
-1.697474217961781884e+00
-1.697445667544623893e+00
-1.697417039766722091e+00
-1.697388334580075320e+00
-1.697359551936880706e+00
-1.697330691789527890e+00
-1.697301754090606352e+00
-1.697272738792900304e+00
-1.697243645849392246e+00
-1.697214475213265850e+00
-1.697185226837904182e+00
-1.697155900676888596e+00
-1.697126496684004282e+00
-1.697097014813239158e+00
-1.697067455018782312e+00
-1.697037817255028447e+00
-1.697008101476574771e+00
-1.696978307638227657e+00
-1.696948435694995982e+00
-1.696918485602097793e+00
-1.696888457314957410e+00
-1.696858350789209879e+00
-1.696828165980699632e+00
-1.696797902845476713e+00
-1.696767561339808328e+00
-1.696737141420168848e+00
-1.696706643043247587e+00
-1.696676066165944130e+00
-1.696645410745375226e+00
-1.696614676738869898e+00
-1.696583864103972772e+00
-1.696552972798444969e+00
-1.696522002780264327e+00
-1.696490954007625174e+00
-1.696459826438941221e+00
-1.696428620032843337e+00
-1.696397334748184660e+00
-1.696365970544034596e+00
-1.696334527379687707e+00
-1.696303005214655490e+00
-1.696271404008675932e+00
-1.696239723721707282e+00
-1.696207964313931393e+00
-1.696176125745756158e+00
-1.696144207977811069e+00
-1.696112210970955658e+00
-1.696080134686270391e+00
-1.696047979085066881e+00
-1.696015744128881009e+00
-1.695983429779478691e+00
-1.695951035998852774e+00
-1.695918562749226810e+00
-1.695886009993052834e+00
-1.695853377693014474e+00
-1.695820665812025396e+00
-1.695787874313232191e+00
-1.695755003160011043e+00
-1.695722052315974171e+00
-1.695689021744964053e+00
-1.695655911411060091e+00
-1.695622721278573941e+00
-1.695589451312052409e+00
-1.695556101476279665e+00
-1.695522671736272580e+00
-1.695489162057288057e+00
-1.695455572404819256e+00
-1.695421902744596476e+00
-1.695388153042586943e+00
-1.695354323265000573e+00
-1.695320413378282876e+00
-1.695286423349119609e+00
-1.695252353144438784e+00
-1.695218202731406221e+00
-1.695183972077433099e+00
-1.695149661150167741e+00
-1.695115269917503609e+00
-1.695080798347576634e+00
-1.695046246408763668e+00
-1.695011614069688255e+00
-1.694976901299215299e+00
-1.694942108066456621e+00
-1.694907234340766511e+00
-1.694872280091746841e+00
-1.694837245289243732e+00
-1.694802129903350885e+00
-1.694766933904405803e+00
-1.694731657262996904e+00
-1.694696299949958851e+00
-1.694660861936371665e+00
-1.694625343193566502e+00
-1.694589743693122319e+00
-1.694554063406866762e+00
-1.694518302306877278e+00
-1.694482460365479559e+00
-1.694446537555253318e+00
-1.694410533849024292e+00
-1.694374449219871570e+00
-1.694338283641124265e+00
-1.694302037086365065e+00
-1.694265709529426678e+00
-1.694229300944392724e+00
-1.694192811305603952e+00
-1.694156240587648021e+00
-1.694119588765371276e+00
-1.694082855813870081e+00
-1.694046041708495487e+00
-1.694009146424852785e+00
-1.693972169938801287e+00
-1.693935112226455431e+00
-1.693897973264183232e+00
-1.693860753028610944e+00
-1.693823451496615951e+00
-1.693786068645334764e+00
-1.693748604452158579e+00
-1.693711058894733945e+00
-1.693673431950965425e+00
-1.693635723599013376e+00
-1.693597933817293955e+00
-1.693560062584482662e+00
-1.693522109879512128e+00
-1.693484075681570111e+00
-1.693445959970103054e+00
-1.693407762724817189e+00
-1.693369483925675212e+00
-1.693331123552897610e+00
-1.693292681586964443e+00
-1.693254158008614674e+00
-1.693215552798843948e+00
-1.693176865938909703e+00
-1.693138097410325615e+00
-1.693099247194867152e+00
-1.693060315274568239e+00
-1.693021301631721043e+00
-1.692982206248879296e+00
-1.692943029108855857e+00
-1.692903770194722490e+00
-1.692864429489813416e+00
-1.692825006977718871e+00
-1.692785502642293105e+00
-1.692745916467649492e+00
-1.692706248438161198e+00
-1.692666498538462072e+00
-1.692626666753446418e+00
-1.692586753068269223e+00
-1.692546757468346819e+00
-1.692506679939355108e+00
-1.692466520467231783e+00
-1.692426279038172998e+00
-1.692385955638639805e+00
-1.692345550255350162e+00
-1.692305062875284927e+00
-1.692264493485686083e+00
-1.692223842074054296e+00
-1.692183108628154242e+00
-1.692142293136009723e+00
-1.692101395585905443e+00
-1.692060415966386788e+00
-1.692019354266261155e+00
-1.691978210474595512e+00
-1.691936984580718395e+00
-1.691895676574219465e+00
-1.691854286444947508e+00
-1.691812814183014213e+00
-1.691771259778789727e+00
-1.691729623222906209e+00
-1.691687904506255613e+00
-1.691646103619991237e+00
-1.691604220555525506e+00
-1.691562255304531082e+00
-1.691520207858943081e+00
-1.691478078210953084e+00
-1.691435866353016237e+00
-1.691393572277844592e+00
-1.691351195978412436e+00
-1.691308737447951405e+00
-1.691266196679954481e+00
-1.691223573668172886e+00
-1.691180868406617854e+00
-1.691138080889558859e+00
-1.691095211111525387e+00
-1.691052259067304941e+00
-1.691009224751944373e+00
-1.690966108160748105e+00
-1.690922909289278353e+00
-1.690879628133358903e+00
-1.690836264689067114e+00
-1.690792818952740584e+00
-1.690749290920974923e+00
-1.690705680590619764e+00
-1.690661987958786749e+00
-1.690618213022839322e+00
-1.690574355780404714e+00
-1.690530416229359068e+00
-1.690486394367839651e+00
-1.690442290194237085e+00
-1.690398103707200894e+00
-1.690353834905632846e+00
-1.690309483788693834e+00
-1.690265050355795440e+00
-1.690220534606607927e+00
-1.690175936541054691e+00
-1.690131256159313144e+00
-1.690086493461816053e+00
-1.690041648449247758e+00
-1.689996721122548839e+00
-1.689951711482910568e+00
-1.689906619531779564e+00
-1.689861445270854245e+00
-1.689816188702083721e+00
-1.689770849827671784e+00
-1.689725428650072692e+00
-1.689679925171992281e+00
-1.689634339396387519e+00
-1.689588671326466285e+00
-1.689542920965686479e+00
-1.689497088317758244e+00
-1.689451173386637972e+00
-1.689405176176535850e+00
-1.689359096691906981e+00
-1.689312934937458044e+00
-1.689266690918143077e+00
-1.689220364639164806e+00
-1.689173956105975094e+00
-1.689127465324268940e+00
-1.689080892299993142e+00
-1.689034237039337194e+00
-1.688987499548740834e+00
-1.688940679834886271e+00
-1.688893777904702853e+00
-1.688846793765365950e+00
-1.688799727424292518e+00
-1.688752578889148648e+00
-1.688705348167839571e+00
-1.688658035268517654e+00
-1.688610640199575963e+00
-1.688563162969652032e+00
-1.688515603587625202e+00
-1.688467962062616845e+00
-1.688420238403989693e+00
-1.688372432621348063e+00
-1.688324544724535192e+00
-1.688276574723636791e+00
-1.688228522628978601e+00
-1.688180388451123282e+00
-1.688132172200874193e+00
-1.688083873889273612e+00
-1.688035493527601183e+00
-1.687987031127374360e+00
-1.687938486700347518e+00
-1.687889860258511954e+00
-1.687841151814095886e+00
-1.687792361379562900e+00
-1.687743488967611283e+00
-1.687694534591175355e+00
-1.687645498263424582e+00
-1.687596379997760243e+00
-1.687547179807818987e+00
-1.687497897707469718e+00
-1.687448533710814047e+00
-1.687399087832187838e+00
-1.687349560086153888e+00
-1.687299950487511024e+00
-1.687250259051286561e+00
-1.687200485792738291e+00
-1.687150630727354272e+00
-1.687100693870850820e+00
-1.687050675239174069e+00
-1.687000574848499523e+00
-1.686950392715225844e+00
-1.686900128855986614e+00
-1.686849783287634796e+00
-1.686799356027255836e+00
-1.686748847092156556e+00
-1.686698256499870707e+00
-1.686647584268157862e+00
-1.686596830415002524e+00
-1.686545994958610351e+00
-1.686495077917412155e+00
-1.686444079310061905e+00
-1.686392999155434946e+00
-1.686341837472631111e+00
-1.686290594280968502e+00
-1.686239269599987489e+00
-1.686187863449449154e+00
-1.686136375849333735e+00
-1.686084806819841519e+00
-1.686033156381393283e+00
-1.685981424554623409e+00
-1.685929611360389879e+00
-1.685877716819764727e+00
-1.685825740954037366e+00
-1.685773683784714372e+00
-1.685721545333518590e+00
-1.685669325622386028e+00
-1.685617024673470743e+00
-1.685564642509138844e+00
-1.685512179151970713e+00
-1.685459634624761449e+00
-1.685407008950516650e+00
-1.685354302152458184e+00
-1.685301514254015087e+00
-1.685248645278830892e+00
-1.685195695250759851e+00
-1.685142664193866047e+00
-1.685089552132423174e+00
-1.685036359090913649e+00
-1.684983085094031274e+00
-1.684929730166676576e+00
-1.684876294333957247e+00
-1.684822777621190371e+00
-1.684769180053898197e+00
-1.684715501657810588e+00
-1.684661742458863021e+00
-1.684607902483196362e+00
-1.684553981757156871e+00
-1.684499980307293532e+00
-1.684445898160361610e+00
-1.684391735343319096e+00
-1.684337491883327154e+00
-1.684283167807747228e+00
-1.684228763144148155e+00
-1.684174277920294838e+00
-1.684119712164156457e+00
-1.684065065903900704e+00
-1.684010339167898218e+00
-1.683955531984716814e+00
-1.683900644383125034e+00
-1.683845676392089485e+00
-1.683790628040775728e+00
-1.683735499358546051e+00
-1.683680290374961697e+00
-1.683625001119779752e+00
-1.683569631622952700e+00
-1.683514181914632646e+00
-1.683458652025163982e+00
-1.683403041985086945e+00
-1.683347351825137617e+00
-1.683291581576243701e+00
-1.683235731269530966e+00
-1.683179800936313697e+00
-1.683123790608103354e+00
-1.683067700316600357e+00
-1.683011530093700525e+00
-1.682955279971488638e+00
-1.682898949982240877e+00
-1.682842540158426603e+00
-1.682786050532703470e+00
-1.682729481137918315e+00
-1.682672832007110930e+00
-1.682616103173506739e+00
-1.682559294670520122e+00
-1.682502406531756867e+00
-1.682445438791008829e+00
-1.682388391482253498e+00
-1.682331264639657986e+00
-1.682274058297575703e+00
-1.682216772490546353e+00
-1.682159407253294825e+00
-1.682101962620732083e+00
-1.682044438627954941e+00
-1.681986835310244510e+00
-1.681929152703065533e+00
-1.681871390842068603e+00
-1.681813549763086169e+00
-1.681755629502135418e+00
-1.681697630095416063e+00
-1.681639551579311442e+00
-1.681581393990384754e+00
-1.681523157365383492e+00
-1.681464841741236782e+00
-1.681406447155053385e+00
-1.681347973644124583e+00
-1.681289421245921289e+00
-1.681230789998094277e+00
-1.681172079938476838e+00
-1.681113291105079011e+00
-1.681054423536091358e+00
-1.680995477269884741e+00
-1.680936452345005883e+00
-1.680877348800183801e+00
-1.680818166674320713e+00
-1.680758906006501352e+00
-1.680699566835985870e+00
-1.680640149202211608e+00
-1.680580653144792214e+00
-1.680521078703521409e+00
-1.680461425918365226e+00
-1.680401694829467774e+00
-1.680341885477149910e+00
-1.680281997901906132e+00
-1.680222032144407018e+00
-1.680161988245500115e+00
-1.680101866246205056e+00
-1.680041666187717775e+00
-1.679981388111409846e+00
-1.679921032058822483e+00
-1.679860598071675426e+00
-1.679800086191861386e+00
-1.679739496461444492e+00
-1.679678828922663625e+00
-1.679618083617930635e+00
-1.679557260589829681e+00
-1.679496359881119227e+00
-1.679435381534726934e+00
-1.679374325593756545e+00
-1.679313192101481667e+00
-1.679251981101347768e+00
-1.679190692636973514e+00
-1.679129326752146767e+00
-1.679067883490829027e+00
-1.679006362897150995e+00
-1.678944765015417451e+00
-1.678883089890100377e+00
-1.678821337565844285e+00
-1.678759508087464880e+00
-1.678697601499947512e+00
-1.678635617848446726e+00
-1.678573557178290043e+00
-1.678511419534972404e+00
-1.678449204964159724e+00
-1.678386913511686451e+00
-1.678324545223560227e+00
-1.678262100145954339e+00
-1.678199578325213048e+00
-1.678136979807849816e+00
-1.678074304640548187e+00
-1.678011552870160239e+00
-1.677948724543705028e+00
-1.677885819708374138e+00
-1.677822838411527462e+00
-1.677759780700690095e+00
-1.677696646623560772e+00
-1.677633436228002761e+00
-1.677570149562050972e+00
-1.677506786673908623e+00
-1.677443347611944580e+00
-1.677379832424699124e+00
-1.677316241160879962e+00
-1.677252573869363106e+00
-1.677188830599192881e+00
-1.677125011399582144e+00
-1.677061116319912504e+00
-1.676997145409732326e+00
-1.676933098718759840e+00
-1.676868976296880476e+00
-1.676804778194148193e+00
-1.676740504460785930e+00
-1.676676155147184932e+00
-1.676611730303901426e+00
-1.676547229981664833e+00
-1.676482654231369107e+00
-1.676418003104079180e+00
-1.676353276651025848e+00
-1.676288474923609106e+00
-1.676223597973399038e+00
-1.676158645852130480e+00
-1.676093618611711467e+00
-1.676028516304213678e+00
-1.675963338981881101e+00
-1.675898086697123812e+00
-1.675832759502522418e+00
-1.675767357450825168e+00
-1.675701880594949289e+00
-1.675636328987981649e+00
-1.675570702683175428e+00
-1.675505001733956778e+00
-1.675439226193917053e+00
-1.675373376116820801e+00
-1.675307451556597327e+00
-1.675241452567349576e+00
-1.675175379203347026e+00
-1.675109231519029684e+00
-1.675043009569008090e+00
-1.674976713408060647e+00
-1.674910343091138509e+00
-1.674843898673359144e+00
-1.674777380210013877e+00
-1.674710787756561237e+00
-1.674644121368633165e+00
-1.674577381102029472e+00
-1.674510567012722717e+00
-1.674443679156853548e+00
-1.674376717590738028e+00
-1.674309682370858532e+00
-1.674242573553871516e+00
-1.674175391196605522e+00
-1.674108135356057403e+00
-1.674040806089399869e+00
-1.673973403453973940e+00
-1.673905927507295610e+00
-1.673838378307050956e+00
-1.673770755911100139e+00
-1.673703060377475849e+00
-1.673635291764381527e+00
-1.673567450130196921e+00
-1.673499535533472526e+00
-1.673431548032932925e+00
-1.673363487687477003e+00
-1.673295354556176839e+00
-1.673227148698278599e+00
-1.673158870173202750e+00
-1.673090519040544288e+00
-1.673022095360072958e+00
-1.672953599191733254e+00
-1.672885030595644418e+00
-1.672816389632102663e+00
-1.672747676361576952e+00
-1.672678890844714994e+00
-1.672610033142338803e+00
-1.672541103315447364e+00
-1.672472101425215296e+00
-1.672403027532995301e+00
-1.672333881700316605e+00
-1.672264663988885403e+00
-1.672195374460584638e+00
-1.672126013177477333e+00
-1.672056580201802367e+00
-1.671987075595977590e+00
-1.671917499422600706e+00
-1.671847851744445945e+00
-1.671778132624467839e+00
-1.671708342125800995e+00
-1.671638480311758101e+00
-1.671568547245833258e+00
-1.671498542991699310e+00
-1.671428467613211843e+00
-1.671358321174404082e+00
-1.671288103739492437e+00
-1.671217815372873838e+00
-1.671147456139127518e+00
-1.671077026103014784e+00
-1.671006525329478132e+00
-1.670935953883642133e+00
-1.670865311830816546e+00
-1.670794599236492095e+00
-1.670723816166344022e+00
-1.670652962686230314e+00
-1.670582038862194141e+00
-1.670511044760461195e+00
-1.670439980447444794e+00
-1.670368845989740114e+00
-1.670297641454129511e+00
-1.670226366907580084e+00
-1.670155022417244561e+00
-1.670083608050464186e+00
-1.670012123874762944e+00
-1.669940569957855114e+00
-1.669868946367640161e+00
-1.669797253172205842e+00
-1.669725490439827320e+00
-1.669653658238967608e+00
-1.669581756638281123e+00
-1.669509785706606131e+00
-1.669437745512974081e+00
-1.669365636126604269e+00
-1.669293457616905618e+00
-1.669221210053478899e+00
-1.669148893506112730e+00
-1.669076508044789131e+00
-1.669004053739679305e+00
-1.668931530661147189e+00
-1.668858938879748344e+00
-1.668786278466230621e+00
-1.668713549491533055e+00
-1.668640752026790075e+00
-1.668567886143327517e+00
-1.668494951912664614e+00
-1.668421949406515781e+00
-1.668348878696789050e+00
-1.668275739855586082e+00
-1.668202532955205708e+00
-1.668129258068140386e+00
-1.668055915267077749e+00
-1.667982504624904161e+00
-1.667909026214698498e+00
-1.667835480109739477e+00
-1.667761866383501879e+00
-1.667688185109656551e+00
-1.667614436362075070e+00
-1.667540620214822855e+00
-1.667466736742168720e+00
-1.667392786018575990e+00
-1.667318768118709604e+00
-1.667244683117433235e+00
-1.667170531089810170e+00
-1.667096312111104206e+00
-1.667022026256779643e+00
-1.666947673602502622e+00
-1.666873254224138012e+00
-1.666798768197755187e+00
-1.666724215599622916e+00
-1.666649596506214914e+00
-1.666574910994205183e+00
-1.666500159140471116e+00
-1.666425341022095052e+00
-1.666350456716361172e+00
-1.666275506300759046e+00
-1.666200489852981415e+00
-1.666125407450927076e+00
-1.666050259172698222e+00
-1.665975045096603768e+00
-1.665899765301158686e+00
-1.665824419865082451e+00
-1.665749008867301484e+00
-1.665673532386950484e+00
-1.665597990503370207e+00
-1.665522383296107911e+00
-1.665446710844919798e+00
-1.665370973229770568e+00
-1.665295170530832314e+00
-1.665219302828485626e+00
-1.665143370203322704e+00
-1.665067372736142470e+00
-1.664991310507954569e+00
-1.664915183599979809e+00
-1.664838992093647274e+00
-1.664762736070598770e+00
-1.664686415612687043e+00
-1.664610030801974672e+00
-1.664533581720738065e+00
-1.664457068451464794e+00
-1.664380491076853597e+00
-1.664303849679818592e+00
-1.664227144343484843e+00
-1.664150375151190797e+00
-1.664073542186489174e+00
-1.663996645533148744e+00
-1.663919685275146998e+00
-1.663842661496683251e+00
-1.663765574282164872e+00
-1.663688423716219722e+00
-1.663611209883686604e+00
-1.663533932869624810e+00
-1.663456592759306796e+00
-1.663379189638220845e+00
-1.663301723592074399e+00
-1.663224194706790504e+00
-1.663146603068508478e+00
-1.663068948763588129e+00
-1.662991231878604648e+00
-1.662913452500351497e+00
-1.662835610715841295e+00
-1.662757706612305375e+00
-1.662679740277193563e+00
-1.662601711798176396e+00
-1.662523621263141127e+00
-1.662445468760196166e+00
-1.662367254377672632e+00
-1.662288978204117473e+00
-1.662210640328301015e+00
-1.662132240839213182e+00
-1.662053779826066391e+00
-1.661975257378293325e+00
-1.661896673585548267e+00
-1.661818028537706660e+00
-1.661739322324868651e+00
-1.661660555037354214e+00
-1.661581726765705813e+00
-1.661502837600690841e+00
-1.661423887633298957e+00
-1.661344876954741423e+00
-1.661265805656455097e+00
-1.661186673830098659e+00
-1.661107481567556832e+00
-1.661028228960936826e+00
-1.660948916102570783e+00
-1.660869543085016442e+00
-1.660790110001055142e+00
-1.660710616943691820e+00
-1.660631064006161006e+00
-1.660551451281918389e+00
-1.660471778864647030e+00
-1.660392046848256253e+00
-1.660312255326879649e+00
-1.660232404394878625e+00
-1.660152494146840851e+00
-1.660072524677578931e+00
-1.659992496082133728e+00
-1.659912408455773702e+00
-1.659832261893991578e+00
-1.659752056492509897e+00
-1.659671792347277020e+00
-1.659591469554470233e+00
-1.659511088210492868e+00
-1.659430648411977405e+00
-1.659350150255783252e+00
-1.659269593838998524e+00
-1.659188979258940710e+00
-1.659108306613153117e+00
-1.659027575999409088e+00
-1.658946787515711785e+00
-1.658865941260290189e+00
-1.658785037331605094e+00
-1.658704075828343782e+00
-1.658623056849425126e+00
-1.658541980493994927e+00
-1.658460846861430138e+00
-1.658379656051335527e+00
-1.658298408163546567e+00
-1.658217103298127437e+00
-1.658135741555372578e+00
-1.658054323035806688e+00
-1.657972847840182506e+00
-1.657891316069484366e+00
-1.657809727824926416e+00
-1.657728083207951064e+00
-1.657646382320232981e+00
-1.657564625263675762e+00
-1.657482812140414596e+00
-1.657400943052812492e+00
-1.657319018103464492e+00
-1.657237037395195456e+00
-1.657155001031060726e+00
-1.657072909114345904e+00
-1.656990761748566632e+00
-1.656908559037469919e+00
-1.656826301085032371e+00
-1.656743987995460188e+00
-1.656661619873191604e+00
-1.656579196822895339e+00
-1.656496718949468150e+00
-1.656414186358041052e+00
-1.656331599153971323e+00
-1.656248957442849168e+00
-1.656166261330493938e+00
-1.656083510922956137e+00
-1.656000706326516303e+00
-1.655917847647684349e+00
-1.655834934993202223e+00
-1.655751968470039026e+00
-1.655668948185397005e+00
-1.655585874246706890e+00
-1.655502746761627675e+00
-1.655419565838053497e+00
-1.655336331584100984e+00
-1.655253044108122795e+00
-1.655169703518696300e+00
-1.655086309924633126e+00
-1.655002863434970495e+00
-1.654919364158976558e+00
-1.654835812206148393e+00
-1.654752207686211563e+00
-1.654668550709122554e+00
-1.654584841385063232e+00
-1.654501079824447496e+00
-1.654417266137916620e+00
-1.654333400436339030e+00
-1.654249482830813411e+00
-1.654165513432666046e+00
-1.654081492353448812e+00
-1.653997419704946070e+00
-1.653913295599165334e+00
-1.653829120148343934e+00
-1.653744893464945243e+00
-1.653660615661661559e+00
-1.653576286851409893e+00
-1.653491907147334183e+00
-1.653407476662807962e+00
-1.653322995511425253e+00
-1.653238463807012559e+00
-1.653153881663617097e+00
-1.653069249195515233e+00
-1.652984566517205822e+00
-1.652899833743415092e+00
-1.652815050989093759e+00
-1.652730218369416137e+00
-1.652645335999781251e+00
-1.652560403995814164e+00
-1.652475422473360211e+00
-1.652390391548492321e+00
-1.652305311337502580e+00
-1.652220181956910006e+00
-1.652135003523454992e+00
-1.652049776154098648e+00
-1.651964499966026789e+00
-1.651879175076645057e+00
-1.651793801603582024e+00
-1.651708379664687198e+00
-1.651622909378029691e+00
-1.651537390861901766e+00
-1.651451824234812849e+00
-1.651366209615495073e+00
-1.651280547122898401e+00
-1.651194836876191951e+00
-1.651109078994764445e+00
-1.651023273598222429e+00
-1.650937420806391609e+00
-1.650851520739313072e+00
-1.650765573517247953e+00
-1.650679579260672325e+00
-1.650593538090281420e+00
-1.650507450126982523e+00
-1.650421315491901852e+00
-1.650335134306379903e+00
-1.650248906691972550e+00
-1.650162632770448168e+00
-1.650076312663792510e+00
-1.649989946494202941e+00
-1.649903534384089543e+00
-1.649817076456075338e+00
-1.649730572832996955e+00
-1.649644023637901302e+00
-1.649557428994048669e+00
-1.649470789024905626e+00
-1.649384103854155459e+00
-1.649297373605685735e+00
-1.649210598403597183e+00
-1.649123778372197924e+00
-1.649036913636004131e+00
-1.648950004319740037e+00
-1.648863050548338371e+00
-1.648776052446937035e+00
-1.648689010140881761e+00
-1.648601923755723009e+00
-1.648514793417217073e+00
-1.648427619251325194e+00
-1.648340401384212006e+00
-1.648253139942245760e+00
-1.648165835051999206e+00
-1.648078486840245160e+00
-1.647991095433959829e+00
-1.647903660960322147e+00
-1.647816183546708668e+00
-1.647728663320698006e+00
-1.647641100410068615e+00
-1.647553494942797236e+00
-1.647465847047057563e+00
-1.647378156851224240e+00
-1.647290424483865756e+00
-1.647202650073749775e+00
-1.647114833749838247e+00
-1.647026975641288526e+00
-1.646939075877452252e+00
-1.646851134587875798e+00
-1.646763151902299160e+00
-1.646675127950652850e+00
-1.646587062863061668e+00
-1.646498956769841149e+00
-1.646410809801495345e+00
-1.646322622088721488e+00
-1.646234393762402659e+00
-1.646146124953614009e+00
-1.646057815793616097e+00
-1.645969466413856885e+00
-1.645881076945971078e+00
-1.645792647521779450e+00
-1.645704178273286633e+00
-1.645615669332683328e+00
-1.645527120832342538e+00
-1.645438532904819340e+00
-1.645349905682851999e+00
-1.645261239299360412e+00
-1.645172533887443445e+00
-1.645083789580381595e+00
-1.644995006511632329e+00
-1.644906184814833194e+00
-1.644817324623799148e+00
-1.644728426072519678e+00
-1.644639489295163015e+00
-1.644550514426069476e+00
-1.644461501599756570e+00
-1.644372450950914111e+00
-1.644283362614404220e+00
-1.644194236725261105e+00
-1.644105073418690610e+00
-1.644015872830067559e+00
-1.643926635094938415e+00
-1.643837360349016619e+00
-1.643748048728182587e+00
-1.643658700368485492e+00
-1.643569315406140374e+00
-1.643479893977526585e+00
-1.643390436219187345e+00
-1.643300942267830411e+00
-1.643211412260327409e+00
-1.643121846333709390e+00
-1.643032244625168614e+00
-1.642942607272058764e+00
-1.642852934411892285e+00
-1.642763226182338165e+00
-1.642673482721224598e+00
-1.642583704166536318e+00
-1.642493890656412381e+00
-1.642404042329147051e+00
-1.642314159323187805e+00
-1.642224241777136662e+00
-1.642134289829745075e+00
-1.642044303619916823e+00
-1.641954283286706673e+00
-1.641864228969316608e+00
-1.641774140807097604e+00
-1.641684018939547629e+00
-1.641593863506311868e+00
-1.641503674647179167e+00
-1.641413452502084480e+00
-1.641323197211105089e+00
-1.641232908914461719e+00
-1.641142587752514093e+00
-1.641052233865766041e+00
-1.640961847394858175e+00
-1.640871428480571437e+00
-1.640780977263821994e+00
-1.640690493885665235e+00
-1.640599978487290667e+00
-1.640509431210023017e+00
-1.640418852195321575e+00
-1.640328241584774860e+00
-1.640237599520106393e+00
-1.640146926143168260e+00
-1.640056221595944441e+00
-1.639965486020543928e+00
-1.639874719559207605e+00
-1.639783922354299150e+00
-1.639693094548309249e+00
-1.639602236283852932e+00
-1.639511347703669353e+00
-1.639420428950619346e+00
-1.639329480167683650e+00
-1.639238501497966904e+00
-1.639147493084688989e+00
-1.639056455071191465e+00
-1.638965387600930912e+00
-1.638874290817480484e+00
-1.638783164864528130e+00
-1.638692009885876599e+00
-1.638600826025441881e+00
-1.638509613427249878e+00
-1.638418372235437959e+00
-1.638327102594255624e+00
-1.638235804648056959e+00
-1.638144478541307070e+00
-1.638053124418574980e+00
-1.637961742424536959e+00
-1.637870332703972531e+00
-1.637778895401764689e+00
-1.637687430662897237e+00
-1.637595938632458337e+00
-1.637504419455632965e+00
-1.637412873277705572e+00
-1.637321300244058531e+00
-1.637229700500171248e+00
-1.637138074191617720e+00
-1.637046421464066537e+00
-1.636954742463280654e+00
-1.636863037335113624e+00
-1.636771306225509814e+00
-1.636679549280505519e+00
-1.636587766646223185e+00
-1.636495958468875855e+00
-1.636404124894759615e+00
-1.636312266070258259e+00
-1.636220382141839735e+00
-1.636128473256054372e+00
-1.636036539559533987e+00
-1.635944581198992553e+00
-1.635852598321222207e+00
-1.635760591073095016e+00
-1.635668559601560323e+00
-1.635576504053641633e+00
-1.635484424576439721e+00
-1.635392321317129971e+00
-1.635300194422956377e+00
-1.635208044041239317e+00
-1.635115870319367115e+00
-1.635023673404796929e+00
-1.634931453445056304e+00
-1.634839210587737179e+00
-1.634746944980499439e+00
-1.634654656771066028e+00
-1.634562346107223840e+00
-1.634470013136822386e+00
-1.634377658007771572e+00
-1.634285280868041923e+00
-1.634192881865661695e+00
-1.634100461148718875e+00
-1.634008018865354517e+00
-1.633915555163768740e+00
-1.633823070192211180e+00
-1.633730564098988758e+00
-1.633638037032457024e+00
-1.633545489141023488e+00
-1.633452920573144063e+00
-1.633360331477323735e+00
-1.633267722002112343e+00
-1.633175092296107245e+00
-1.633082442507950649e+00
-1.632989772786326066e+00
-1.632897083279961192e+00
-1.632804374137621917e+00
-1.632711645508117204e+00
-1.632618897540291103e+00
-1.632526130383028740e+00
-1.632433344185247881e+00
-1.632340539095902043e+00
-1.632247715263978716e+00
-1.632154872838499138e+00
-1.632062011968512971e+00
-1.631969132803101852e+00
-1.631876235491376059e+00
-1.631783320182472741e+00
-1.631690387025556133e+00
-1.631597436169815118e+00
-1.631504467764461230e+00
-1.631411481958732868e+00
-1.631318478901884861e+00
-1.631225458743195134e+00
-1.631132421631960927e+00
-1.631039367717495248e+00
-1.630946297149129309e+00
-1.630853210076209647e+00
-1.630760106648095453e+00
-1.630666987014160796e+00
-1.630573851323790180e+00
-1.630480699726377436e+00
-1.630387532371330161e+00
-1.630294349408057286e+00
-1.630201150985980174e+00
-1.630107937254521966e+00
-1.630014708363112907e+00
-1.629921464461183467e+00
-1.629828205698167221e+00
-1.629734932223499078e+00
-1.629641644186612393e+00
-1.629548341736938299e+00
-1.629455025023905268e+00
-1.629361694196936439e+00
-1.629268349405450955e+00
-1.629174990798859080e+00
-1.629081618526565522e+00
-1.628988232737961672e+00
-1.628894833582431811e+00
-1.628801421209346234e+00
-1.628707995768063022e+00
-1.628614557407926489e+00
-1.628521106278262964e+00
-1.628427642528384123e+00
-1.628334166307581654e+00
-1.628240677765129929e+00
-1.628147177050280892e+00
-1.628053664312264726e+00
-1.627960139700289410e+00
-1.627866603363537390e+00
-1.627773055451165796e+00
-1.627679496112305113e+00
-1.627585925496056074e+00
-1.627492343751492765e+00
-1.627398751027655743e+00
-1.627305147473554259e+00
-1.627211533238165808e+00
-1.627117908470431029e+00
-1.627024273319256142e+00
-1.626930627933510731e+00
-1.626836972462024189e+00
-1.626743307053587051e+00
-1.626649631856950773e+00
-1.626555947020822401e+00
-1.626462252693866573e+00
-1.626368549024701959e+00
-1.626274836161903270e+00
-1.626181114253996807e+00
-1.626087383449460244e+00
-1.625993643896721519e+00
-1.625899895744159274e+00
-1.625806139140097306e+00
-1.625712374232805679e+00
-1.625618601170502719e+00
-1.625524820101347467e+00
-1.625431031173443897e+00
-1.625337234534835362e+00
-1.625243430333505046e+00
-1.625149618717377731e+00
-1.625055799834312920e+00
-1.624961973832106610e+00
-1.624868140858492183e+00
-1.624774301061132853e+00
-1.624680454587627443e+00
-1.624586601585503498e+00
-1.624492742202220841e+00
-1.624398876585165352e+00
-1.624305004881652303e+00
-1.624211127238921248e+00
-1.624117243804137134e+00
-1.624023354724388968e+00
-1.623929460146686266e+00
-1.623835560217961493e+00
-1.623741655085065405e+00
-1.623647744894765932e+00
-1.623553829793751735e+00
-1.623459909928622436e+00
-1.623365985445896387e+00
-1.623272056492002680e+00
-1.623178123213282698e+00
-1.623084185755989450e+00
-1.622990244266283355e+00
-1.622896298890234013e+00
-1.622802349773819541e+00
-1.622708397062920360e+00
-1.622614440903322963e+00
-1.622520481440715923e+00
-1.622426518820690333e+00
-1.622332553188737814e+00
-1.622238584690248064e+00
-1.622144613470509311e+00
-1.622050639674706307e+00
-1.621956663447919000e+00
-1.621862684935120980e+00
-1.621768704281177920e+00
-1.621674721630850247e+00
-1.621580737128783367e+00
-1.621486750919516551e+00
-1.621392763147472493e+00
-1.621298773956964201e+00
-1.621204783492186552e+00
-1.621110791897219405e+00
-1.621016799316025159e+00
-1.620922805892448748e+00
-1.620828811770212097e+00
-1.620734817092918112e+00
-1.620640822004045578e+00
-1.620546826646952043e+00
-1.620452831164866936e+00
-1.620358835700896005e+00
-1.620264840398014439e+00
-1.620170845399071302e+00
-1.620076850846783767e+00
-1.619982856883737776e+00
-1.619888863652387156e+00
-1.619794871295051841e+00
-1.619700879953916539e+00
-1.619606889771027847e+00
-1.619512900888296469e+00
-1.619418913447494113e+00
-1.619324927590251262e+00
-1.619230943458057181e+00
-1.619136961192259694e+00
-1.619042980934059850e+00
-1.618949002824515482e+00
-1.618855027004538760e+00
-1.618761053614892198e+00
-1.618667082796189316e+00
-1.618573114688894865e+00
-1.618479149433321496e+00
-1.618385187169629313e+00
-1.618291228037822771e+00
-1.618197272177753776e+00
-1.618103319729117029e+00
-1.618009370831448468e+00
-1.617915425624125714e+00
-1.617821484246366737e+00
-1.617727546837228081e+00
-1.617633613535604198e+00
-1.617539684480224116e+00
-1.617445759809653216e+00
-1.617351839662291013e+00
-1.617257924176368933e+00
-1.617164013489948982e+00
-1.617070107740925300e+00
-1.616976207067019500e+00
-1.616882311605781330e+00
-1.616788421494588013e+00
-1.616694536870640020e+00
-1.616600657870964186e+00
-1.616506784632409044e+00
-1.616412917291645934e+00
-1.616319055985166120e+00
-1.616225200849280119e+00
-1.616131352020116596e+00
-1.616037509633622360e+00
-1.615943673825559257e+00
-1.615849844731504392e+00
-1.615756022486847465e+00
-1.615662207226791214e+00
-1.615568399086350304e+00
-1.615474598200348888e+00
-1.615380804703419049e+00
-1.615287018730003021e+00
-1.615193240414346532e+00
-1.615099469890504347e+00
-1.615005707292332726e+00
-1.614911952753492530e+00
-1.614818206407446777e+00
-1.614724468387458645e+00
-1.614630738826592360e+00
-1.614537017857708756e+00
-1.614443305613469493e+00
-1.614349602226330394e+00
-1.614255907828542780e+00
-1.614162222552154136e+00
-1.614068546529002335e+00
-1.613974879890720526e+00
-1.613881222768729362e+00
-1.613787575294242771e+00
-1.613693937598261741e+00
-1.613600309811575872e+00
-1.613506692064760939e+00
-1.613413084488178884e+00
-1.613319487211975156e+00
-1.613225900366080712e+00
-1.613132324080207569e+00
-1.613038758483848589e+00
-1.612945203706280362e+00
-1.612851659876554988e+00
-1.612758127123505192e+00
-1.612664605575739651e+00
-1.612571095361646112e+00
-1.612477596609384056e+00
-1.612384109446888258e+00
-1.612290634001871004e+00
-1.612197170401810986e+00
-1.612103718773960415e+00
-1.612010279245344346e+00
-1.611916851942753803e+00
-1.611823436992749325e+00
-1.611730034521660082e+00
-1.611636644655579875e+00
-1.611543267520370470e+00
-1.611449903241655379e+00
-1.611356551944824300e+00
-1.611263213755028234e+00
-1.611169888797180150e+00
-1.611076577195954762e+00
-1.610983279075785646e+00
-1.610889994560866123e+00
-1.610796723775147044e+00
-1.610703466842338560e+00
-1.610610223885903913e+00
-1.610516995029064535e+00
-1.610423780394795612e+00
-1.610330580105825860e+00
-1.610237394284636858e+00
-1.610144223053463275e+00
-1.610051066534289976e+00
-1.609957924848852695e+00
-1.609864798118636253e+00
-1.609771686464875007e+00
-1.609678590008549515e+00
-1.609585508870390091e+00
-1.609492443170871034e+00
-1.609399393030213066e+00
-1.609306358568382445e+00
-1.609213339905087636e+00
-1.609120337159781755e+00
-1.609027350451658345e+00
-1.608934379899656264e+00
-1.608841425622451249e+00
-1.608748487738462352e+00
-1.608655566365844836e+00
-1.608562661622496615e+00
-1.608469773626050481e+00
-1.608376902493877880e+00
-1.608284048343085804e+00
-1.608191211290519451e+00
-1.608098391452755793e+00
-1.608005588946109787e+00
-1.607912803886627051e+00
-1.607820036390090745e+00
-1.607727286572011138e+00
-1.607634554547634043e+00
-1.607541840431936819e+00
-1.607449144339625047e+00
-1.607356466385137184e+00
-1.607263806682638574e+00
-1.607171165346024555e+00
-1.607078542488919126e+00
-1.606985938224672728e+00
-1.606893352666365349e+00
-1.606800785926800090e+00
-1.606708238118508492e+00
-1.606615709353747201e+00
-1.606523199744497310e+00
-1.606430709402463464e+00
-1.606338238439075861e+00
-1.606245786965487810e+00
-1.606153355092573953e+00
-1.606060942930932711e+00
-1.605968550590883837e+00
-1.605876178182468861e+00
-1.605783825815448429e+00
-1.605691493599307185e+00
-1.605599181643247331e+00
-1.605506890056189961e+00
-1.605414618946778171e+00
-1.605322368423370616e+00
-1.605230138594046618e+00
-1.605137929566603061e+00
-1.605045741448552832e+00
-1.604953574347127265e+00
-1.604861428369274812e+00
-1.604769303621659926e+00
-1.604677200210663512e+00
-1.604585118242380704e+00
-1.604493057822623081e+00
-1.604401019056918454e+00
-1.604309002050507971e+00
-1.604217006908347454e+00
-1.604125033735106509e+00
-1.604033082635170304e+00
-1.603941153712636014e+00
-1.603849247071314155e+00
-1.603757362814729914e+00
-1.603665501046119823e+00
-1.603573661868432865e+00
-1.603481845384330917e+00
-1.603390051696190755e+00
-1.603298280906095163e+00
-1.603206533115844046e+00
-1.603114808426945981e+00
-1.603023106940622222e+00
-1.602931428757805143e+00
-1.602839773979138016e+00
-1.602748142704974788e+00
-1.602656535035380747e+00
-1.602564951070130528e+00
-1.602473390908712325e+00
-1.602381854650321680e+00
-1.602290342393865474e+00
-1.602198854237961489e+00
-1.602107390280936849e+00
-1.602015950620829576e+00
-1.601924535355387036e+00
-1.601833144582067936e+00
-1.601741778398039218e+00
-1.601650436900178276e+00
-1.601559120185073182e+00
-1.601467828349022016e+00
-1.601376561488031758e+00
-1.601285319697820508e+00
-1.601194103073814157e+00
-1.601102911711151267e+00
-1.601011745704679079e+00
-1.600920605148955733e+00
-1.600829490138248712e+00
-1.600738400766535730e+00
-1.600647337127505176e+00
-1.600556299314555897e+00
-1.600465287420796967e+00
-1.600374301539048805e+00
-1.600283341761840950e+00
-1.600192408181416059e+00
-1.600101500889726580e+00
-1.600010619978435633e+00
-1.599919765538918126e+00
-1.599828937662261863e+00
-1.599738136439263103e+00
-1.599647361960434555e+00
-1.599556614315996717e+00
-1.599465893595884758e+00
-1.599375199889745858e+00
-1.599284533286938981e+00
-1.599193893876538430e+00
-1.599103281747328964e+00
-1.599012696987811122e+00
-1.598922139686197674e+00
-1.598831609930416731e+00
-1.598741107808110407e+00
-1.598650633406633714e+00
-1.598560186813059447e+00
-1.598469768114174627e+00
-1.598379377396480727e+00
-1.598289014746195891e+00
-1.598198680249255821e+00
-1.598108373991311781e+00
-1.598018096057730819e+00
-1.597927846533599539e+00
-1.597837625503722547e+00
-1.597747433052621346e+00
-1.597657269264534774e+00
-1.597567134223423224e+00
-1.597477028012966649e+00
-1.597386950716562337e+00
-1.597296902417330910e+00
-1.597206883198110106e+00
-1.597116893141464100e+00
-1.597026932329673965e+00
-1.596937000844744992e+00
-1.596847098768405360e+00
-1.596757226182105915e+00
-1.596667383167023280e+00
-1.596577569804054075e+00
-1.596487786173823364e+00
-1.596398032356680652e+00
-1.596308308432700551e+00
-1.596218614481684561e+00
-1.596128950583162176e+00
-1.596039316816387776e+00
-1.595949713260346625e+00
-1.595860139993752425e+00
-1.595770597095047094e+00
-1.595681084642402325e+00
-1.595591602713721802e+00
-1.595502151386640310e+00
-1.595412730738523299e+00
-1.595323340846468874e+00
-1.595233981787309574e+00
-1.595144653637611709e+00
-1.595055356473673580e+00
-1.594966090371533474e+00
-1.594876855406959892e+00
-1.594787651655462657e+00
-1.594698479192287133e+00
-1.594609338092415785e+00
-1.594520228430570841e+00
-1.594431150281214959e+00
-1.594342103718549231e+00
-1.594253088816516728e+00
-1.594164105648803176e+00
-1.594075154288834950e+00
-1.593986234809782632e+00
-1.593897347284561894e+00
-1.593808491785832615e+00
-1.593719668385999322e+00
-1.593630877157214298e+00
-1.593542118171377586e+00
-1.593453391500136540e+00
-1.593364697214888492e+00
-1.593276035386779421e+00
-1.593187406086706837e+00
-1.593098809385319781e+00
-1.593010245353020382e+00
-1.592921714059963190e+00
-1.592833215576057393e+00
-1.592744749970967488e+00
-1.592656317314113723e+00
-1.592567917674674538e+00
-1.592479551121584125e+00
-1.592391217723537533e+00
-1.592302917548988894e+00
-1.592214650666152309e+00
-1.592126417143004957e+00
-1.592038217047284432e+00
-1.591950050446496068e+00
-1.591861917407904281e+00
-1.591773817998544782e+00
-1.591685752285214361e+00
-1.591597720334482435e+00
-1.591509722212682609e+00
-1.591421757985921337e+00
-1.591333827720074812e+00
-1.591245931480788522e+00
-1.591158069333483915e+00
-1.591070241343355507e+00
-1.590982447575369996e+00
-1.590894688094273368e+00
-1.590806962964586235e+00
-1.590719272250607608e+00
-1.590631616016416894e+00
-1.590543994325871457e+00
-1.590456407242610615e+00
-1.590368854830057854e+00
-1.590281337151417507e+00
-1.590193854269679630e+00
-1.590106406247620008e+00
-1.590018993147800375e+00
-1.589931615032571743e+00
-1.589844271964073963e+00
-1.589756964004234829e+00
-1.589669691214777414e+00
-1.589582453657213401e+00
-1.589495251392850195e+00
-1.589408084482791361e+00
-1.589320952987932634e+00
-1.589233856968971459e+00
-1.589146796486398561e+00
-1.589059771600509707e+00
-1.588972782371398607e+00
-1.588885828858960458e+00
-1.588798911122895507e+00
-1.588712029222706157e+00
-1.588625183217703185e+00
-1.588538373167002193e+00
-1.588451599129528269e+00
-1.588364861164014208e+00
-1.588278159329006067e+00
-1.588191493682858724e+00
-1.588104864283742534e+00
-1.588018271189641784e+00
-1.587931714458355348e+00
-1.587845194147500028e+00
-1.587758710314511212e+00
-1.587672263016643326e+00
-1.587585852310971823e+00
-1.587499478254392971e+00
-1.587413140903628728e+00
-1.587326840315223864e+00
-1.587240576545549953e+00
-1.587154349650806484e+00
-1.587068159687020641e+00
-1.586982006710050186e+00
-1.586895890775584572e+00
-1.586809811939144055e+00
-1.586723770256083688e+00
-1.586637765781597764e+00
-1.586551798570711380e+00
-1.586465868678290425e+00
-1.586379976159039806e+00
-1.586294121067505891e+00
-1.586208303458077173e+00
-1.586122523384983607e+00
-1.586036780902302823e+00
-1.585951076063955689e+00
-1.585865408923712971e+00
-1.585779779535195111e+00
-1.585694187951870227e+00
-1.585608634227059888e+00
-1.585523118413938004e+00
-1.585437640565534378e+00
-1.585352200734732930e+00
-1.585266798974276581e+00
-1.585181435336765476e+00
-1.585096109874663206e+00
-1.585010822640288808e+00
-1.584925573685829869e+00
-1.584840363063336977e+00
-1.584755190824724602e+00
-1.584670057021777101e+00
-1.584584961706145823e+00
-1.584499904929352443e+00
-1.584414886742790074e+00
-1.584329907197725484e+00
-1.584244966345298877e+00
-1.584160064236527443e+00
-1.584075200922304472e+00
-1.583990376453402016e+00
-1.583905590880473335e+00
-1.583820844254050897e+00
-1.583736136624554147e+00
-1.583651468042282628e+00
-1.583566838557423972e+00
-1.583482248220053235e+00
-1.583397697080134892e+00
-1.583313185187520622e+00
-1.583228712591957521e+00
-1.583144279343083882e+00
-1.583059885490430307e+00
-1.582975531083429255e+00
-1.582891216171406157e+00
-1.582806940803584972e+00
-1.582722705029094179e+00
-1.582638508896959895e+00
-1.582554352456113200e+00
-1.582470235755389698e+00
-1.582386158843532176e+00
-1.582302121769189940e+00
-1.582218124580921925e+00
-1.582134167327196694e+00
-1.582050250056395990e+00
-1.581966372816814514e+00
-1.581882535656661704e+00
-1.581798738624064171e+00
-1.581714981767064820e+00
-1.581631265133627062e+00
-1.581547588771635482e+00
-1.581463952728895395e+00
-1.581380357053136176e+00
-1.581296801792012818e+00
-1.581213286993105926e+00
-1.581129812703924387e+00
-1.581046378971907362e+00
-1.580962985844423407e+00
-1.580879633368774906e+00
-1.580796321592194742e+00
-1.580713050561855404e+00
-1.580629820324861878e+00
-1.580546630928260754e+00
-1.580463482419034449e+00
-1.580380374844108760e+00
-1.580297308250349975e+00
-1.580214282684569094e+00
-1.580131298193522493e+00
-1.580048354823911483e+00
-1.579965452622386746e+00
-1.579882591635547673e+00
-1.579799771909944361e+00
-1.579716993492079391e+00
-1.579634256428406935e+00
-1.579551560765339424e+00
-1.579468906549242213e+00
-1.579386293826440024e+00
-1.579303722643216279e+00
-1.579221193045814653e+00
-1.579138705080440408e+00
-1.579056258793263279e+00
-1.578973854230415474e+00
-1.578891491437995898e+00
-1.578809170462071032e+00
-1.578726891348675831e+00
-1.578644654143814829e+00
-1.578562458893462583e+00
-1.578480305643569004e+00
-1.578398194440056690e+00
-1.578316125328821817e+00
-1.578234098355739246e+00
-1.578152113566660297e+00
-1.578070171007416311e+00
-1.577988270723818864e+00
-1.577906412761660881e+00
-1.577824597166718856e+00
-1.577742823984753739e+00
-1.577661093261510494e+00
-1.577579405042722538e+00
-1.577497759374112407e+00
-1.577416156301389094e+00
-1.577334595870254264e+00
-1.577253078126400920e+00
-1.577171603115516074e+00
-1.577090170883279407e+00
-1.577008781475366606e+00
-1.576927434937452466e+00
-1.576846131315206012e+00
-1.576764870654298267e+00
-1.576683653000398699e+00
-1.576602478399182106e+00
-1.576521346896320619e+00
-1.576440258537495254e+00
-1.576359213368388135e+00
-1.576278211434690935e+00
-1.576197252782100655e+00
-1.576116337456323402e+00
-1.576035465503075494e+00
-1.575954636968084133e+00
-1.575873851897086730e+00
-1.575793110335836023e+00
-1.575712412330096734e+00
-1.575631757925651577e+00
-1.575551147168297028e+00
-1.575470580103847773e+00
-1.575390056778137593e+00
-1.575309577237018699e+00
-1.575229141526364396e+00
-1.575148749692068861e+00
-1.575068401780051586e+00
-1.574988097836251821e+00
-1.574907837906636354e+00
-1.574827622037195729e+00
-1.574747450273948468e+00
-1.574667322662939961e+00
-1.574587239250243575e+00
-1.574507200081965097e+00
-1.574427205204236957e+00
-1.574347254663225337e+00
-1.574267348505127284e+00
-1.574187486776174927e+00
-1.574107669522634589e+00
-1.574027896790805459e+00
-1.573948168627022914e+00
-1.573868485077662305e+00
-1.573788846189132951e+00
-1.573709252007885695e+00
-1.573629702580408907e+00
-1.573550197953230922e+00
-1.573470738172923378e+00
-1.573391323286097876e+00
-1.573311953339407987e+00
-1.573232628379553244e+00
-1.573153348453276479e+00
-1.573074113607363378e+00
-1.572994923888648477e+00
-1.572915779344011389e+00
-1.572836680020378131e+00
-1.572757625964725792e+00
-1.572678617224076314e+00
-1.572599653845501821e+00
-1.572520735876127507e+00
-1.572441863363124970e+00
-1.572363036353721100e+00
-1.572284254895192523e+00
-1.572205519034868493e+00
-1.572126828820132660e+00
-1.572048184298422191e+00
-1.571969585517228207e+00
-1.571891032524097787e+00
-1.571812525366634183e+00
-1.571734064092494831e+00
-1.571655648749395340e+00
-1.571577279385108161e+00
-1.571498956047465478e+00
-1.571420678784354541e+00
-1.571342447643725215e+00
-1.571264262673583545e+00
-1.571186123921997746e+00
-1.571108031437094654e+00
-1.571029985267062834e+00
-1.570951985460152134e+00
-1.570874032064673465e+00
-1.570796125129001464e+00
-1.570718264701569833e+00
-1.570640450830879109e+00
-1.570562683565489337e+00
-1.570484962954028507e+00
-1.570407289045184340e+00
-1.570329661887711170e+00
-1.570252081530427501e+00
-1.570174548022216454e+00
-1.570097061412027317e+00
-1.570019621748872662e+00
-1.569942229081833895e+00
-1.569864883460057037e+00
-1.569787584932754054e+00
-1.569710333549203085e+00
-1.569633129358751100e+00
-1.569555972410809463e+00
-1.569478862754857484e+00
-1.569401800440443528e+00
-1.569324785517181464e+00
-1.569247818034753994e+00
-1.569170898042911100e+00
-1.569094025591470487e+00
-1.569017200730318029e+00
-1.568940423509409321e+00
-1.568863693978764795e+00
-1.568787012188477048e+00
-1.568710378188704402e+00
-1.568633792029675122e+00
-1.568557253761685200e+00
-1.568480763435098124e+00
-1.568404321100349552e+00
-1.568327926807939310e+00
-1.568251580608438056e+00
-1.568175282552485506e+00
-1.568099032690787320e+00
-1.568022831074120216e+00
-1.567946677753327966e+00
-1.567870572779322957e+00
-1.567794516203083965e+00
-1.567718508075661044e+00
-1.567642548448169970e+00
-1.567566637371794469e+00
-1.567490774897787320e+00
-1.567414961077466362e+00
-1.567339195962219822e+00
-1.567263479603499654e+00
-1.567187812052828200e+00
-1.567112193361792638e+00
-1.567036623582045651e+00
-1.566961102765309422e+00
-1.566885630963369191e+00
-1.566810208228077483e+00
-1.566734834611350990e+00
-1.566659510165174352e+00
-1.566584234941594378e+00
-1.566509008992723162e+00
-1.566433832370739188e+00
-1.566358705127882001e+00
-1.566283627316455540e+00
-1.566208598988828360e+00
-1.566133620197431853e+00
-1.566058690994757585e+00
-1.565983811433362627e+00
-1.565908981565862002e+00
-1.565834201444936680e+00
-1.565759471123323143e+00
-1.565684790653822933e+00
-1.565610160089295100e+00
-1.565535579482658646e+00
-1.565461048886892748e+00
-1.565386568355033203e+00
-1.565312137940175541e+00
-1.565237757695472132e+00
-1.565163427674131524e+00
-1.565089147929420887e+00
-1.565014918514661346e+00
-1.564940739483230869e+00
-1.564866610888560716e+00
-1.564792532784136991e+00
-1.564718505223500422e+00
-1.564644528260243472e+00
-1.564570601948011230e+00
-1.564496726340501409e+00
-1.564422901491461682e+00
-1.564349127454691235e+00
-1.564275404284038995e+00
-1.564201732033401626e+00
-1.564128110756727086e+00
-1.564054540508007962e+00
-1.563981021341286137e+00
-1.563907553310649012e+00
-1.563834136470230174e+00
-1.563760770874207173e+00
-1.563687456576803747e+00
-1.563614193632284266e+00
-1.563540982094957732e+00
-1.563467822019174447e+00
-1.563394713459326235e+00
-1.563321656469844445e+00
-1.563248651105200837e+00
-1.563175697419905585e+00
-1.563102795468505724e+00
-1.563029945305587809e+00
-1.562957146985771484e+00
-1.562884400563715026e+00
-1.562811706094107134e+00
-1.562739063631674696e+00
-1.562666473231174136e+00
-1.562593934947394070e+00
-1.562521448835156201e+00
-1.562449014949309767e+00
-1.562376633344734422e+00
-1.562304304076338468e+00
-1.562232027199054407e+00
-1.562159802767846495e+00
-1.562087630837700081e+00
-1.562015511463625606e+00
-1.561943444700658379e+00
-1.561871430603854360e+00
-1.561799469228293047e+00
-1.561727560629072808e+00
-1.561655704861311555e+00
-1.561583901980146738e+00
-1.561512152040733126e+00
-1.561440455098241031e+00
-1.561368811207856533e+00
-1.561297220424780363e+00
-1.561225682804225467e+00
-1.561154198401419668e+00
-1.561082767271598781e+00
-1.561011389470010835e+00
-1.560940065051913184e+00
-1.560868794072569177e+00
-1.560797576587249713e+00
-1.560726412651233241e+00
-1.560655302319800208e+00
-1.560584245648236834e+00
-1.560513242691830671e+00
-1.560442293505870159e+00
-1.560371398145644406e+00
-1.560300556666443184e+00
-1.560229769123550492e+00
-1.560159035572249886e+00
-1.560088356067820925e+00
-1.560017730665534286e+00
-1.559947159420657758e+00
-1.559876642388448253e+00
-1.559806179624154465e+00
-1.559735771183016206e+00
-1.559665417120259079e+00
-1.559595117491099137e+00
-1.559524872350735336e+00
-1.559454681754352201e+00
-1.559384545757121154e+00
-1.559314464414191859e+00
-1.559244437780696657e+00
-1.559174465911748353e+00
-1.559104548862438211e+00
-1.559034686687835514e+00
-1.558964879442983786e+00
-1.558895127182904128e+00
-1.558825429962589437e+00
-1.558755787837005746e+00
-1.558686200861091331e+00
-1.558616669089751827e+00
-1.558547192577864005e+00
-1.558477771380270438e+00
-1.558408405551781284e+00
-1.558339095147169173e+00
-1.558269840221173652e+00
-1.558200640828492745e+00
-1.558131497023788503e+00
-1.558062408861679460e+00
-1.557993376396745733e+00
-1.557924399683522809e+00
-1.557855478776501545e+00
-1.557786613730127279e+00
-1.557717804598798939e+00
-1.557649051436867271e+00
-1.557580354298633507e+00
-1.557511713238346251e+00
-1.557443128310204150e+00
-1.557374599568350337e+00
-1.557306127066874213e+00
-1.557237710859809665e+00
-1.557169351001130186e+00
-1.557101047544752870e+00
-1.557032800544533746e+00
-1.556964610054266673e+00
-1.556896476127683560e+00
-1.556828398818449477e+00
-1.556760378180168658e+00
-1.556692414266372504e+00
-1.556624507130527801e+00
-1.556556656826030061e+00
-1.556488863406205070e+00
-1.556421126924304454e+00
-1.556353447433505455e+00
-1.556285824986912703e+00
-1.556218259637550894e+00
-1.556150751438370117e+00
-1.556083300442240525e+00
-1.556015906701946783e+00
-1.555948570270198728e+00
-1.555881291199617600e+00
-1.555814069542742040e+00
-1.555746905352022980e+00
-1.555679798679826087e+00
-1.555612749578425102e+00
-1.555545758100004727e+00
-1.555478824296660401e+00
-1.555411948220389640e+00
-1.555345129923099590e+00
-1.555278369456600140e+00
-1.555211666872603038e+00
-1.555145022222722107e+00
-1.555078435558473027e+00
-1.555011906931267340e+00
-1.554945436392414226e+00
-1.554879023993120946e+00
-1.554812669784487511e+00
-1.554746373817508243e+00
-1.554680136143067104e+00
-1.554613956811941033e+00
-1.554547835874794837e+00
-1.554481773382180299e+00
-1.554415769384537738e+00
-1.554349823932189345e+00
-1.554283937075344513e+00
-1.554218108864092729e+00
-1.554152339348402245e+00
-1.554086628578125850e+00
-1.554020976602990878e+00
-1.553955383472602314e+00
-1.553889849236440579e+00
-1.553824373943860415e+00
-1.553758957644089556e+00
-1.553693600386226725e+00
-1.553628302219240087e+00
-1.553563063191967686e+00
-1.553497883353114339e+00
-1.553432762751249641e+00
-1.553367701434811510e+00
-1.553302699452097313e+00
-1.553237756851268081e+00
-1.553172873680345845e+00
-1.553108049987211858e+00
-1.553043285819604158e+00
-1.552978581225120003e+00
-1.552913936251208993e+00
-1.552849350945177953e+00
-1.552784825354183607e+00
-1.552720359525236349e+00
-1.552655953505195807e+00
-1.552591607340770175e+00
-1.552527321078515987e+00
-1.552463094764835905e+00
-1.552398928445976489e+00
-1.552334822168030648e+00
-1.552270775976930528e+00
-1.552206789918451513e+00
-1.552142864038208891e+00
-1.552078998381654529e+00
-1.552015192994080195e+00
-1.551951447920612237e+00
-1.551887763206211579e+00
-1.551824138895675942e+00
-1.551760575033630518e+00
-1.551697071664534855e+00
-1.551633628832677303e+00
-1.551570246582174351e+00
-1.551506924956971734e+00
-1.551443664000839995e+00
-1.551380463757374484e+00
-1.551317324269994469e+00
-1.551254245581943358e+00
-1.551191227736282263e+00
-1.551128270775896212e+00
-1.551065374743488601e+00
-1.551002539681578085e+00
-1.550939765632502576e+00
-1.550877052638413911e+00
-1.550814400741278076e+00
-1.550751809982876317e+00
-1.550689280404799586e+00
-1.550626812048450542e+00
-1.550564404955040221e+00
-1.550502059165590696e+00
-1.550439774720928421e+00
-1.550377551661688225e+00
-1.550315390028310425e+00
-1.550253289861037720e+00
-1.550191251199915632e+00
-1.550129274084792952e+00
-1.550067358555319075e+00
-1.550005504650941557e+00
-1.549943712410907892e+00
-1.549881981874262404e+00
-1.549820313079845802e+00
-1.549758706066294067e+00
-1.549697160872038904e+00
-1.549635677535302403e+00
-1.549574256094102376e+00
-1.549512896586245692e+00
-1.549451599049328054e+00
-1.549390363520738001e+00
-1.549329190037649129e+00
-1.549268078637023871e+00
-1.549207029355609055e+00
-1.549146042229938569e+00
-1.549085117296329361e+00
-1.549024254590882332e+00
-1.548963454149479446e+00
-1.548902716007785285e+00
-1.548842040201243941e+00
-1.548781426765078129e+00
-1.548720875734291402e+00
-1.548660387143663053e+00
-1.548599961027748328e+00
-1.548539597420881320e+00
-1.548479296357166968e+00
-1.548419057870486393e+00
-1.548358881994493119e+00
-1.548298768762614186e+00
-1.548238718208045261e+00
-1.548178730363755529e+00
-1.548118805262481246e+00
-1.548058942936727966e+00
-1.547999143418770762e+00
-1.547939406740649781e+00
-1.547879732934172470e+00
-1.547820122030911349e+00
-1.547760574062203576e+00
-1.547701089059151158e+00
-1.547641667052617631e+00
-1.547582308073230051e+00
-1.547523012151376109e+00
-1.547463779317205690e+00
-1.547404609600626202e+00
-1.547345503031308356e+00
-1.547286459638677725e+00
-1.547227479451918963e+00
-1.547168562499974920e+00
-1.547109708811544193e+00
-1.547050918415080023e+00
-1.546992191338793177e+00
-1.546933527610645953e+00
-1.546874927258358179e+00
-1.546816390309398548e+00
-1.546757916790991505e+00
-1.546699506730111473e+00
-1.546641160153485517e+00
-1.546582877087590013e+00
-1.546524657558652871e+00
-1.546466501592649090e+00
-1.546408409215304980e+00
-1.546350380452093276e+00
-1.546292415328235137e+00
-1.546234513868699478e+00
-1.546176676098200975e+00
-1.546118902041200061e+00
-1.546061191721903594e+00
-1.546003545164262638e+00
-1.545945962391973350e+00
-1.545888443428475867e+00
-1.545830988296953645e+00
-1.545773597020333012e+00
-1.545716269621282724e+00
-1.545659006122214407e+00
-1.545601806545280565e+00
-1.545544670912375462e+00
-1.545487599245133348e+00
-1.545430591564930456e+00
-1.545373647892881230e+00
-1.545316768249841211e+00
-1.545259952656402591e+00
-1.545203201132900439e+00
-1.545146513699404922e+00
-1.545089890375724417e+00
-1.545033331181406622e+00
-1.544976836135736775e+00
-1.544920405257735441e+00
-1.544864038566161613e+00
-1.544807736079507832e+00
-1.544751497816007069e+00
-1.544695323793624731e+00
-1.544639214030063545e+00
-1.544583168542761120e+00
-1.544527187348889719e+00
-1.544471270465357593e+00
-1.544415417908805432e+00
-1.544359629695609470e+00
-1.544303905841881486e+00
-1.544248246363463695e+00
-1.544192651275935857e+00
-1.544137120594609502e+00
-1.544081654334528597e+00
-1.544026252510471764e+00
-1.543970915136950284e+00
-1.543915642228206764e+00
-1.543860433798219134e+00
-1.543805289860696872e+00
-1.543750210429080783e+00
-1.543695195516545660e+00
-1.543640245135997624e+00
-1.543585359300076343e+00
-1.543530538021150811e+00
-1.543475781311325346e+00
-1.543421089182433814e+00
-1.543366461646043630e+00
-1.543311898713452868e+00
-1.543257400395692702e+00
-1.543202966703524970e+00
-1.543148597647444387e+00
-1.543094293237675441e+00
-1.543040053484177720e+00
-1.542985878396640809e+00
-1.542931767984484948e+00
-1.542877722256864592e+00
-1.542823741222665301e+00
-1.542769824890505292e+00
-1.542715973268732776e+00
-1.542662186365431287e+00
-1.542608464188413242e+00
-1.542554806745225937e+00
-1.542501214043147773e+00
-1.542447686089190917e+00
-1.542394222890099087e+00
-1.542340824452349546e+00
-1.542287490782150661e+00
-1.542234221885447454e+00
-1.542181017767915385e+00
-1.542127878434964350e+00
-1.542074803891736900e+00
-1.542021794143111135e+00
-1.541968849193697810e+00
-1.541915969047841894e+00
-1.541863153709623901e+00
-1.541810403182857003e+00
-1.541757717471091027e+00
-1.541705096577609346e+00
-1.541652540505432434e+00
-1.541600049257315197e+00
-1.541547622835748754e+00
-1.541495261242959769e+00
-1.541442964480912892e+00
-1.541390732551306986e+00
-1.541338565455579568e+00
-1.541286463194904810e+00
-1.541234425770196204e+00
-1.541182453182102119e+00
-1.541130545431011800e+00
-1.541078702517051813e+00
-1.541026924440087598e+00
-1.540975211199724360e+00
-1.540923562795307289e+00
-1.540871979225921118e+00
-1.540820460490390786e+00
-1.540769006587281664e+00
-1.540717617514901994e+00
-1.540666293271299114e+00
-1.540615033854264793e+00
-1.540563839261331891e+00
-1.540512709489776588e+00
-1.540461644536617491e+00
-1.540410644398617190e+00
-1.540359709072282701e+00
-1.540308838553867021e+00
-1.540258032839364910e+00
-1.540207291924519994e+00
-1.540156615804818774e+00
-1.540106004475496393e+00
-1.540055457931536420e+00
-1.540004976167664630e+00
-1.539954559178359661e+00
-1.539904206957846577e+00
-1.539853919500099533e+00
-1.539803696798842214e+00
-1.539753538847549841e+00
-1.539703445639444501e+00
-1.539653417167502925e+00
-1.539603453424452928e+00
-1.539553554402772528e+00
-1.539503720094693717e+00
-1.539453950492203349e+00
-1.539404245587038478e+00
-1.539354605370694573e+00
-1.539305029834419303e+00
-1.539255518969217862e+00
-1.539206072765849420e+00
-1.539156691214832895e+00
-1.539107374306442511e+00
-1.539058122030710907e+00
-1.539008934377429583e+00
-1.538959811336150008e+00
-1.538910752896182288e+00
-1.538861759046598277e+00
-1.538812829776228686e+00
-1.538763965073670859e+00
-1.538715164927278778e+00
-1.538666429325173501e+00
-1.538617758255238277e+00
-1.538569151705121651e+00
-1.538520609662237471e+00
-1.538472132113763768e+00
-1.538423719046645877e+00
-1.538375370447597534e+00
-1.538327086303098890e+00
-1.538278866599398942e+00
-1.538230711322515987e+00
-1.538182620458238059e+00
-1.538134593992125376e+00
-1.538086631909506119e+00
-1.538038734195484647e+00
-1.537990900834935948e+00
-1.537943131812507191e+00
-1.537895427112623281e+00
-1.537847786719480414e+00
-1.537800210617053631e+00
-1.537752698789092598e+00
-1.537705251219124492e+00
-1.537657867890455110e+00
-1.537610548786167763e+00
-1.537563293889125715e+00
-1.537516103181973737e+00
-1.537468976647135666e+00
-1.537421914266817513e+00
-1.537374916023009241e+00
-1.537327981897482321e+00
-1.537281111871792838e+00
-1.537234305927282385e+00
-1.537187564045076504e+00
-1.537140886206090462e+00
-1.537094272391022365e+00
-1.537047722580361819e+00
-1.537001236754384381e+00
-1.536954814893158439e+00
-1.536908456976540105e+00
-1.536862162984177660e+00
-1.536815932895511327e+00
-1.536769766689773720e+00
-1.536723664345992058e+00
-1.536677625842986616e+00
-1.536631651159373613e+00
-1.536585740273565648e+00
-1.536539893163771042e+00
-1.536494109807997166e+00
-1.536448390184050439e+00
-1.536402734269533887e+00
-1.536357142041853141e+00
-1.536311613478213101e+00
-1.536266148555623268e+00
-1.536220747250892416e+00
-1.536175409540634584e+00
-1.536130135401268415e+00
-1.536084924809017149e+00
-1.536039777739910184e+00
-1.535994694169784180e+00
-1.535949674074282401e+00
-1.535904717428858479e+00
-1.535859824208774205e+00
-1.535814994389101740e+00
-1.535770227944724065e+00
-1.535725524850337642e+00
-1.535680885080449753e+00
-1.535636308609382716e+00
-1.535591795411273885e+00
-1.535547345460074542e+00
-1.535502958729553002e+00
-1.535458635193294397e+00
-1.535414374824703332e+00
-1.535370177596999675e+00
-1.535326043483228320e+00
-1.535281972456249422e+00
-1.535237964488749718e+00
-1.535194019553232092e+00
-1.535150137622029565e+00
-1.535106318667293968e+00
-1.535062562661003494e+00
-1.535018869574964695e+00
-1.534975239380807377e+00
-1.534931672049990148e+00
-1.534888167553801308e+00
-1.534844725863355519e+00
-1.534801346949601131e+00
-1.534758030783315519e+00
-1.534714777335108415e+00
-1.534671586575421465e+00
-1.534628458474531998e+00
-1.534585393002550369e+00
-1.534542390129422840e+00
-1.534499449824932471e+00
-1.534456572058698676e+00
-1.534413756800179440e+00
-1.534371004018671325e+00
-1.534328313683311684e+00
-1.534285685763076890e+00
-1.534243120226787660e+00
-1.534200617043104842e+00
-1.534158176180532074e+00
-1.534115797607420673e+00
-1.534073481291964303e+00
-1.534031227202202530e+00
-1.533989035306023263e+00
-1.533946905571160757e+00
-1.533904837965200052e+00
-1.533862832455573422e+00
-1.533820889009563926e+00
-1.533779007594307187e+00
-1.533737188176791166e+00
-1.533695430723854392e+00
-1.533653735202191948e+00
-1.533612101578352593e+00
-1.533570529818740535e+00
-1.533529019889616984e+00
-1.533487571757101042e+00
-1.533446185387168814e+00
-1.533404860745656295e+00
-1.533363597798261591e+00
-1.533322396510540031e+00
-1.533281256847911278e+00
-1.533240178775656881e+00
-1.533199162258922721e+00
-1.533158207262717454e+00
-1.533117313751916289e+00
-1.533076481691262760e+00
-1.533035711045362515e+00
-1.532995001778693300e+00
-1.532954353855600527e+00
-1.532913767240298153e+00
-1.532873241896872463e+00
-1.532832777789280509e+00
-1.532792374881350783e+00
-1.532752033136786540e+00
-1.532711752519164028e+00
-1.532671532991934926e+00
-1.532631374518425682e+00
-1.532591277061842172e+00
-1.532551240585263486e+00
-1.532511265051651250e+00
-1.532471350423843415e+00
-1.532431496664559800e+00
-1.532391703736401878e+00
-1.532351971601849439e+00
-1.532312300223269252e+00
-1.532272689562908852e+00
-1.532233139582901194e+00
-1.532193650245265326e+00
-1.532154221511904391e+00
-1.532114853344611616e+00
-1.532075545705064323e+00
-1.532036298554832365e+00
-1.531997111855371241e+00
-1.531957985568032310e+00
-1.531918919654051248e+00
-1.531879914074563365e+00
-1.531840968790590063e+00
-1.531802083763052380e+00
-1.531763258952762552e+00
-1.531724494320430008e+00
-1.531685789826659150e+00
-1.531647145431953350e+00
-1.531608561096712728e+00
-1.531570036781237931e+00
-1.531531572445728795e+00
-1.531493168050283904e+00
-1.531454823554907030e+00
-1.531416538919501580e+00
-1.531378314103874594e+00
-1.531340149067738077e+00
-1.531302043770707666e+00
-1.531263998172306851e+00
-1.531226012231963640e+00
-1.531188085909014340e+00
-1.531150219162703108e+00
-1.531112411952183727e+00
-1.531074664236520499e+00
-1.531036975974686687e+00
-1.530999347125568955e+00
-1.530961777647966260e+00
-1.530924267500588964e+00
-1.530886816642063497e+00
-1.530849425030931688e+00
-1.530812092625649434e+00
-1.530774819384589591e+00
-1.530737605266043966e+00
-1.530700450228221543e+00
-1.530663354229249817e+00
-1.530626317227177902e+00
-1.530589339179974306e+00
-1.530552420045529161e+00
-1.530515559781656210e+00
-1.530478758346091928e+00
-1.530442015696495961e+00
-1.530405331790454238e+00
-1.530368706585477412e+00
-1.530332140039003308e+00
-1.530295632108397363e+00
-1.530259182750952407e+00
-1.530222791923890879e+00
-1.530186459584364833e+00
-1.530150185689457265e+00
-1.530113970196181450e+00
-1.530077813061485825e+00
-1.530041714242248441e+00
-1.530005673695282731e+00
-1.529969691377339291e+00
-1.529933767245099219e+00
-1.529897901255184989e+00
-1.529862093364153575e+00
-1.529826343528500221e+00
-1.529790651704658888e+00
-1.529755017849004251e+00
-1.529719441917850808e+00
-1.529683923867454443e+00
-1.529648463654010859e+00
-1.529613061233663140e+00
-1.529577716562494416e+00
-1.529542429596533193e+00
-1.529507200291754243e+00
-1.529472028604077272e+00
-1.529436914489369137e+00
-1.529401857903444073e+00
-1.529366858802066131e+00
-1.529331917140946295e+00
-1.529297032875749807e+00
-1.529262205962088172e+00
-1.529227436355526493e+00
-1.529192724011583238e+00
-1.529158068885728694e+00
-1.529123470933388740e+00
-1.529088930109942623e+00
-1.529054446370726073e+00
-1.529020019671031738e+00
-1.528985649966107863e+00
-1.528951337211163830e+00
-1.528917081361363506e+00
-1.528882882371835228e+00
-1.528848740197664924e+00
-1.528814654793898997e+00
-1.528780626115548102e+00
-1.528746654117585146e+00
-1.528712738754946177e+00
-1.528678879982531047e+00
-1.528645077755206527e+00
-1.528611332027803860e+00
-1.528577642755121868e+00
-1.528544009891926736e+00
-1.528510433392952228e+00
-1.528476913212903021e+00
-1.528443449306451152e+00
-1.528410041628242899e+00
-1.528376690132891680e+00
-1.528343394774987152e+00
-1.528310155509089219e+00
-1.528276972289733360e+00
-1.528243845071428408e+00
-1.528210773808659662e+00
-1.528177758455887769e+00
-1.528144798967550955e+00
-1.528111895298064571e+00
-1.528079047401823543e+00
-1.528046255233200146e+00
-1.528013518746548671e+00
-1.527980837896202981e+00
-1.527948212636479175e+00
-1.527915642921675810e+00
-1.527883128706073901e+00
-1.527850669943939810e+00
-1.527818266589521912e+00
-1.527785918597057702e+00
-1.527753625920768021e+00
-1.527721388514861944e+00
-1.527689206333535887e+00
-1.527657079330975387e+00
-1.527625007461355322e+00
-1.527592990678839469e+00
-1.527561028937584275e+00
-1.527529122191736199e+00
-1.527497270395436146e+00
-1.527465473502814364e+00
-1.527433731467998879e+00
-1.527402044245112611e+00
-1.527370411788269822e+00
-1.527338834051585215e+00
-1.527307310989168609e+00
-1.527275842555128049e+00
-1.527244428703568913e+00
-1.527213069388598576e+00
-1.527181764564320865e+00
-1.527150514184843155e+00
-1.527119318204274157e+00
-1.527088176576723466e+00
-1.527057089256304678e+00
-1.527026056197135606e+00
-1.526995077353337837e+00
-1.526964152679038511e+00
-1.526933282128371427e+00
-1.526902465655477936e+00
-1.526871703214503828e+00
-1.526840994759607106e+00
-1.526810340244952213e+00
-1.526779739624715804e+00
-1.526749192853084081e+00
-1.526718699884251906e+00
-1.526688260672431241e+00
-1.526657875171845147e+00
-1.526627543336727344e+00
-1.526597265121331093e+00
-1.526567040479919646e+00
-1.526536869366777349e+00
-1.526506751736200762e+00
-1.526476687542506205e+00
-1.526446676740027764e+00
-1.526416719283117507e+00
-1.526386815126148822e+00
-1.526356964223514190e+00
-1.526327166529628077e+00
-1.526297421998926040e+00
-1.526267730585866511e+00
-1.526238092244931677e+00
-1.526208506930628817e+00
-1.526178974597486526e+00
-1.526149495200062711e+00
-1.526120068692940590e+00
-1.526090695030729139e+00
-1.526061374168067308e+00
-1.526032106059620919e+00
-1.526002890660085987e+00
-1.525973727924188283e+00
-1.525944617806683778e+00
-1.525915560262361526e+00
-1.525886555246041443e+00
-1.525857602712576977e+00
-1.525828702616854882e+00
-1.525799854913797216e+00
-1.525771059558360676e+00
-1.525742316505538154e+00
-1.525713625710358956e+00
-1.525684987127889469e+00
-1.525656400713234717e+00
-1.525627866421539025e+00
-1.525599384207985354e+00
-1.525570954027797077e+00
-1.525542575836240644e+00
-1.525514249588620919e+00
-1.525485975240287617e+00
-1.525457752746632645e+00
-1.525429582063092759e+00
-1.525401463145148240e+00
-1.525373395948326216e+00
-1.525345380428199560e+00
-1.525317416540386661e+00
-1.525289504240554095e+00
-1.525261643484418839e+00
-1.525233834227743612e+00
-1.525206076426343760e+00
-1.525178370036082365e+00
-1.525150715012875136e+00
-1.525123111312691293e+00
-1.525095558891549130e+00
-1.525068057705523339e+00
-1.525040607710740792e+00
-1.525013208863383873e+00
-1.524985861119690478e+00
-1.524958564435954900e+00
-1.524931318768527388e+00
-1.524904124073817258e+00
-1.524876980308289331e+00
-1.524849887428471495e+00
-1.524822845390948700e+00
-1.524795854152365848e+00
-1.524768913669430903e+00
-1.524742023898912002e+00
-1.524715184797641676e+00
-1.524688396322513961e+00
-1.524661658430487732e+00
-1.524634971078586698e+00
-1.524608334223898076e+00
-1.524581747823577693e+00
-1.524555211834846880e+00
-1.524528726214994023e+00
-1.524502290921376568e+00
-1.524475905911420348e+00
-1.524449571142620030e+00
-1.524423286572542446e+00
-1.524397052158823040e+00
-1.524370867859169421e+00
-1.524344733631362470e+00
-1.524318649433254569e+00
-1.524292615222775371e+00
-1.524266630957922919e+00
-1.524240696596774303e+00
-1.524214812097481886e+00
-1.524188977418274193e+00
-1.524163192517455467e+00
-1.524137457353409886e+00
-1.524111771884597788e+00
-1.524086136069559894e+00
-1.524060549866916636e+00
-1.524035013235368607e+00
-1.524009526133697223e+00
-1.523984088520766722e+00
-1.523958700355521279e+00
-1.523933361596990332e+00
-1.523908072204287478e+00
-1.523882832136608467e+00
-1.523857641353236092e+00
-1.523832499813537744e+00
-1.523807407476967635e+00
-1.523782364303066350e+00
-1.523757370251462628e+00
-1.523732425281874026e+00
-1.523707529354106471e+00
-1.523682682428054935e+00
-1.523657884463706313e+00
-1.523633135421135432e+00
-1.523608435260512595e+00
-1.523583783942096259e+00
-1.523559181426241027e+00
-1.523534627673392094e+00
-1.523510122644091025e+00
-1.523485666298973307e+00
-1.523461258598768797e+00
-1.523436899504303721e+00
-1.523412588976502446e+00
-1.523388326976384155e+00
-1.523364113465067060e+00
-1.523339948403766630e+00
-1.523315831753800031e+00
-1.523291763476581462e+00
-1.523267743533625485e+00
-1.523243771886549247e+00
-1.523219848497068707e+00
-1.523195973327005515e+00
-1.523172146338279243e+00
-1.523148367492916710e+00
-1.523124636753046435e+00
-1.523100954080902403e+00
-1.523077319438822297e+00
-1.523053732789251269e+00
-1.523030194094737721e+00
-1.523006703317940191e+00
-1.522983260421621132e+00
-1.522959865368654020e+00
-1.522936518122018246e+00
-1.522913218644803113e+00
-1.522889966900207392e+00
-1.522866762851539990e+00
-1.522843606462220389e+00
-1.522820497695779540e+00
-1.522797436515860081e+00
-1.522774422886215895e+00
-1.522751456770714773e+00
-1.522728538133337750e+00
-1.522705666938179325e+00
-1.522682843149448795e+00
-1.522660066731470474e+00
-1.522637337648683031e+00
-1.522614655865642375e+00
-1.522592021347020763e+00
-1.522569434057605253e+00
-1.522546893962304804e+00
-1.522524401026141394e+00
-1.522501955214260017e+00
-1.522479556491920460e+00
-1.522457204824504640e+00
-1.522434900177514816e+00
-1.522412642516570269e+00
-1.522390431807415068e+00
-1.522368268015912962e+00
-1.522346151108048939e+00
-1.522324081049932554e+00
-1.522302057807791709e+00
-1.522280081347982872e+00
-1.522258151636982193e+00
-1.522236268641390833e+00
-1.522214432327935851e+00
-1.522192642663468876e+00
-1.522170899614964323e+00
-1.522149203149525842e+00
-1.522127553234382313e+00
-1.522105949836887406e+00
-1.522084392924524243e+00
-1.522062882464902289e+00
-1.522041418425758463e+00
-1.522020000774958026e+00
-1.521998629480496135e+00
-1.521977304510495843e+00
-1.521956025833209214e+00
-1.521934793417018650e+00
-1.521913607230436449e+00
-1.521892467242105917e+00
-1.521871373420800033e+00
-1.521850325735424336e+00
-1.521829324155013596e+00
-1.521808368648738252e+00
-1.521787459185896418e+00
-1.521766595735922101e+00
-1.521745778268379423e+00
-1.521725006752968401e+00
-1.521704281159520278e+00
-1.521683601458001078e+00
-1.521662967618510276e+00
-1.521642379611281015e+00
-1.521621837406683220e+00
-1.521601340975218930e+00
-1.521580890287527188e+00
-1.521560485314380262e+00
-1.521540126026689865e+00
-1.521519812395499383e+00
-1.521499544391990311e+00
-1.521479321987479816e+00
-1.521459145153422066e+00
-1.521439013861408673e+00
-1.521418928083165589e+00
-1.521398887790558430e+00
-1.521378892955589590e+00
-1.521358943550398246e+00
-1.521339039547261462e+00
-1.521319180918594860e+00
-1.521299367636952171e+00
-1.521279599675022576e+00
-1.521259877005638916e+00
-1.521240199601767706e+00
-1.521220567436515569e+00
-1.521200980483128573e+00
-1.521181438714991563e+00
-1.521161942105627052e+00
-1.521142490628698107e+00
-1.521123084258006353e+00
-1.521103722967492189e+00
-1.521084406731236349e+00
-1.521065135523458789e+00
-1.521045909318517797e+00
-1.521026728090912661e+00
-1.521007591815281224e+00
-1.520988500466400994e+00
-1.520969454019190037e+00
-1.520950452448703860e+00
-1.520931495730140970e+00
-1.520912583838836873e+00
-1.520893716750267188e+00
-1.520874894440048308e+00
-1.520856116883934961e+00
-1.520837384057822428e+00
-1.520818695937743215e+00
-1.520800052499874377e+00
-1.520781453720526422e+00
-1.520762899576153071e+00
-1.520744390043345939e+00
-1.520725925098836750e+00
-1.520707504719495118e+00
-1.520689128882329655e+00
-1.520670797564489529e+00
-1.520652510743261354e+00
-1.520634268396070521e+00
-1.520616070500480532e+00
-1.520597917034193891e+00
-1.520579807975050990e+00
-1.520561743301031221e+00
-1.520543722990249424e+00
-1.520525747020960106e+00
-1.520507815371555660e+00
-1.520489928020563264e+00
-1.520472084946649094e+00
-1.520454286128616106e+00
-1.520436531545402259e+00
-1.520418821176083402e+00
-1.520401154999870608e+00
-1.520383532996110842e+00
-1.520365955144288073e+00
-1.520348421424018603e+00
-1.520330931815055742e+00
-1.520313486297286909e+00
-1.520296084850733198e+00
-1.520278727455552259e+00
-1.520261414092031194e+00
-1.520244144740593661e+00
-1.520226919381794550e+00
-1.520209737996323529e+00
-1.520192600564999053e+00
-1.520175507068774357e+00
-1.520158457488733905e+00
-1.520141451806090949e+00
-1.520124490002191520e+00
-1.520107572058511325e+00
-1.520090697956654857e+00
-1.520073867678356727e+00
-1.520057081205480554e+00
-1.520040338520018519e+00
-1.520023639604089594e+00
-1.520006984439940867e+00
-1.519990373009947104e+00
-1.519973805296607194e+00
-1.519957281282549255e+00
-1.519940800950523974e+00
-1.519924364283408602e+00
-1.519907971264202962e+00
-1.519891621876032106e+00
-1.519875316102144991e+00
-1.519859053925909587e+00
-1.519842835330819764e+00
-1.519826660300489074e+00
-1.519810528818651418e+00
-1.519794440869162822e+00
-1.519778396435996326e+00
-1.519762395503245322e+00
-1.519746438055120885e+00
-1.519730524075954659e+00
-1.519714653550189087e+00
-1.519698826462388297e+00
-1.519683042797229433e+00
-1.519667302539505105e+00
-1.519651605674123163e+00
-1.519635952186102035e+00
-1.519620342060577389e+00
-1.519604775282791254e+00
-1.519589251838101562e+00
-1.519573771711974830e+00
-1.519558334889985707e+00
-1.519542941357821864e+00
-1.519527591101275332e+00
-1.519512284106246502e+00
-1.519497020358743455e+00
-1.519481799844878411e+00
-1.519466622550869728e+00
-1.519451488463038569e+00
-1.519436397567809571e+00
-1.519421349851710179e+00
-1.519406345301370642e+00
-1.519391383903518911e+00
-1.519376465644984409e+00
-1.519361590512694704e+00
-1.519346758493674843e+00
-1.519331969575049124e+00
-1.519317223744035772e+00
-1.519302520987947602e+00
-1.519287861294193798e+00
-1.519273244650275911e+00
-1.519258671043785869e+00
-1.519244140462410186e+00
-1.519229652893923310e+00
-1.519215208326189614e+00
-1.519200806747161847e+00
-1.519186448144880908e+00
-1.519172132507472517e+00
-1.519157859823148549e+00
-1.519143630080204810e+00
-1.519129443267020596e+00
-1.519115299372057359e+00
-1.519101198383856932e+00
-1.519087140291043081e+00
-1.519073125082315956e+00
-1.519059152746454977e+00
-1.519045223272316170e+00
-1.519031336648830832e+00
-1.519017492865007091e+00
-1.519003691909921905e+00
-1.518989933772729062e+00
-1.518976218442650961e+00
-1.518962545908981054e+00
-1.518948916161081408e+00
-1.518935329188380923e+00
-1.518921784980377776e+00
-1.518908283526631209e+00
-1.518894824816769296e+00
-1.518881408840479397e+00
-1.518868035587512821e+00
-1.518854705047681053e+00
-1.518841417210853750e+00
-1.518828172066960969e+00
-1.518814969605987386e+00
-1.518801809817974968e+00
-1.518788692693019859e+00
-1.518775618221270385e+00
-1.518762586392928382e+00
-1.518749597198245205e+00
-1.518736650627521279e+00
-1.518723746671108321e+00
-1.518710885319399795e+00
-1.518698066562838456e+00
-1.518685290391910803e+00
-1.518672556797144857e+00
-1.518659865769111272e+00
-1.518647217298423113e+00
-1.518634611375728305e+00
-1.518622047991713853e+00
-1.518609527137106285e+00
-1.518597048802662997e+00
-1.518584612979176462e+00
-1.518572219657472910e+00
-1.518559868828408321e+00
-1.518547560482867320e+00
-1.518535294611765174e+00
-1.518523071206041353e+00
-1.518510890256662416e+00
-1.518498751754619791e+00
-1.518486655690924891e+00
-1.518474602056613332e+00
-1.518462590842738713e+00
-1.518450622040374398e+00
-1.518438695640609737e+00
-1.518426811634551843e+00
-1.518414970013318044e+00
-1.518403170768044319e+00
-1.518391413889872643e+00
-1.518379699369957647e+00
-1.518368027199461734e+00
-1.518356397369555966e+00
-1.518344809871415180e+00
-1.518333264696219542e+00
-1.518321761835151218e+00
-1.518310301279395036e+00
-1.518298883020134937e+00
-1.518287507048551532e+00
-1.518276173355825875e+00
-1.518264881933133026e+00
-1.518253632771639605e+00
-1.518242425862508682e+00
-1.518231261196892445e+00
-1.518220138765932647e+00
-1.518209058560759273e+00
-1.518198020572489648e+00
-1.518187024792224893e+00
-1.518176071211052136e+00
-1.518165159820036747e+00
-1.518154290610228774e+00
-1.518143463572655172e+00
-1.518132678698322247e+00
-1.518121935978209880e+00
-1.518111235403275527e+00
-1.518100576964447335e+00
-1.518089960652626358e+00
-1.518079386458685676e+00
-1.518068854373463283e+00
-1.518058364387765646e+00
-1.518047916492367033e+00
-1.518037510678003521e+00
-1.518027146935374327e+00
-1.518016825255139812e+00
-1.518006545627920811e+00
-1.517996308044295084e+00
-1.517986112494796203e+00
-1.517975958969916217e+00
-1.517965847460096773e+00
-1.517955777955734220e+00
-1.517945750447174280e+00
-1.517935764924712050e+00
-1.517925821378589335e+00
-1.517915919798995317e+00
-1.517906060176061445e+00
-1.517896242499865878e+00
-1.517886466760423936e+00
-1.517876732947693430e+00
-1.517867041051570220e+00
-1.517857391061887107e+00
-1.517847782968411829e+00
-1.517838216760845294e+00
-1.517828692428823345e+00
-1.517819209961910110e+00
-1.517809769349600435e+00
-1.517800370581316782e+00
-1.517791013646408116e+00
-1.517781698534147683e+00
-1.517772425233733236e+00
-1.517763193734284144e+00
-1.517754004024838066e+00
-1.517744856094354944e+00
-1.517735749931709899e+00
-1.517726685525695673e+00
-1.517717662865016859e+00
-1.517708681938294335e+00
-1.517699742734057944e+00
-1.517690845240748709e+00
-1.517681989446716395e+00
-1.517673175340217728e+00
-1.517664402909414179e+00
-1.517655672142371959e+00
-1.517646983027060914e+00
-1.517638335551352080e+00
-1.517629729703014130e+00
-1.517621165469716704e+00
-1.517612642839025083e+00
-1.517604161798401075e+00
-1.517595722335199682e+00
-1.517587324436668661e+00
-1.517578968089946967e+00
-1.517570653282064530e+00
-1.517562379999938038e+00
-1.517554148230371602e+00
-1.517545957960056757e+00
-1.517537809175566244e+00
-1.517529701863357783e+00
-1.517521636009769415e+00
-1.517513611601020385e+00
-1.517505628623208036e+00
-1.517497687062305589e+00
-1.517489786904164140e+00
-1.517481928134509106e+00
-1.517474110738938675e+00
-1.517466334702922248e+00
-1.517458600011800440e+00
-1.517450906650784637e+00
-1.517443254604950553e+00
-1.517435643859242900e+00
-1.517428074398470939e+00
-1.517420546207308485e+00
-1.517413059270291242e+00
-1.517405613571816358e+00
-1.517398209096140427e+00
-1.517390845827380375e+00
-1.517383523749509466e+00
-1.517376242846357304e+00
-1.517369003101607827e+00
-1.517361804498799982e+00
-1.517354647021323499e+00
-1.517347530652421561e+00
-1.517340455375184360e+00
-1.517333421172555097e+00
-1.517326428027319540e+00
-1.517319475922112915e+00
-1.517312564839414790e+00
-1.517305694761548862e+00
-1.517298865670681174e+00
-1.517292077548819007e+00
-1.517285330377811992e+00
-1.517278624139347443e+00
-1.517271958814951027e+00
-1.517265334385984765e+00
-1.517258750833648140e+00
-1.517252208138973879e+00
-1.517245706282829065e+00
-1.517239245245914248e+00
-1.517232825008759001e+00
-1.517226445551726366e+00
-1.517220106855005968e+00
-1.517213808898615790e+00
-1.517207551662403509e+00
-1.517201335126041828e+00
-1.517195159269026483e+00
-1.517189024070680903e+00
-1.517182929510147993e+00
-1.517176875566395022e+00
-1.517170862218210292e+00
-1.517164889444201803e+00
-1.517158957222796145e+00
-1.517153065532239609e+00
-1.517147214350593520e+00
-1.517141403655738241e+00
-1.517135633425367169e+00
-1.517129903636989408e+00
-1.517124214267928206e+00
-1.517118565295317190e+00
-1.517112956696104797e+00
-1.517107388447048288e+00
-1.517101860524715962e+00
-1.517096372905485824e+00
-1.517090925565542259e+00
-1.517085518480878914e+00
-1.517080151627297813e+00
-1.517074824980403136e+00
-1.517069538515607663e+00
-1.517064292208126552e+00
-1.517059086032979787e+00
-1.517053919964989728e+00
-1.517048793978781562e+00
-1.517043708048781303e+00
-1.517038662149217121e+00
-1.517033656254114682e+00
-1.517028690337301366e+00
-1.517023764372402717e+00
-1.517018878332842657e+00
-1.517014032191841499e+00
-1.517009225922417270e+00
-1.517004459497384605e+00
-1.516999732889352748e+00
-1.516995046070726216e+00
-1.516990399013704804e+00
-1.516985791690280472e+00
-1.516981224072241119e+00
-1.516976696131163926e+00
-1.516972207838422460e+00
-1.516967759165178453e+00
-1.516963350082387141e+00
-1.516958980560794146e+00
-1.516954650570935259e+00
-1.516950360083135108e+00
-1.516946109067510040e+00
-1.516941897493963021e+00
-1.516937725332187625e+00
-1.516933592551664933e+00
-1.516929499121663083e+00
-1.516925445011239049e+00
-1.516921430189236419e+00
-1.516917454624284956e+00
-1.516913518284802365e+00
-1.516909621138990749e+00
-1.516905763154839937e+00
-1.516901944300124372e+00
-1.516898164542403338e+00
-1.516894423849023399e+00
-1.516890722187113516e+00
-1.516887059523588821e+00
-1.516883435825148396e+00
-1.516879851058275497e+00
-1.516876305189238661e+00
-1.516872798184089266e+00
-1.516869330008661754e+00
-1.516865900628577180e+00
-1.516862510009237219e+00
-1.516859158115829498e+00
-1.516855844913322704e+00
-1.516852570366471253e+00
-1.516849334439811070e+00
-1.516846137097662250e+00
-1.516842978304128842e+00
-1.516839858023098175e+00
-1.516836776218238203e+00
-1.516833732853004824e+00
-1.516830727890632780e+00
-1.516827761294144095e+00
-1.516824833026342301e+00
-1.516821943049815324e+00
-1.516819091326935043e+00
-1.516816277819855951e+00
-1.516813502490518717e+00
-1.516810765300646846e+00
-1.516808066211749129e+00
-1.516805405185117861e+00
-1.516802782181831732e+00
-1.516800197162752717e+00
-1.516797650088530069e+00
-1.516795140919596996e+00
-1.516792669616173983e+00
-1.516790236138265913e+00
-1.516787840445665614e+00
-1.516785482497953641e+00
-1.516783162254494499e+00
-1.516780879674443305e+00
-1.516778634716741347e+00
-1.516776427340118527e+00
-1.516774257503094470e+00
-1.516772125163976526e+00
-1.516770030280862214e+00
-1.516767972811639220e+00
-1.516765952713985177e+00
-1.516763969945370105e+00
-1.516762024463052416e+00
-1.516760116224086685e+00
-1.516758245185316989e+00
-1.516756411303382457e+00
-1.516754614534713053e+00
-1.516752854835537123e+00
-1.516751132161874072e+00
-1.516749446469541462e+00
-1.516747797714151913e+00
-1.516746185851113982e+00
-1.516744610835635054e+00
-1.516743072622720678e+00
-1.516741571167175229e+00
-1.516740106423600576e+00
-1.516738678346401414e+00
-1.516737286889783043e+00
-1.516735932007750920e+00
-1.516734613654115771e+00
-1.516733331782489813e+00
-1.516732086346289643e+00
-1.516730877298737123e+00
-1.516729704592860495e+00
-1.516728568181494374e+00
-1.516727468017280422e+00
-1.516726404052670008e+00
-1.516725376239922429e+00
-1.516724384531109138e+00
-1.516723428878111291e+00
-1.516722509232623084e+00
-1.516721625546152419e+00
-1.516720777770019346e+00
-1.516719965855362062e+00
-1.516719189753131580e+00
-1.516718449414100389e+00
-1.516717744788854905e+00
-1.516717075827803241e+00
-1.516716442481173654e+00
-1.516715844699016769e+00
-1.516715282431203793e+00
-1.516714755627430300e+00
-1.516714264237218668e+00
-1.516713808209915637e+00
-1.516713387494693865e+00
-1.516713002040556812e+00
-1.516712651796336742e+00
-1.516712336710695830e+00
-1.516712056732129943e+00
-1.516711811808965971e+00
-1.516711601889367156e+00
-1.516711426921331984e+00
-1.516711286852694851e+00
-1.516711181631129612e+00
-1.516711111204149365e+00
-1.516711075519108887e+00
