-4.224460496507348672e+00
-4.224460450165519632e+00
-4.224460335131759336e+00
-4.224460151323996548e+00
-4.224459898660225754e+00
-4.224459577058520487e+00
-4.224459186437031555e+00
-4.224458726713981704e+00
-4.224458197807666515e+00
-4.224457599636466831e+00
-4.224456932118830110e+00
-4.224456195173280193e+00
-4.224455388718419080e+00
-4.224454512672923379e+00
-4.224453566955551409e+00
-4.224452551485126328e+00
-4.224451466180557446e+00
-4.224450310960829569e+00
-4.224449085744994115e+00
-4.224447790452195761e+00
-4.224446425001640470e+00
-4.224444989312620358e+00
-4.224443483304500369e+00
-4.224441906896729826e+00
-4.224440260008825554e+00
-4.224438542560388754e+00
-4.224436754471097011e+00
-4.224434895660707845e+00
-4.224432966049045390e+00
-4.224430965556033257e+00
-4.224428894101654564e+00
-4.224426751605980357e+00
-4.224424537989158068e+00
-4.224422253171411512e+00
-4.224419897073050656e+00
-4.224417469614460963e+00
-4.224414970716100726e+00
-4.224412400298524162e+00
-4.224409758282345884e+00
-4.224407044588279092e+00
-4.224404259137100937e+00
-4.224401401849680049e+00
-4.224398472646963221e+00
-4.224395471449974515e+00
-4.224392398179825037e+00
-4.224389252757702273e+00
-4.224386035104875425e+00
-4.224382745142698070e+00
-4.224379382792602833e+00
-4.224375947976109380e+00
-4.224372440614815538e+00
-4.224368860630400846e+00
-4.224365207944632772e+00
-4.224361482479354279e+00
-4.224357684156499815e+00
-4.224353812898079319e+00
-4.224349868626194215e+00
-4.224345851263024088e+00
-4.224341760730836448e+00
-4.224337596951978746e+00
-4.224333359848891689e+00
-4.224329049344092368e+00
-4.224324665360183140e+00
-4.224320207819860507e+00
-4.224315676645900020e+00
-4.224311071761160719e+00
-4.224306393088597567e+00
-4.224301640551243686e+00
-4.224296814072219242e+00
-4.224291913574738544e+00
-4.224286938982098505e+00
-4.224281890217680413e+00
-4.224276767204961480e+00
-4.224271569867504184e+00
-4.224266298128954489e+00
-4.224260951913056061e+00
-4.224255531143632503e+00
-4.224250035744608667e+00
-4.224244465639988455e+00
-4.224238820753869916e+00
-4.224233101010441693e+00
-4.224227306333987464e+00
-4.224221436648875283e+00
-4.224215491879563800e+00
-4.224209471950614692e+00
-4.224203376786674013e+00
-4.224197206312478414e+00
-4.224190960452863131e+00
-4.224184639132746000e+00
-4.224178242277155881e+00
-4.224171769811205124e+00
-4.224165221660096670e+00
-4.224158597749136490e+00
-4.224151898003721151e+00
-4.224145122349345804e+00
-4.224138270711598864e+00
-4.224131343016166440e+00
-4.224124339188831456e+00
-4.224117259155473647e+00
-4.224110102842068670e+00
-4.224102870174696100e+00
-4.224095561079523442e+00
-4.224088175482826557e+00
-4.224080713310979895e+00
-4.224073174490448501e+00
-4.224065558947804888e+00
-4.224057866609726375e+00
-4.224050097402979986e+00
-4.224042251254441105e+00
-4.224034328091090806e+00
-4.224026327840002537e+00
-4.224018250428354548e+00
-4.224010095783439667e+00
-4.224001863832637760e+00
-4.223993554503445047e+00
-4.223985167723456335e+00
-4.223976703420376566e+00
-4.223968161522007492e+00
-4.223959541956271657e+00
-4.223950844651183090e+00
-4.223942069534865063e+00
-4.223933216535558088e+00
-4.223924285581605709e+00
-4.223915276601451829e+00
-4.223906189523668253e+00
-4.223897024276912049e+00
-4.223887780789974400e+00
-4.223878458991740636e+00
-4.223869058811213328e+00
-4.223859580177504291e+00
-4.223850023019843469e+00
-4.223840387267563834e+00
-4.223830672850124479e+00
-4.223820879697085751e+00
-4.223811007738128787e+00
-4.223801056903053741e+00
-4.223791027121764685e+00
-4.223780918324289146e+00
-4.223770730440778998e+00
-4.223760463401485588e+00
-4.223750117136795268e+00
-4.223739691577199196e+00
-4.223729186653315537e+00
-4.223718602295887692e+00
-4.223707938435761200e+00
-4.223697195003920157e+00
-4.223686371931461458e+00
-4.223675469149606343e+00
-4.223664486589695954e+00
-4.223653424183197558e+00
-4.223642281861706316e+00
-4.223631059556932854e+00
-4.223619757200717473e+00
-4.223608374725030146e+00
-4.223596912061956310e+00
-4.223585369143726176e+00
-4.223573745902679200e+00
-4.223562042271294281e+00
-4.223550258182173778e+00
-4.223538393568061267e+00
-4.223526448361807795e+00
-4.223514422496419840e+00
-4.223502315905022009e+00
-4.223490128520874798e+00
-4.223477860277371931e+00
-4.223465511108038584e+00
-4.223453080946539373e+00
-4.223440569726671256e+00
-4.223427977382360865e+00
-4.223415303847685820e+00
-4.223402549056842759e+00
-4.223389712944183749e+00
-4.223376795444187870e+00
-4.223363796491475419e+00
-4.223350716020813245e+00
-4.223337553967099645e+00
-4.223324310265383019e+00
-4.223310984850845884e+00
-4.223297577658820856e+00
-4.223284088624779997e+00
-4.223270517684341030e+00
-4.223256864773266450e+00
-4.223243129827464415e+00
-4.223229312782990519e+00
-4.223215413576044241e+00
-4.223201432142980494e+00
-4.223187368420302512e+00
-4.223173222344647648e+00
-4.223158993852825560e+00
-4.223144682881781797e+00
-4.223130289368623558e+00
-4.223115813250601036e+00
-4.223101254465125187e+00
-4.223086612949758845e+00
-4.223071888642220273e+00
-4.223057081480379615e+00
-4.223042191402271328e+00
-4.223027218346083522e+00
-4.223012162250157076e+00
-4.222997023053000731e+00
-4.222981800693278664e+00
-4.222966495109811369e+00
-4.222951106241589869e+00
-4.222935634027757956e+00
-4.222920078407628175e+00
-4.222904439320676495e+00
-4.222888716706538759e+00
-4.222872910505023114e+00
-4.222857020656096694e+00
-4.222841047099898937e+00
-4.222824989776732707e+00
-4.222808848627072287e+00
-4.222792623591562489e+00
-4.222776314611013326e+00
-4.222759921626408897e+00
-4.222743444578908267e+00
-4.222726883409835708e+00
-4.222710238060694898e+00
-4.222693508473162716e+00
-4.222676694589090118e+00
-4.222659796350502148e+00
-4.222642813699601483e+00
-4.222625746578772876e+00
-4.222608594930574277e+00
-4.222591358697743935e+00
-4.222574037823203952e+00
-4.222556632250050512e+00
-4.222539141921565431e+00
-4.222521566781213487e+00
-4.222503906772641535e+00
-4.222486161839682950e+00
-4.222468331926355845e+00
-4.222450416976857746e+00
-4.222432416935582467e+00
-4.222414331747105898e+00
-4.222396161356192223e+00
-4.222377905707798362e+00
-4.222359564747064198e+00
-4.222341138419331230e+00
-4.222322626670126589e+00
-4.222304029445168361e+00
-4.222285346690368257e+00
-4.222266578351840494e+00
-4.222247724375880473e+00
-4.222228784708991434e+00
-4.222209759297871123e+00
-4.222190648089409137e+00
-4.222171451030697575e+00
-4.222152168069034595e+00
-4.222132799151903981e+00
-4.222113344227000908e+00
-4.222093803242223942e+00
-4.222074176145663493e+00
-4.222054462885624915e+00
-4.222034663410613398e+00
-4.222014777669339303e+00
-4.221994805610716384e+00
-4.221974747183870669e+00
-4.221954602338130691e+00
-4.221934371023041699e+00
-4.221914053188347893e+00
-4.221893648784008413e+00
-4.221873157760198225e+00
-4.221852580067295690e+00
-4.221831915655895884e+00
-4.221811164476807932e+00
-4.221790326481053235e+00
-4.221769401619872575e+00
-4.221748389844717231e+00
-4.221727291107260527e+00
-4.221706105359388062e+00
-4.221684832553209255e+00
-4.221663472641047576e+00
-4.221642025575451207e+00
-4.221620491309184153e+00
-4.221598869795241349e+00
-4.221577160986828225e+00
-4.221555364837378477e+00
-4.221533481300553170e+00
-4.221511510330234529e+00
-4.221489451880532151e+00
-4.221467305905783896e+00
-4.221445072360548778e+00
-4.221422751199615853e+00
-4.221400342378009540e+00
-4.221377845850975419e+00
-4.221355261573993545e+00
-4.221332589502774013e+00
-4.221309829593261398e+00
-4.221286981801629423e+00
-4.221264046084286292e+00
-4.221241022397872023e+00
-4.221217910699274434e+00
-4.221194710945597173e+00
-4.221171423094189024e+00
-4.221148047102645684e+00
-4.221124582928780455e+00
-4.221101030530672205e+00
-4.221077389866612073e+00
-4.221053660895147885e+00
-4.221029843575064611e+00
-4.221005937865384361e+00
-4.220981943725382379e+00
-4.220957861114563059e+00
-4.220933689992682147e+00
-4.220909430319742306e+00
-4.220885082055987780e+00
-4.220860645161907065e+00
-4.220836119598241787e+00
-4.220811505325970714e+00
-4.220786802306330188e+00
-4.220762010500799910e+00
-4.220737129871109161e+00
-4.220712160379242128e+00
-4.220687101987425471e+00
-4.220661954658143422e+00
-4.220636718354134231e+00
-4.220611393038377734e+00
-4.220585978674116667e+00
-4.220560475224851338e+00
-4.220534882654323638e+00
-4.220509200926543691e+00
-4.220483430005763203e+00
-4.220457569856509217e+00
-4.220431620443544141e+00
-4.220405581731906608e+00
-4.220379453686881277e+00
-4.220353236274020148e+00
-4.220326929459132792e+00
-4.220300533208280136e+00
-4.220274047487798441e+00
-4.220247472264274435e+00
-4.220220807504558636e+00
-4.220194053175768012e+00
-4.220167209245276219e+00
-4.220140275680725139e+00
-4.220113252450020447e+00
-4.220086139521329827e+00
-4.220058936863090970e+00
-4.220031644444000918e+00
-4.220004262233025827e+00
-4.219976790199397421e+00
-4.219949228312620093e+00
-4.219921576542457586e+00
-4.219893834858950754e+00
-4.219866003232398022e+00
-4.219838081633377591e+00
-4.219810070032734117e+00
-4.219781968401578709e+00
-4.219753776711295146e+00
-4.219725494933542542e+00
-4.219697123040245579e+00
-4.219668661003602494e+00
-4.219640108796085975e+00
-4.219611466390442267e+00
-4.219582733759686732e+00
-4.219553910877107405e+00
-4.219524997716275649e+00
-4.219495994251027504e+00
-4.219466900455477898e+00
-4.219437716304020647e+00
-4.219408441771313356e+00
-4.219379076832304953e+00
-4.219349621462212596e+00
-4.219320075636525225e+00
-4.219290439331022213e+00
-4.219260712521747614e+00
-4.219230895185031471e+00
-4.219200987297479166e+00
-4.219170988835970526e+00
-4.219140899777671372e+00
-4.219110720100020195e+00
-4.219080449780744146e+00
-4.219050088797835052e+00
-4.219019637129580502e+00
-4.218989094754535429e+00
-4.218958461651546088e+00
-4.218927737799729627e+00
-4.218896923178489189e+00
-4.218866017767512133e+00
-4.218835021546757602e+00
-4.218803934496478725e+00
-4.218772756597203077e+00
-4.218741487829740677e+00
-4.218710128175180429e+00
-4.218678677614902561e+00
-4.218647136130566189e+00
-4.218615503704111092e+00
-4.218583780317761267e+00
-4.218551965954023153e+00
-4.218520060595690957e+00
-4.218488064225835110e+00
-4.218455976827815590e+00
-4.218423798385272150e+00
-4.218391528882131425e+00
-4.218359168302603379e+00
-4.218326716631179529e+00
-4.218294173852638274e+00
-4.218261539952041339e+00
-4.218228814914734670e+00
-4.218195998726349316e+00
-4.218163091372801432e+00
-4.218130092840288725e+00
-4.218097003115295784e+00
-4.218063822184590528e+00
-4.218030550035225978e+00
-4.217997186654539377e+00
-4.217963732030153956e+00
-4.217930186149980720e+00
-4.217896549002205120e+00
-4.217862820575305705e+00
-4.217829000858043464e+00
-4.217795089839462719e+00
-4.217761087508894668e+00
-4.217726993855951179e+00
-4.217692808870533661e+00
-4.217658532542820637e+00
-4.217624164863285507e+00
-4.217589705822677892e+00
-4.217555155412028078e+00
-4.217520513622657674e+00
-4.217485780446173393e+00
-4.217450955874456398e+00
-4.217416039899678282e+00
-4.217381032514294859e+00
-4.217345933711042605e+00
-4.217310743482941326e+00
-4.217275461823292382e+00
-4.217240088725683123e+00
-4.217204624183980677e+00
-4.217169068192334613e+00
-4.217133420745184047e+00
-4.217097681837234546e+00
-4.217061851463490108e+00
-4.217025929619226510e+00
-4.216989916300002861e+00
-4.216953811501660709e+00
-4.216917615220321380e+00
-4.216881327452385975e+00
-4.216844948194535370e+00
-4.216808477443735548e+00
-4.216771915197224274e+00
-4.216735261452527084e+00
-4.216698516207443070e+00
-4.216661679460048440e+00
-4.216624751208705391e+00
-4.216587731452047016e+00
-4.216550620188990628e+00
-4.216513417418719101e+00
-4.216476123140711074e+00
-4.216438737354704536e+00
-4.216401260060725242e+00
-4.216363691259068958e+00
-4.216326030950308557e+00
-4.216288279135292250e+00
-4.216250435815143582e+00
-4.216212500991263212e+00
-4.216174474665316474e+00
-4.216136356839253807e+00
-4.216098147515290329e+00
-4.216059846695919155e+00
-4.216021454383901634e+00
-4.215982970582276224e+00
-4.215944395294345171e+00
-4.215905728523687834e+00
-4.215866970274153580e+00
-4.215828120549855562e+00
-4.215789179355182270e+00
-4.215750146694789535e+00
-4.215711022573602307e+00
-4.215671806996811988e+00
-4.215632499969878211e+00
-4.215593101498523509e+00
-4.215553611588742200e+00
-4.215514030246790611e+00
-4.215474357479195966e+00
-4.215434593292741283e+00
-4.215394737694478700e+00
-4.215354790691723252e+00
-4.215314752292053768e+00
-4.215274622503306645e+00
-4.215234401333585623e+00
-4.215194088791252014e+00
-4.215153684884932694e+00
-4.215113189623499679e+00
-4.215072603016103869e+00
-4.215031925072140417e+00
-4.214991155801272704e+00
-4.214950295213408360e+00
-4.214909343318719692e+00
-4.214868300127640133e+00
-4.214827165650848251e+00
-4.214785939899281075e+00
-4.214744622884126102e+00
-4.214703214616830174e+00
-4.214661715109094153e+00
-4.214620124372859600e+00
-4.214578442420327420e+00
-4.214536669263948099e+00
-4.214494804916418147e+00
-4.214452849390688982e+00
-4.214410802699951830e+00
-4.214368664857651936e+00
-4.214326435877482346e+00
-4.214284115773374140e+00
-4.214241704559511525e+00
-4.214199202250316745e+00
-4.214156608860459841e+00
-4.214113924404853329e+00
-4.214071148898644203e+00
-4.214028282357238808e+00
-4.213985324796263754e+00
-4.213942276231597894e+00
-4.213899136679349233e+00
-4.213855906155876241e+00
-4.213812584677763873e+00
-4.213769172261838669e+00
-4.213725668925162537e+00
-4.213682074685028311e+00
-4.213638389558965081e+00
-4.213594613564738189e+00
-4.213550746720341245e+00
-4.213506789044000556e+00
-4.213462740554171582e+00
-4.213418601269540709e+00
-4.213374371209023472e+00
-4.213330050391761894e+00
-4.213285638837131586e+00
-4.213241136564720435e+00
-4.213196543594353471e+00
-4.213151859946075994e+00
-4.213107085640158900e+00
-4.213062220697093352e+00
-4.213017265137592560e+00
-4.212972218982591777e+00
-4.212927082253246525e+00
-4.212881854970928153e+00
-4.212836537157231831e+00
-4.212791128833962340e+00
-4.212745630023147392e+00
-4.212700040747024310e+00
-4.212654361028052463e+00
-4.212608590888897275e+00
-4.212562730352439999e+00
-4.212516779441773274e+00
-4.212470738180203789e+00
-4.212424606591238074e+00
-4.212378384698602929e+00
-4.212332072526225879e+00
-4.212285670098246726e+00
-4.212239177439002447e+00
-4.212192594573043181e+00
-4.212145921525120684e+00
-4.212099158320192771e+00
-4.212052304983409101e+00
-4.212005361540131609e+00
-4.211958328015917630e+00
-4.211911204436527889e+00
-4.211863990827911408e+00
-4.211816687216225930e+00
-4.211769293627814825e+00
-4.211721810089229301e+00
-4.211674236627202639e+00
-4.211626573268668849e+00
-4.211578820040748461e+00
-4.211530976970763618e+00
-4.211483044086213212e+00
-4.211435021414799529e+00
-4.211386908984397159e+00
-4.211338706823085865e+00
-4.211290414959117712e+00
-4.211242033420937503e+00
-4.211193562237171228e+00
-4.211145001436627844e+00
-4.211096351048307262e+00
-4.211047611101374599e+00
-4.210998781625188592e+00
-4.210949862649283837e+00
-4.210900854203373456e+00
-4.210851756317343764e+00
-4.210802569021265818e+00
-4.210753292345376764e+00
-4.210703926320094936e+00
-4.210654470976008312e+00
-4.210604926343876286e+00
-4.210555292454640330e+00
-4.210505569339393794e+00
-4.210455757029416546e+00
-4.210405855556144772e+00
-4.210355864951189631e+00
-4.210305785246322152e+00
-4.210255616473490115e+00
-4.210205358664789621e+00
-4.210155011852489970e+00
-4.210104576069022997e+00
-4.210054051346978632e+00
-4.210003437719111119e+00
-4.209952735218325692e+00
-4.209901943877696340e+00
-4.209851063730445375e+00
-4.209800094809954984e+00
-4.209749037149769002e+00
-4.209697890783574259e+00
-4.209646655745215682e+00
-4.209595332068692741e+00
-4.209543919788155009e+00
-4.209492418937898606e+00
-4.209440829552373309e+00
-4.209389151666177220e+00
-4.209337385314053215e+00
-4.209285530530892494e+00
-4.209233587351728367e+00
-4.209181555811743358e+00
-4.209129435946258546e+00
-4.209077227790745113e+00
-4.209024931380804802e+00
-4.208972546752181465e+00
-4.208920073940770834e+00
-4.208867512982597425e+00
-4.208814863913814541e+00
-4.208762126770733580e+00
-4.208709301589781404e+00
-4.208656388407532312e+00
-4.208603387260686723e+00
-4.208550298186083616e+00
-4.208497121220684534e+00
-4.208443856401594907e+00
-4.208390503766039181e+00
-4.208337063351375917e+00
-4.208283535195086245e+00
-4.208229919334788072e+00
-4.208176215808214771e+00
-4.208122424653232940e+00
-4.208068545907822866e+00
-4.208014579610100725e+00
-4.207960525798299933e+00
-4.207906384510767595e+00
-4.207852155785984927e+00
-4.207797839662545059e+00
-4.207743436179155694e+00
-4.207688945374651546e+00
-4.207634367287979238e+00
-4.207579701958198193e+00
-4.207524949424488625e+00
-4.207470109726143548e+00
-4.207415182902567885e+00
-4.207360168993276694e+00
-4.207305068037898721e+00
-4.207249880076176396e+00
-4.207194605147954292e+00
-4.207139243293190667e+00
-4.207083794551956579e+00
-4.207028258964418121e+00
-4.206972636570857738e+00
-4.206916927411660012e+00
-4.206861131527309894e+00
-4.206805248958405130e+00
-4.206749279745632286e+00
-4.206693223929797831e+00
-4.206637081551794388e+00
-4.206580852652620273e+00
-4.206524537273377717e+00
-4.206468135455256885e+00
-4.206411647239555407e+00
-4.206355072667664174e+00
-4.206298411781070890e+00
-4.206241664621356513e+00
-4.206184831230205923e+00
-4.206127911649380380e+00
-4.206070905920752168e+00
-4.206013814086273506e+00
-4.205956636187990760e+00
-4.205899372268048886e+00
-4.205842022368673661e+00
-4.205784586532181457e+00
-4.205727064800983683e+00
-4.205669457217568130e+00
-4.205611763824520288e+00
-4.205553984664507361e+00
-4.205496119780280928e+00
-4.205438169214679611e+00
-4.205380133010623744e+00
-4.205322011211119815e+00
-4.205263803859255134e+00
-4.205205510998201390e+00
-4.205147132671205767e+00
-4.205088668921602491e+00
-4.205030119792802168e+00
-4.204971485328297121e+00
-4.204912765571652500e+00
-4.204853960566517834e+00
-4.204795070356616371e+00
-4.204736094985753070e+00
-4.204677034497797727e+00
-4.204617888936707182e+00
-4.204558658346506661e+00
-4.204499342771297776e+00
-4.204439942255252305e+00
-4.204380456842618408e+00
-4.204320886577717076e+00
-4.204261231504933249e+00
-4.204201491668734469e+00
-4.204141667113648673e+00
-4.204081757884280179e+00
-4.204021764025299035e+00
-4.203961685581444563e+00
-4.203901522597526252e+00
-4.203841275118415766e+00
-4.203780943189057595e+00
-4.203720526854462847e+00
-4.203660026159704799e+00
-4.203599441149924232e+00
-4.203538771870319657e+00
-4.203478018366168634e+00
-4.203417180682802901e+00
-4.203356258865618145e+00
-4.203295252960074890e+00
-4.203234163011694946e+00
-4.203172989066059628e+00
-4.203111731168816867e+00
-4.203050389365674100e+00
-4.202988963702394720e+00
-4.202927454224811399e+00
-4.202865860978802992e+00
-4.202804184010322075e+00
-4.202742423365372737e+00
-4.202680579090015023e+00
-4.202618651230369373e+00
-4.202556639832619290e+00
-4.202494544942994459e+00
-4.202432366607791181e+00
-4.202370104873358159e+00
-4.202307759786099162e+00
-4.202245331392473027e+00
-4.202182819738998987e+00
-4.202120224872246013e+00
-4.202057546838840807e+00
-4.201994785685456257e+00
-4.201931941458836306e+00
-4.201869014205757757e+00
-4.201806003973067583e+00
-4.201742910807654496e+00
-4.201679734756464946e+00
-4.201616475866498668e+00
-4.201553134184806026e+00
-4.201489709758484459e+00
-4.201426202634693574e+00
-4.201362612860633838e+00
-4.201298940483558120e+00
-4.201235185550777906e+00
-4.201171348109650872e+00
-4.201107428207575545e+00
-4.201043425892017069e+00
-4.200979341210477003e+00
-4.200915174210514635e+00
-4.200850924939733666e+00
-4.200786593445789308e+00
-4.200722179776386511e+00
-4.200657683979274637e+00
-4.200593106102259888e+00
-4.200528446193185772e+00
-4.200463704299953527e+00
-4.200398880470509688e+00
-4.200333974752844313e+00
-4.200268987195000747e+00
-4.200203917845072965e+00
-4.200138766751188690e+00
-4.200073533961539596e+00
-4.200008219524355546e+00
-4.199942823487912591e+00
-4.199877345900539183e+00
-4.199811786810609959e+00
-4.199746146266538638e+00
-4.199680424316799332e+00
-4.199614621009899018e+00
-4.199548736394401516e+00
-4.199482770518915942e+00
-4.199416723432090492e+00
-4.199350595182629320e+00
-4.199284385819274767e+00
-4.199218095390825134e+00
-4.199151723946117798e+00
-4.199085271534038100e+00
-4.199018738203519341e+00
-4.198952124003540121e+00
-4.198885428983127888e+00
-4.198818653191352723e+00
-4.198751796677334447e+00
-4.198684859490234622e+00
-4.198617841679269880e+00
-4.198550743293695042e+00
-4.198483564382812006e+00
-4.198416304995978621e+00
-4.198348965182593595e+00
-4.198281544992095604e+00
-4.198214044473984607e+00
-4.198146463677791651e+00
-4.198078802653104624e+00
-4.198011061449560266e+00
-4.197943240116834396e+00
-4.197875338704658787e+00
-4.197807357262806960e+00
-4.197739295841099505e+00
-4.197671154489408529e+00
-4.197602933257651436e+00
-4.197534632195796256e+00
-4.197466251353853650e+00
-4.197397790781887572e+00
-4.197329250530009048e+00
-4.197260630648378843e+00
-4.197191931187200353e+00
-4.197123152196735596e+00
-4.197054293727284779e+00
-4.196985355829205844e+00
-4.196916338552903802e+00
-4.196847241948831631e+00
-4.196778066067489377e+00
-4.196708810959433933e+00
-4.196639476675268376e+00
-4.196570063265647299e+00
-4.196500570781270589e+00
-4.196430999272899420e+00
-4.196361348791341150e+00
-4.196291619387445770e+00
-4.196221811112128997e+00
-4.196151924016345625e+00
-4.196081958151111735e+00
-4.196011913567496698e+00
-4.195941790316607189e+00
-4.195871588449621825e+00
-4.195801308017760967e+00
-4.195730949072300042e+00
-4.195660511664567771e+00
-4.195589995845947939e+00
-4.195519401667881176e+00
-4.195448729181854297e+00
-4.195377978439417177e+00
-4.195307149492169430e+00
-4.195236242391767512e+00
-4.195165257189924723e+00
-4.195094193938408544e+00
-4.195023052689038856e+00
-4.194951833493701265e+00
-4.194880536404330229e+00
-4.194809161472917935e+00
-4.194737708751519634e+00
-4.194666178292243863e+00
-4.194594570147254231e+00
-4.194522884368775628e+00
-4.194451121009093342e+00
-4.194379280120551279e+00
-4.194307361755549302e+00
-4.194235365966552997e+00
-4.194163292806081245e+00
-4.194091142326718646e+00
-4.194018914581103097e+00
-4.193946609621945321e+00
-4.193874227502001339e+00
-4.193801768274102670e+00
-4.193729231991143003e+00
-4.193656618706069317e+00
-4.193583928471894318e+00
-4.193511161341698212e+00
-4.193438317368622492e+00
-4.193365396605869933e+00
-4.193292399106707258e+00
-4.193219324924476687e+00
-4.193146174112571067e+00
-4.193072946724456962e+00
-4.192999642813656891e+00
-4.192926262433778639e+00
-4.192852805638478841e+00
-4.192779272481485187e+00
-4.192705663016593753e+00
-4.192631977297677892e+00
-4.192558215378662467e+00
-4.192484377313551391e+00
-4.192410463156411637e+00
-4.192336472961383009e+00
-4.192262406782677253e+00
-4.192188264674570064e+00
-4.192114046691405527e+00
-4.192039752887613879e+00
-4.191965383317676874e+00
-4.191890938036158865e+00
-4.191816417097698810e+00
-4.191741820556995179e+00
-4.191667148468829041e+00
-4.191592400888056069e+00
-4.191517577869599442e+00
-4.191442679468456056e+00
-4.191367705739706295e+00
-4.191292656738489164e+00
-4.191217532520033373e+00
-4.191142333139635134e+00
-4.191067058652671484e+00
-4.190991709114586961e+00
-4.190916284580914919e+00
-4.190840785107255329e+00
-4.190765210749288094e+00
-4.190689561562776611e+00
-4.190613837603550884e+00
-4.190538038927527964e+00
-4.190462165590706611e+00
-4.190386217649151313e+00
-4.190310195159020701e+00
-4.190234098176548017e+00
-4.190157926758040219e+00
-4.190081680959894861e+00
-4.190005360838582327e+00
-4.189928966450663594e+00
-4.189852497852772473e+00
-4.189775955101628924e+00
-4.189699338254032845e+00
-4.189622647366875619e+00
-4.189545882497116125e+00
-4.189469043701812723e+00
-4.189392131038098377e+00
-4.189315144563186877e+00
-4.189238084334395040e+00
-4.189160950409101858e+00
-4.189083742844782243e+00
-4.189006461698997263e+00
-4.188929107029391474e+00
-4.188851678893698249e+00
-4.188774177349738004e+00
-4.188696602455410201e+00
-4.188618954268713779e+00
-4.188541232847726725e+00
-4.188463438250617621e+00
-4.188385570535638536e+00
-4.188307629761133910e+00
-4.188229615985544108e+00
-4.188151529267386763e+00
-4.188073369665272772e+00
-4.187995137237908949e+00
-4.187916832044080273e+00
-4.187838454142672084e+00
-4.187760003592656766e+00
-4.187681480453096405e+00
-4.187602884783145463e+00
-4.187524216642049879e+00
-4.187445476089149743e+00
-4.187366663183869520e+00
-4.187287777985735815e+00
-4.187208820554355171e+00
-4.187129790949440711e+00
-4.187050689230790823e+00
-4.186971515458296267e+00
-4.186892269691948165e+00
-4.186812951991820242e+00
-4.186733562418090138e+00
-4.186654101031025199e+00
-4.186574567890984255e+00
-4.186494963058430052e+00
-4.186415286593910601e+00
-4.186335538558072500e+00
-4.186255719011660936e+00
-4.186175828015509914e+00
-4.186095865630552026e+00
-4.186015831917819341e+00
-4.185935726938431856e+00
-4.185855550753612597e+00
-4.185775303424684068e+00
-4.185694985013050484e+00
-4.185614595580226194e+00
-4.185534135187824134e+00
-4.185453603897540731e+00
-4.185373001771178103e+00
-4.185292328870637846e+00
-4.185211585257914813e+00
-4.185130770995104221e+00
-4.185049886144394549e+00
-4.184968930768074635e+00
-4.184887904928535463e+00
-4.184806808688257718e+00
-4.184725642109826893e+00
-4.184644405255923516e+00
-4.184563098189330255e+00
-4.184481720972921259e+00
-4.184400273669672821e+00
-4.184318756342664258e+00
-4.184237169055070815e+00
-4.184155511870157440e+00
-4.184073784851303657e+00
-4.183991988061974254e+00
-4.183910121565745932e+00
-4.183828185426277102e+00
-4.183746179707341639e+00
-4.183664104472804901e+00
-4.183581959786631721e+00
-4.183499745712886408e+00
-4.183417462315733637e+00
-4.183335109659434892e+00
-4.183252687808352910e+00
-4.183170196826949017e+00
-4.183087636779782237e+00
-4.183005007731508407e+00
-4.182922309746890832e+00
-4.182839542890785189e+00
-4.182756707228145743e+00
-4.182673802824033338e+00
-4.182590829743593197e+00
-4.182507788052086894e+00
-4.182424677814862157e+00
-4.182341499097367077e+00
-4.182258251965152773e+00
-4.182174936483870731e+00
-4.182091552719264804e+00
-4.182008100737180101e+00
-4.181924580603556763e+00
-4.181840992384438849e+00
-4.181757336145964565e+00
-4.181673611954376035e+00
-4.181589819876001535e+00
-4.181505959977279474e+00
-4.181422032324742410e+00
-4.181338036985013495e+00
-4.181253974024818021e+00
-4.181169843510983419e+00
-4.181085645510431270e+00
-4.181001380090172859e+00
-4.180917047317323387e+00
-4.180832647259098422e+00
-4.180748179982800572e+00
-4.180663645555829255e+00
-4.180579044045688697e+00
-4.180494375519972827e+00
-4.180409640046368835e+00
-4.180324837692666939e+00
-4.180239968526747951e+00
-4.180155032616582389e+00
-4.180070030030245576e+00
-4.179984960835899876e+00
-4.179899825101807131e+00
-4.179814622896321552e+00
-4.179729354287886167e+00
-4.179644019345043482e+00
-4.179558618136427484e+00
-4.179473150730766307e+00
-4.179387617196877791e+00
-4.179302017603670372e+00
-4.179216352020155512e+00
-4.179130620515421946e+00
-4.179044823158658772e+00
-4.178958960019147462e+00
-4.178873031166254748e+00
-4.178787036669437072e+00
-4.178700976598247685e+00
-4.178614851022329546e+00
-4.178528660011407325e+00
-4.178442403635302504e+00
-4.178356081963920943e+00
-4.178269695067255540e+00
-4.178183243015396897e+00
-4.178096725878510220e+00
-4.178010143726862857e+00
-4.177923496630794098e+00
-4.177836784660739156e+00
-4.177750007887216732e+00
-4.177663166380831683e+00
-4.177576260212276793e+00
-4.177489289452327448e+00
-4.177402254171839857e+00
-4.177315154441760825e+00
-4.177227990333122420e+00
-4.177140761917028655e+00
-4.177053469264678576e+00
-4.176966112447350277e+00
-4.176878691536401789e+00
-4.176791206603270190e+00
-4.176703657719480489e+00
-4.176616044956635854e+00
-4.176528368386418499e+00
-4.176440628080587025e+00
-4.176352824110990625e+00
-4.176264956549545104e+00
-4.176177025468246207e+00
-4.176089030939176716e+00
-4.176000973034489583e+00
-4.175912851826413252e+00
-4.175824667387258771e+00
-4.175736419789404685e+00
-4.175648109105311256e+00
-4.175559735407510686e+00
-4.175471298768613337e+00
-4.175382799261295297e+00
-4.175294236958315253e+00
-4.175205611932501171e+00
-4.175116924256749407e+00
-4.175028174004028259e+00
-4.174939361247385072e+00
-4.174850486059926702e+00
-4.174761548514843490e+00
-4.174672548685375517e+00
-4.174583486644851682e+00
-4.174494362466659503e+00
-4.174405176224253111e+00
-4.174315927991155029e+00
-4.174226617840955278e+00
-4.174137245847313160e+00
-4.174047812083946596e+00
-4.173958316624644560e+00
-4.173868759543251983e+00
-4.173779140913685737e+00
-4.173689460809918650e+00
-4.173599719305994604e+00
-4.173509916476008996e+00
-4.173420052394125612e+00
-4.173330127134570411e+00
-4.173240140771615536e+00
-4.173150093379610404e+00
-4.173059985032951502e+00
-4.172969815806097493e+00
-4.172879585773562106e+00
-4.172789295009915911e+00
-4.172698943589792542e+00
-4.172608531587868264e+00
-4.172518059078883290e+00
-4.172427526137632015e+00
-4.172336932838956791e+00
-4.172246279257758594e+00
-4.172155565468985472e+00
-4.172064791547641427e+00
-4.171973957568778424e+00
-4.171883063607503495e+00
-4.171792109738966303e+00
-4.171701096038368028e+00
-4.171610022580957811e+00
-4.171518889442036304e+00
-4.171427696696946796e+00
-4.171336444421078760e+00
-4.171245132689870516e+00
-4.171153761578799468e+00
-4.171062331163397197e+00
-4.170970841519224592e+00
-4.170879292721899390e+00
-4.170787684847067744e+00
-4.170696017970437985e+00
-4.170604292167730875e+00
-4.170512507514737344e+00
-4.170420664087259865e+00
-4.170328761961160424e+00
-4.170236801212327649e+00
-4.170144781916694576e+00
-4.170052704150225331e+00
-4.169960567988924005e+00
-4.169868373508824000e+00
-4.169776120786001350e+00
-4.169683809896564064e+00
-4.169591440916648573e+00
-4.169499013922424169e+00
-4.169406528990100114e+00
-4.169313986195908761e+00
-4.169221385616116216e+00
-4.169128727327017891e+00
-4.169036011404936737e+00
-4.168943237926226786e+00
-4.168850406967268718e+00
-4.168757518604468082e+00
-4.168664572914261512e+00
-4.168571569973107849e+00
-4.168478509857491687e+00
-4.168385392643918053e+00
-4.168292218408923056e+00
-4.168198987229064123e+00
-4.168105699180912893e+00
-4.168012354341074754e+00
-4.167918952786163977e+00
-4.167825494592826807e+00
-4.167731979837714817e+00
-4.167638408597516886e+00
-4.167544780948918337e+00
-4.167451096968641799e+00
-4.167357356733417895e+00
-4.167263560319992344e+00
-4.167169707805125967e+00
-4.167075799265597347e+00
-4.166981834778201055e+00
-4.166887814419737879e+00
-4.166793738267031699e+00
-4.166699606396907285e+00
-4.166605418886211609e+00
-4.166511175811792533e+00
-4.166416877250514794e+00
-4.166322523279254675e+00
-4.166228113974891123e+00
-4.166133649414313744e+00
-4.166039129674421027e+00
-4.165944554832118563e+00
-4.165849924964316386e+00
-4.165755240147935190e+00
-4.165660500459892113e+00
-4.165565705977118505e+00
-4.165470856776540387e+00
-4.165375952935096215e+00
-4.165280994529720893e+00
-4.165185981637354651e+00
-4.165090914334937722e+00
-4.164995792699412114e+00
-4.164900616807720724e+00
-4.164805386736803783e+00
-4.164710102563601524e+00
-4.164614764365055954e+00
-4.164519372218101090e+00
-4.164423926199677162e+00
-4.164328426386712856e+00
-4.164232872856135081e+00
-4.164137265684870748e+00
-4.164041604949838771e+00
-4.163945890727949184e+00
-4.163850123096117350e+00
-4.163754302131239982e+00
-4.163658427910211124e+00
-4.163562500509919495e+00
-4.163466520007244931e+00
-4.163370486479058385e+00
-4.163274400002221043e+00
-4.163178260653588758e+00
-4.163082068510000511e+00
-4.162985823648283734e+00
-4.162889526145266750e+00
-4.162793176077756563e+00
-4.162696773522550409e+00
-4.162600318556430423e+00
-4.162503811256175190e+00
-4.162407251698536648e+00
-4.162310639960267622e+00
-4.162213976118088965e+00
-4.162117260248726858e+00
-4.162020492428873730e+00
-4.161923672735219348e+00
-4.161826801244434826e+00
-4.161729878033168184e+00
-4.161632903178062115e+00
-4.161535876755732666e+00
-4.161438798842781672e+00
-4.161341669515792319e+00
-4.161244488851328249e+00
-4.161147256925940674e+00
-4.161049973816156822e+00
-4.160952639598484382e+00
-4.160855254349406174e+00
-4.160757818145400577e+00
-4.160660331062906891e+00
-4.160562793178358199e+00
-4.160465204568155606e+00
-4.160367565308687787e+00
-4.160269875476317658e+00
-4.160172135147384154e+00
-4.160074344398208446e+00
-4.159976503305082396e+00
-4.159878611944283655e+00
-4.159780670392058788e+00
-4.159682678724637483e+00
-4.159584637018225450e+00
-4.159486545348995534e+00
-4.159388403793108147e+00
-4.159290212426690836e+00
-4.159191971325856052e+00
-4.159093680566674500e+00
-4.158995340225211557e+00
-4.158896950377500623e+00
-4.158798511099542239e+00
-4.158700022467319179e+00
-4.158601484556783134e+00
-4.158502897443874247e+00
-4.158404261204482921e+00
-4.158305575914494234e+00
-4.158206841649758623e+00
-4.158108058486096326e+00
-4.158009226499310707e+00
-4.157910345765170490e+00
-4.157811416359421308e+00
-4.157712438357783924e+00
-4.157613411835944461e+00
-4.157514336869573057e+00
-4.157415213534306098e+00
-4.157316041905750659e+00
-4.157216822059490724e+00
-4.157117554071088961e+00
-4.157018238016064515e+00
-4.156918873969928541e+00
-4.156819462008153110e+00
-4.156720002206181874e+00
-4.156620494639443386e+00
-4.156520939383328006e+00
-4.156421336513199449e+00
-4.156321686104401891e+00
-4.156221988232246645e+00
-4.156122242972017489e+00
-4.156022450398974222e+00
-4.155922610588350885e+00
-4.155822723615353986e+00
-4.155722789555159835e+00
-4.155622808482923425e+00
-4.155522780473766886e+00
-4.155422705602796363e+00
-4.155322583945079806e+00
-4.155222415575671846e+00
-4.155122200569589808e+00
-4.155021939001834141e+00
-4.154921630947372435e+00
-4.154821276481156289e+00
-4.154720875678100001e+00
-4.154620428613108096e+00
-4.154519935361046912e+00
-4.154419395996761466e+00
-4.154318810595080791e+00
-4.154218179230803720e+00
-4.154117501978704219e+00
-4.154016778913534935e+00
-4.153916010110026313e+00
-4.153815195642881264e+00
-4.153714335586787598e+00
-4.153613430016407371e+00
-4.153512479006376878e+00
-4.153411482631316431e+00
-4.153310440965827688e+00
-4.153209354084478555e+00
-4.153108222061831611e+00
-4.153007044972414796e+00
-4.152905822890750720e+00
-4.152804555891334459e+00
-4.152703244048639775e+00
-4.152601887437127104e+00
-4.152500486131238233e+00
-4.152399040205395409e+00
-4.152297549734002224e+00
-4.152196014791448064e+00
-4.152094435452100996e+00
-4.151992811790321980e+00
-4.151891143880451551e+00
-4.151789431796810703e+00
-4.151687675613709771e+00
-4.151585875405448434e+00
-4.151484031246307715e+00
-4.151382143210558873e+00
-4.151280211372458062e+00
-4.151178235806249894e+00
-4.151076216586168321e+00
-4.150974153786439302e+00
-4.150872047481272809e+00
-4.150769897744869930e+00
-4.150667704651427314e+00
-4.150565468275130065e+00
-4.150463188690150851e+00
-4.150360865970664115e+00
-4.150258500190831867e+00
-4.150156091424810789e+00
-4.150053639746751344e+00
-4.149951145230801330e+00
-4.149848607951100554e+00
-4.149746027981789709e+00
-4.149643405397006823e+00
-4.149540740270881933e+00
-4.149438032677547739e+00
-4.149335282691141380e+00
-4.149232490385783123e+00
-4.149129655835617214e+00
-4.149026779114771912e+00
-4.148923860297379029e+00
-4.148820899457585476e+00
-4.148717896669523952e+00
-4.148614852007351139e+00
-4.148511765545213059e+00
-4.148408637357266393e+00
-4.148305467517675815e+00
-4.148202256100617547e+00
-4.148099003180266919e+00
-4.147995708830814365e+00
-4.147892373126462751e+00
-4.147788996141417606e+00
-4.147685577949902225e+00
-4.147582118626151448e+00
-4.147478618244414328e+00
-4.147375076878946132e+00
-4.147271494604026998e+00
-4.147167871493953051e+00
-4.147064207623030185e+00
-4.146960503065582948e+00
-4.146856757895964307e+00
-4.146752972188533448e+00
-4.146649146017677090e+00
-4.146545279457802380e+00
-4.146441372583338669e+00
-4.146337425468737514e+00
-4.146233438188476228e+00
-4.146129410817056105e+00
-4.146025343429003307e+00
-4.145921236098874196e+00
-4.145817088901250891e+00
-4.145712901910744819e+00
-4.145608675201992277e+00
-4.145504408849676636e+00
-4.145400102928492814e+00
-4.145295757513180135e+00
-4.145191372678513453e+00
-4.145086948499290713e+00
-4.144982485050359600e+00
-4.144877982406601546e+00
-4.144773440642925522e+00
-4.144668859834296448e+00
-4.144564240055705007e+00
-4.144459581382188063e+00
-4.144354883888828667e+00
-4.144250147650746285e+00
-4.144145372743111899e+00
-4.144040559241133792e+00
-4.143935707220076203e+00
-4.143830816755239788e+00
-4.143725887921985596e+00
-4.143620920795718199e+00
-4.143515915451891019e+00
-4.143410871966016096e+00
-4.143305790413651657e+00
-4.143200670870414548e+00
-4.143095513411974018e+00
-4.142990318114059711e+00
-4.142885085052459893e+00
-4.142779814303009012e+00
-4.142674505941622343e+00
-4.142569160044258680e+00
-4.142463776686944321e+00
-4.142358355945772175e+00
-4.142252897896893771e+00
-4.142147402616533469e+00
-4.142041870180975138e+00
-4.141936300666580806e+00
-4.141830694149767567e+00
-4.141725050707036004e+00
-4.141619370414947987e+00
-4.141513653350147983e+00
-4.141407899589344410e+00
-4.141302109209327398e+00
-4.141196282286964347e+00
-4.141090418899191938e+00
-4.140984519123035668e+00
-4.140878583035596527e+00
-4.140772610714052782e+00
-4.140666602235670624e+00
-4.140560557677797959e+00
-4.140454477117863519e+00
-4.140348360633391955e+00
-4.140242208301984306e+00
-4.140136020201340195e+00
-4.140029796409233853e+00
-4.139923537003547871e+00
-4.139817242062245661e+00
-4.139710911663386561e+00
-4.139604545885127607e+00
-4.139498144805716429e+00
-4.139391708503500134e+00
-4.139285237056925304e+00
-4.139178730544536222e+00
-4.139072189044980199e+00
-4.138965612636999580e+00
-4.138859001399449511e+00
-4.138752355411284611e+00
-4.138645674751562531e+00
-4.138538959499457270e+00
-4.138432209734236089e+00
-4.138325425535293256e+00
-4.138218606982118075e+00
-4.138111754154320643e+00
-4.138004867131619413e+00
-4.137897945993852744e+00
-4.137790990820968240e+00
-4.137684001693036073e+00
-4.137576978690244545e+00
-4.137469921892890312e+00
-4.137362831381403261e+00
-4.137255707236333180e+00
-4.137148549538349762e+00
-4.137041358368245270e+00
-4.136934133806938085e+00
-4.136826875935482484e+00
-4.136719584835047314e+00
-4.136612260586937317e+00
-4.136504903272589573e+00
-4.136397512973568169e+00
-4.136290089771573975e+00
-4.136182633748441972e+00
-4.136075144986134156e+00
-4.135967623566764395e+00
-4.135860069572570907e+00
-4.135752483085934017e+00
-4.135644864189385039e+00
-4.135537212965578746e+00
-4.135429529497328005e+00
-4.135321813867578911e+00
-4.135214066159427659e+00
-4.135106286456118774e+00
-4.134998474841042437e+00
-4.134890631397732719e+00
-4.134782756209882670e+00
-4.134674849361327453e+00
-4.134566910936060324e+00
-4.134458941018227307e+00
-4.134350939692124527e+00
-4.134242907042212423e+00
-4.134134843153098871e+00
-4.134026748109557836e+00
-4.133918621996519605e+00
-4.133810464899070780e+00
-4.133702276902467609e+00
-4.133594058092123547e+00
-4.133485808553617247e+00
-4.133377528372692566e+00
-4.133269217635260340e+00
-4.133160876427398378e+00
-4.133052504835352359e+00
-4.132944102945540266e+00
-4.132835670844544396e+00
-4.132727208619128234e+00
-4.132618716356219579e+00
-4.132510194142925641e+00
-4.132401642066528602e+00
-4.132293060214477620e+00
-4.132184448674415478e+00
-4.132075807534155487e+00
-4.131967136881685931e+00
-4.131858436805179835e+00
-4.131749707392991411e+00
-4.131640948733659613e+00
-4.131532160915906360e+00
-4.131423344028631206e+00
-4.131314498160935322e+00
-4.131205623402086857e+00
-4.131096719841563569e+00
-4.130987787569010194e+00
-4.130878826674276638e+00
-4.130769837247399323e+00
-4.130660819378606519e+00
-4.130551773158316564e+00
-4.130442698677144087e+00
-4.130333596025900000e+00
-4.130224465295588843e+00
-4.130115306577413214e+00
-4.130006119962775557e+00
-4.129896905543269270e+00
-4.129787663410693810e+00
-4.129678393657049362e+00
-4.129569096374537729e+00
-4.129459771655551670e+00
-4.129350419592710431e+00
-4.129241040278812669e+00
-4.129131633806879087e+00
-4.129022200270125786e+00
-4.128912739761982920e+00
-4.128803252376085808e+00
-4.128693738206274944e+00
-4.128584197346604867e+00
-4.128474629891336178e+00
-4.128365035934945304e+00
-4.128255415572119169e+00
-4.128145768897748979e+00
-4.128036096006951539e+00
-4.127926396995049707e+00
-4.127816671957585726e+00
-4.127706920990315886e+00
-4.127597144189206979e+00
-4.127487341650452279e+00
-4.127377513470460002e+00
-4.127267659745856854e+00
-4.127157780573485368e+00
-4.127047876050411013e+00
-4.126937946273921298e+00
-4.126827991341524893e+00
-4.126718011350948068e+00
-4.126608006400142692e+00
-4.126497976587288008e+00
-4.126387922010777309e+00
-4.126277842769242810e+00
-4.126167738961530773e+00
-4.126057610686714838e+00
-4.125947458044097793e+00
-4.125837281133207135e+00
-4.125727080053802176e+00
-4.125616854905865161e+00
-4.125506605789612813e+00
-4.125396332805483013e+00
-4.125286036054152561e+00
-4.125175715636519413e+00
-4.125065371653725776e+00
-4.124955004207127018e+00
-4.124844613398327198e+00
-4.124734199329149753e+00
-4.124623762101660596e+00
-4.124513301818150346e+00
-4.124402818581151209e+00
-4.124292312493427204e+00
-4.124181783657972389e+00
-4.124071232178017965e+00
-4.123960658157033166e+00
-4.123850061698719927e+00
-4.123739442907017327e+00
-4.123628801886101591e+00
-4.123518138740380756e+00
-4.123407453574507997e+00
-4.123296746493366527e+00
-4.123186017602082920e+00
-4.123075267006015565e+00
-4.122964494810766212e+00
-4.122853701122170200e+00
-4.122742886046306232e+00
-4.122632049689491929e+00
-4.122521192158278502e+00
-4.122410313559462303e+00
-4.122299414000077711e+00
-4.122188493587396252e+00
-4.122077552428935476e+00
-4.121966590632443861e+00
-4.121855608305915020e+00
-4.121744605557588592e+00
-4.121633582495937809e+00
-4.121522539229668602e+00
-4.121411475867750696e+00
-4.121300392519373190e+00
-4.121189289293973879e+00
-4.121078166301232137e+00
-4.120967023651066263e+00
-4.120855861453640578e+00
-4.120744679819350331e+00
-4.120633478858842125e+00
-4.120522258682995265e+00
-4.120411019402940411e+00
-4.120299761130038263e+00
-4.120188483975892879e+00
-4.120077188052352568e+00
-4.119965873471511664e+00
-4.119854540345688321e+00
-4.119743188787456489e+00
-4.119631818909624599e+00
-4.119520430825239110e+00
-4.119409024647596063e+00
-4.119297600490220645e+00
-4.119186158466883185e+00
-4.119074698691589376e+00
-4.118963221278591824e+00
-4.118851726342379393e+00
-4.118740213997675426e+00
-4.118628684359443959e+00
-4.118517137542891504e+00
-4.118405573663462604e+00
-4.118293992836834505e+00
-4.118182395178922484e+00
-4.118070780805885178e+00
-4.117959149834117483e+00
-4.117847502380239000e+00
-4.117735838561124240e+00
-4.117624158493872422e+00
-4.117512462295814579e+00
-4.117400750084531325e+00
-4.117289021977820873e+00
-4.117177278093737236e+00
-4.117065518550542258e+00
-4.116953743466751803e+00
-4.116841952961106443e+00
-4.116730147152578567e+00
-4.116618326160383035e+00
-4.116506490103945204e+00
-4.116394639102945341e+00
-4.116282773277280427e+00
-4.116170892747080146e+00
-4.116058997632705996e+00
-4.115947088054745073e+00
-4.115835164134011848e+00
-4.115723225991555267e+00
-4.115611273748649879e+00
-4.115499307526787831e+00
-4.115387327447697530e+00
-4.115275333633326760e+00
-4.115163326205854233e+00
-4.115051305287673600e+00
-4.114939271001411214e+00
-4.114827223469906592e+00
-4.114715162816231953e+00
-4.114603089163670013e+00
-4.114491002635729089e+00
-4.114378903356140427e+00
-4.114266791448845773e+00
-4.114154667038013358e+00
-4.114042530248022800e+00
-4.113930381203474873e+00
-4.113818220029185291e+00
-4.113706046850177600e+00
-4.113593861791699169e+00
-4.113481664979205199e+00
-4.113369456538364943e+00
-4.113257236595059929e+00
-4.113145005275377741e+00
-4.113032762705624457e+00
-4.112920509012303327e+00
-4.112808244322135209e+00
-4.112695968762043464e+00
-4.112583682459154844e+00
-4.112471385540810154e+00
-4.112359078134542933e+00
-4.112246760368101661e+00
-4.112134432369422221e+00
-4.112022094266651884e+00
-4.111909746188142201e+00
-4.111797388262427688e+00
-4.111685020618254249e+00
-4.111572643384559633e+00
-4.111460256690479653e+00
-4.111347860665340193e+00
-4.111235455438663422e+00
-4.111123041140165135e+00
-4.111010617899752972e+00
-4.110898185847520203e+00
-4.110785745113751055e+00
-4.110673295828918050e+00
-4.110560838123686445e+00
-4.110448372128897354e+00
-4.110335897975578412e+00
-4.110223415794938440e+00
-4.110110925718379882e+00
-4.109998427877473937e+00
-4.109885922403972103e+00
-4.109773409429811508e+00
-4.109660889087098035e+00
-4.109548361508114311e+00
-4.109435826825322380e+00
-4.109323285171353923e+00
-4.109210736679009379e+00
-4.109098181481266820e+00
-4.108985619711266857e+00
-4.108873051502317963e+00
-4.108760476987904475e+00
-4.108647896301659941e+00
-4.108535309577391992e+00
-4.108422716949073461e+00
-4.108310118550827283e+00
-4.108197514516941595e+00
-4.108084904981864405e+00
-4.107972290080197375e+00
-4.107859669946698489e+00
-4.107747044716279383e+00
-4.107634414524003574e+00
-4.107521779505084680e+00
-4.107409139794884645e+00
-4.107296495528919067e+00
-4.107183846842841213e+00
-4.107071193872455339e+00
-4.106958536753709588e+00
-4.106845875622686215e+00
-4.106733210615621132e+00
-4.106620541868871044e+00
-4.106507869518946308e+00
-4.106395193702483404e+00
-4.106282514556255592e+00
-4.106169832217170246e+00
-4.106057146822262638e+00
-4.105944458508693273e+00
-4.105831767413762101e+00
-4.105719073674885422e+00
-4.105606377429610987e+00
-4.105493678815597569e+00
-4.105380977970638945e+00
-4.105268275032636360e+00
-4.105155570139620735e+00
-4.105042863429729572e+00
-4.104930155041214057e+00
-4.104817445112447949e+00
-4.104704733781907144e+00
-4.104592021188183004e+00
-4.104479307469967253e+00
-4.104366592766063526e+00
-4.104253877215381152e+00
-4.104141160956924494e+00
-4.104028444129803610e+00
-4.103915726873227143e+00
-4.103803009326502327e+00
-4.103690291629026099e+00
-4.103577573920300203e+00
-4.103464856339904543e+00
-4.103352139027520273e+00
-4.103239422122910263e+00
-4.103126705765927973e+00
-4.103013990096510355e+00
-4.102901275254676072e+00
-4.102788561380524612e+00
-4.102675848614236287e+00
-4.102563137096074009e+00
-4.102450426966362862e+00
-4.102337718365513197e+00
-4.102225011434007307e+00
-4.102112306312392320e+00
-4.101999603141283757e+00
-4.101886902061367302e+00
-4.101774203213393477e+00
-4.101661506738166985e+00
-4.101548812776567132e+00
-4.101436121469517637e+00
-4.101323432958013271e+00
-4.101210747383090549e+00
-4.101098064885850825e+00
-4.100985385607439859e+00
-4.100872709689051376e+00
-4.100760037271932390e+00
-4.100647368497376100e+00
-4.100534703506709455e+00
-4.100422042441310033e+00
-4.100309385442595378e+00
-4.100196732652010567e+00
-4.100084084211056634e+00
-4.099971440261247935e+00
-4.099858800944137016e+00
-4.099746166401313729e+00
-4.099633536774391018e+00
-4.099520912205003143e+00
-4.099408292834816336e+00
-4.099295678805513710e+00
-4.099183070258800576e+00
-4.099070467336407120e+00
-4.098957870180065299e+00
-4.098845278931530167e+00
-4.098732693732572763e+00
-4.098620114724965902e+00
-4.098507542050495722e+00
-4.098394975850957245e+00
-4.098282416268140160e+00
-4.098169863443844818e+00
-4.098057317519873344e+00
-4.097944778638015428e+00
-4.097832246940071421e+00
-4.097719722567827461e+00
-4.097607205663059027e+00
-4.097494696367541600e+00
-4.097382194823032897e+00
-4.097269701171272871e+00
-4.097157215553997034e+00
-4.097044738112914253e+00
-4.096932268989717407e+00
-4.096819808326071843e+00
-4.096707356263630473e+00
-4.096594912944010680e+00
-4.096482478508806757e+00
-4.096370053099579245e+00
-4.096257636857859374e+00
-4.096145229925148179e+00
-4.096032832442904059e+00
-4.095920444552551665e+00
-4.095808066395475677e+00
-4.095695698113014593e+00
-4.095583339846469606e+00
-4.095470991737093058e+00
-4.095358653926086667e+00
-4.095246326554608629e+00
-4.095134009763754079e+00
-4.095021703694579074e+00
-4.094909408488073943e+00
-4.094797124285169510e+00
-4.094684851226742417e+00
-4.094572589453602696e+00
-4.094460339106505309e+00
-4.094348100326120843e+00
-4.094235873253078140e+00
-4.094123658027908341e+00
-4.094011454791088411e+00
-4.093899263683018930e+00
-4.093787084844021429e+00
-4.093674918414336616e+00
-4.093562764534130594e+00
-4.093450623343484196e+00
-4.093338494982395659e+00
-4.093226379590782393e+00
-4.093114277308460558e+00
-4.093002188275170816e+00
-4.092890112630551691e+00
-4.092778050514152000e+00
-4.092666002065430852e+00
-4.092553967423737227e+00
-4.092441946728322399e+00
-4.092329940118348830e+00
-4.092217947732862626e+00
-4.092105969710812197e+00
-4.091994006191023381e+00
-4.091882057312237642e+00
-4.091770123213063215e+00
-4.091658204032005308e+00
-4.091546299907450113e+00
-4.091434410977670133e+00
-4.091322537380813529e+00
-4.091210679254910332e+00
-4.091098836737872446e+00
-4.090987009967479437e+00
-4.090875199081387414e+00
-4.090763404217125476e+00
-4.090651625512086831e+00
-4.090539863103544782e+00
-4.090428117128620755e+00
-4.090316387724311831e+00
-4.090204675027477421e+00
-4.090092979174828614e+00
-4.089981300302946821e+00
-4.089869638548258912e+00
-4.089757994047053202e+00
-4.089646366935470567e+00
-4.089534757349496452e+00
-4.089423165424973305e+00
-4.089311591297589032e+00
-4.089200035102878772e+00
-4.089088496976213349e+00
-4.088976977052811712e+00
-4.088865475467734711e+00
-4.088753992355882438e+00
-4.088642527851980901e+00
-4.088531082090607782e+00
-4.088419655206157799e+00
-4.088308247332871126e+00
-4.088196858604805861e+00
-4.088085489155859342e+00
-4.087974139119741501e+00
-4.087862808630003286e+00
-4.087751497820005575e+00
-4.087640206822930722e+00
-4.087528935771794103e+00
-4.087417684799413031e+00
-4.087306454038432513e+00
-4.087195243621300378e+00
-4.087084053680287710e+00
-4.086972884347478185e+00
-4.086861735754752978e+00
-4.086750608033812959e+00
-4.086639501316159162e+00
-4.086528415733099884e+00
-4.086417351415742694e+00
-4.086306308495005091e+00
-4.086195287101594964e+00
-4.086084287366030132e+00
-4.085973309418612587e+00
-4.085862353389444479e+00
-4.085751419408428120e+00
-4.085640507605249105e+00
-4.085529618109390526e+00
-4.085418751050117869e+00
-4.085307906556489677e+00
-4.085197084757353991e+00
-4.085086285781335924e+00
-4.084975509756842094e+00
-4.084864756812079278e+00
-4.084754027075010896e+00
-4.084643320673392530e+00
-4.084532637734759497e+00
-4.084421978386414409e+00
-4.084311342755439611e+00
-4.084200730968696291e+00
-4.084090143152805830e+00
-4.083979579434170226e+00
-4.083869039938956114e+00
-4.083758524793100086e+00
-4.083648034122303372e+00
-4.083537568052033606e+00
-4.083427126707523946e+00
-4.083316710213773071e+00
-4.083206318695530079e+00
-4.083095952277316698e+00
-4.082985611083405075e+00
-4.082875295237833768e+00
-4.082765004864386427e+00
-4.082654740086613110e+00
-4.082544501027810746e+00
-4.082434287811028462e+00
-4.082324100559074687e+00
-4.082213939394501168e+00
-4.082103804439611849e+00
-4.081993695816456658e+00
-4.081883613646838604e+00
-4.081773558052299578e+00
-4.081663529154127446e+00
-4.081553527073356946e+00
-4.081443551930765246e+00
-4.081333603846870162e+00
-4.081223682941925723e+00
-4.081113789335930164e+00
-4.081003923148621482e+00
-4.080894084499472996e+00
-4.080784273507688020e+00
-4.080674490292216738e+00
-4.080564734971739327e+00
-4.080455007664665068e+00
-4.080345308489138567e+00
-4.080235637563036200e+00
-4.080125995003968775e+00
-4.080016380929267328e+00
-4.079906795455999102e+00
-4.079797238700956896e+00
-4.079687710780665277e+00
-4.079578211811361932e+00
-4.079468741909026974e+00
-4.079359301189345643e+00
-4.079249889767746495e+00
-4.079140507759365875e+00
-4.079031155279071008e+00
-4.078921832441443129e+00
-4.078812539360791689e+00
-4.078703276151135704e+00
-4.078594042926225960e+00
-4.078484839799517481e+00
-4.078375666884192619e+00
-4.078266524293146844e+00
-4.078157412138991411e+00
-4.078048330534051580e+00
-4.077939279590371058e+00
-4.077830259419705783e+00
-4.077721270133520370e+00
-4.077612311842999659e+00
-4.077503384659039831e+00
-4.077394488692238639e+00
-4.077285624052915836e+00
-4.077176790851095411e+00
-4.077067989196511810e+00
-4.076959219198617035e+00
-4.076850480966553114e+00
-4.076741774609190294e+00
-4.076633100235093288e+00
-4.076524457952539038e+00
-4.076415847869510500e+00
-4.076307270093693980e+00
-4.076198724732487122e+00
-4.076090211892987369e+00
-4.075981731681999065e+00
-4.075873284206030789e+00
-4.075764869571293580e+00
-4.075656487883705381e+00
-4.075548139248884816e+00
-4.075439823772153858e+00
-4.075331541558535164e+00
-4.075223292712757406e+00
-4.075115077339248160e+00
-4.075006895542135688e+00
-4.074898747425254264e+00
-4.074790633092131742e+00
-4.074682552646000211e+00
-4.074574506189795109e+00
-4.074466493826150781e+00
-4.074358515657388935e+00
-4.074250571785555941e+00
-4.074142662312375762e+00
-4.074034787339279262e+00
-4.073926946967397100e+00
-4.073819141297557067e+00
-4.073711370430285861e+00
-4.073603634465813528e+00
-4.073495933504057476e+00
-4.073388267644650007e+00
-4.073280636986902792e+00
-4.073173041629837954e+00
-4.073065481672172083e+00
-4.072957957212319791e+00
-4.072850468348394593e+00
-4.072743015178208026e+00
-4.072635597799265206e+00
-4.072528216308774596e+00
-4.072420870803636461e+00
-4.072313561380457969e+00
-4.072206288135537200e+00
-4.072099051164867589e+00
-4.071991850564149473e+00
-4.071884686428772326e+00
-4.071777558853828971e+00
-4.071670467934106696e+00
-4.071563413764098804e+00
-4.071456396437981518e+00
-4.071349416049649506e+00
-4.071242472692676806e+00
-4.071135566460347910e+00
-4.071028697445642663e+00
-4.070921865741243373e+00
-4.070815071439525035e+00
-4.070708314632566882e+00
-4.070601595412142615e+00
-4.070494913869734610e+00
-4.070388270096513494e+00
-4.070281664183365677e+00
-4.070175096220858713e+00
-4.070068566299277713e+00
-4.069962074508601368e+00
-4.069855620938504615e+00
-4.069749205678377280e+00
-4.069642828817300106e+00
-4.069536490444060739e+00
-4.069430190647145729e+00
-4.069323929514749416e+00
-4.069217707134766826e+00
-4.069111523594795443e+00
-4.069005378982140542e+00
-4.068899273383805415e+00
-4.068793206886502034e+00
-4.068687179576648383e+00
-4.068581191540368458e+00
-4.068475242863488717e+00
-4.068369333631546958e+00
-4.068263463929780777e+00
-4.068157633843139109e+00
-4.068051843456285788e+00
-4.067946092853578222e+00
-4.067840382119097598e+00
-4.067734711336621345e+00
-4.067629080589645341e+00
-4.067523489961373251e+00
-4.067417939534720972e+00
-4.067312429392308637e+00
-4.067206959616483708e+00
-4.067101530289287226e+00
-4.066996141492486672e+00
-4.066890793307561758e+00
-4.066785485815701762e+00
-4.066680219097814408e+00
-4.066574993234520541e+00
-4.066469808306159450e+00
-4.066364664392783546e+00
-4.066259561574171677e+00
-4.066154499929814037e+00
-4.066049479538912159e+00
-4.065944500480403789e+00
-4.065839562832932685e+00
-4.065734666674869935e+00
-4.065629812084310402e+00
-4.065524999139063844e+00
-4.065420227916670903e+00
-4.065315498494389779e+00
-4.065210810949206000e+00
-4.065106165357832424e+00
-4.065001561796705687e+00
-4.064897000341984423e+00
-4.064792481069564367e+00
-4.064688004055060588e+00
-4.064583569373825256e+00
-4.064479177100932539e+00
-4.064374827311197258e+00
-4.064270520079153570e+00
-4.064166255479074508e+00
-4.064062033584976419e+00
-4.063957854470594100e+00
-4.063853718209395005e+00
-4.063749624874599675e+00
-4.063645574539157757e+00
-4.063541567275747113e+00
-4.063437603156797806e+00
-4.063333682254471668e+00
-4.063229804640675624e+00
-4.063125970387051034e+00
-4.063022179564988789e+00
-4.062918432245613332e+00
-4.062814728499809291e+00
-4.062711068398188630e+00
-4.062607452011119058e+00
-4.062503879408714269e+00
-4.062400350660833936e+00
-4.062296865837089044e+00
-4.062193425006836556e+00
-4.062090028239188300e+00
-4.061986675603006525e+00
-4.061883367166905678e+00
-4.061780102999253295e+00
-4.061676883168178875e+00
-4.061573707741557904e+00
-4.061470576787027831e+00
-4.061367490371982747e+00
-4.061264448563577822e+00
-4.061161451428733749e+00
-4.061058499034114533e+00
-4.060955591446167467e+00
-4.060852728731088490e+00
-4.060749910954846165e+00
-4.060647138183172800e+00
-4.060544410481564448e+00
-4.060441727915289789e+00
-4.060339090549383023e+00
-4.060236498448647424e+00
-4.060133951677661557e+00
-4.060031450300773948e+00
-4.059928994382106637e+00
-4.059826583985554294e+00
-4.059724219174793092e+00
-4.059621900013273610e+00
-4.059519626564213723e+00
-4.059417398890629691e+00
-4.059315217055305958e+00
-4.059213081120811140e+00
-4.059110991149494474e+00
-4.059008947203496476e+00
-4.058906949344736503e+00
-4.058804997634918976e+00
-4.058703092135543145e+00
-4.058601232907886214e+00
-4.058499420013026437e+00
-4.058397653511828906e+00
-4.058295933464949101e+00
-4.058194259932839110e+00
-4.058092632975743186e+00
-4.057991052653706632e+00
-4.057889519026566028e+00
-4.057788032153961666e+00
-4.057686592095331335e+00
-4.057585198909912094e+00
-4.057483852656750933e+00
-4.057382553394687008e+00
-4.057281301182373845e+00
-4.057180096078274900e+00
-4.057078938140642244e+00
-4.056977827427557415e+00
-4.056876763996903001e+00
-4.056775747906371521e+00
-4.056674779213471638e+00
-4.056573857975524611e+00
-4.056472984249666069e+00
-4.056372158092853120e+00
-4.056271379561852797e+00
-4.056170648713259830e+00
-4.056069965603481542e+00
-4.055969330288754726e+00
-4.055868742825134099e+00
-4.055768203268498517e+00
-4.055667711674555420e+00
-4.055567268098842604e+00
-4.055466872596715788e+00
-4.055366525223371710e+00
-4.055266226033833021e+00
-4.055165975082952734e+00
-4.055065772425421322e+00
-4.054965618115764947e+00
-4.054865512208346345e+00
-4.054765454757362164e+00
-4.054665445816848290e+00
-4.054565485440688732e+00
-4.054465573682602297e+00
-4.054365710596152361e+00
-4.054265896234749533e+00
-4.054166130651648103e+00
-4.054066413899948707e+00
-4.053966746032603652e+00
-4.053867127102415147e+00
-4.053767557162029966e+00
-4.053668036263958996e+00
-4.053568564460560353e+00
-4.053469141804044718e+00
-4.053369768346492208e+00
-4.053270444139823958e+00
-4.053171169235833204e+00
-4.053071943686170187e+00
-4.052972767542349253e+00
-4.052873640855745307e+00
-4.052774563677598252e+00
-4.052675536059022754e+00
-4.052576558050986044e+00
-4.052477629704336337e+00
-4.052378751069792173e+00
-4.052279922197938866e+00
-4.052181143139235608e+00
-4.052082413944019912e+00
-4.051983734662502279e+00
-4.051885105344770643e+00
-4.051786526040792147e+00
-4.051687996800421132e+00
-4.051589517673373386e+00
-4.051491088709271438e+00
-4.051392709957607252e+00
-4.051294381467762662e+00
-4.051196103289005812e+00
-4.051097875470493825e+00
-4.050999698061269250e+00
-4.050901571110273380e+00
-4.050803494666335602e+00
-4.050705468778174279e+00
-4.050607493494414513e+00
-4.050509568863560617e+00
-4.050411694934033413e+00
-4.050313871754138262e+00
-4.050216099372088152e+00
-4.050118377835995709e+00
-4.050020707193873193e+00
-4.049923087493647600e+00
-4.049825518783140232e+00
-4.049728001110084463e+00
-4.049630534522121295e+00
-4.049533119066799358e+00
-4.049435754791580244e+00
-4.049338441743842054e+00
-4.049241179970865190e+00
-4.049143969519858999e+00
-4.049046810437936017e+00
-4.048949702772131509e+00
-4.048852646569407021e+00
-4.048755641876626399e+00
-4.048658688740597533e+00
-4.048561787208028839e+00
-4.048464937325563895e+00
-4.048368139139773447e+00
-4.048271392697150972e+00
-4.048174698044112674e+00
-4.048078055227013472e+00
-4.047981464292131903e+00
-4.047884925285684332e+00
-4.047788438253807186e+00
-4.047692003242588932e+00
-4.047595620298035435e+00
-4.047499289466103711e+00
-4.047403010792676170e+00
-4.047306784323580153e+00
-4.047210610104587047e+00
-4.047114488181398073e+00
-4.047018418599674483e+00
-4.046922401404999370e+00
-4.046826436642921188e+00
-4.046730524358920889e+00
-4.046634664598431463e+00
-4.046538857406836165e+00
-4.046443102829463179e+00
-4.046347400911600722e+00
-4.046251751698478394e+00
-4.046156155235283158e+00
-4.046060611567159349e+00
-4.045965120739202447e+00
-4.045869682796464417e+00
-4.045774297783960805e+00
-4.045678965746660083e+00
-4.045583686729490758e+00
-4.045488460777351136e+00
-4.045393287935087123e+00
-4.045298168247522419e+00
-4.045203101759431874e+00
-4.045108088515571687e+00
-4.045013128560647431e+00
-4.044918221939349579e+00
-4.044823368696319754e+00
-4.044728568876185371e+00
-4.044633822523532096e+00
-4.044539129682928724e+00
-4.044444490398909409e+00
-4.044349904715983435e+00
-4.044255372678639660e+00
-4.044160894331337630e+00
-4.044066469718515577e+00
-4.043972098884593080e+00
-4.043877781873962185e+00
-4.043783518731002502e+00
-4.043689309500073215e+00
-4.043595154225512189e+00
-4.043501052951639529e+00
-4.043407005722767344e+00
-4.043313012583185539e+00
-4.043219073577168032e+00
-4.043125188748986076e+00
-4.043031358142889609e+00
-4.042937581803120572e+00
-4.042843859773908477e+00
-4.042750192099474837e+00
-4.042656578824037616e+00
-4.042563019991801454e+00
-4.042469515646960332e+00
-4.042376065833713561e+00
-4.042282670596247129e+00
-4.042189329978744361e+00
-4.042096044025388579e+00
-4.042002812780358667e+00
-4.041909636287834395e+00
-4.041816514591985765e+00
-4.041723447736996988e+00
-4.041630435767038954e+00
-4.041537478726296762e+00
-4.041444576658951959e+00
-4.041351729609189647e+00
-4.041258937621200253e+00
-4.041166200739175096e+00
-4.041073519007319703e+00
-4.040980892469838714e+00
-4.040888321170945652e+00
-4.040795805154866471e+00
-4.040703344465825353e+00
-4.040610939148068681e+00
-4.040518589245847281e+00
-4.040426294803416418e+00
-4.040334055865057117e+00
-4.040241872475046847e+00
-4.040149744677693278e+00
-4.040057672517297860e+00
-4.039965656038194908e+00
-4.039873695284723176e+00
-4.039781790301236519e+00
-4.039689941132111883e+00
-4.039598147821735985e+00
-4.039506410414520410e+00
-4.039414728954888290e+00
-4.039323103487284072e+00
-4.039231534056170858e+00
-4.039140020706033951e+00
-4.039048563481377307e+00
-4.038957162426726200e+00
-4.038865817586627216e+00
-4.038774529005650926e+00
-4.038683296728387440e+00
-4.038592120799454399e+00
-4.038501001263490764e+00
-4.038409938165162139e+00
-4.038318931549151891e+00
-4.038227981460178029e+00
-4.038137087942978098e+00
-4.038046251042325174e+00
-4.037955470803004765e+00
-4.037864747269842347e+00
-4.037774080487689154e+00
-4.037683470501412408e+00
-4.037592917355929067e+00
-4.037502421096167637e+00
-4.037411981767094815e+00
-4.037321599413706608e+00
-4.037231274081027443e+00
-4.037141005814114614e+00
-4.037050794658052055e+00
-4.036960640657965449e+00
-4.036870543859002680e+00
-4.036780504306349826e+00
-4.036690522045221385e+00
-4.036600597120865608e+00
-4.036510729578572487e+00
-4.036420919463653334e+00
-4.036331166821468308e+00
-4.036241471697397110e+00
-4.036151834136863847e+00
-4.036062254185324605e+00
-4.035972731888274545e+00
-4.035883267291238141e+00
-4.035793860439781611e+00
-4.035704511379509363e+00
-4.035615220156054228e+00
-4.035525986815091670e+00
-4.035436811402338009e+00
-4.035347693963537097e+00
-4.035258634544479861e+00
-4.035169633190989202e+00
-4.035080689948932431e+00
-4.034991804864211495e+00
-4.034902977982764760e+00
-4.034814209350571446e+00
-4.034725499013652517e+00
-4.034636847018065353e+00
-4.034548253409909080e+00
-4.034459718235319237e+00
-4.034371241540475772e+00
-4.034282823371592386e+00
-4.034194463774928963e+00
-4.034106162796783579e+00
-4.034017920483493391e+00
-4.033929736881439965e+00
-4.033841612037039503e+00
-4.033753545996753509e+00
-4.033665538807089668e+00
-4.033577590514583200e+00
-4.033489701165819952e+00
-4.033401870807427514e+00
-4.033314099486072557e+00
-4.033226387248462608e+00
-4.033138734141346937e+00
-4.033051140211520114e+00
-4.032963605505813121e+00
-4.032876130071100462e+00
-4.032788713954302828e+00
-4.032701357202378212e+00
-4.032614059862324574e+00
-4.032526821981189613e+00
-4.032439643606053892e+00
-4.032352524784047709e+00
-4.032265465562332452e+00
-4.032178465988131677e+00
-4.032091526108686708e+00
-4.032004645971301926e+00
-4.031917825623308360e+00
-4.031831065112086776e+00
-4.031744364485059684e+00
-4.031657723789688674e+00
-4.031571143073478858e+00
-4.031484622383978866e+00
-4.031398161768774635e+00
-4.031311761275498284e+00
-4.031225420951826344e+00
-4.031139140845465541e+00
-4.031052921004176781e+00
-4.030966761475752058e+00
-4.030880662308038431e+00
-4.030794623548906941e+00
-4.030708645246283695e+00
-4.030622727448127662e+00
-4.030536870202444888e+00
-4.030451073557282271e+00
-4.030365337560720462e+00
-4.030279662260887186e+00
-4.030194047705951910e+00
-4.030108493944116077e+00
-4.030023001023633533e+00
-4.029937568992787433e+00
-4.029852197899908006e+00
-4.029766887793358343e+00
-4.029681638721554826e+00
-4.029596450732933377e+00
-4.029511323875988538e+00
-4.029426258199245048e+00
-4.029341253751264951e+00
-4.029256310580653810e+00
-4.029171428736052718e+00
-4.029086608266141845e+00
-4.029001849219643994e+00
-4.028917151645314831e+00
-4.028832515591949104e+00
-4.028747941108379749e+00
-4.028663428243474343e+00
-4.028578977046147536e+00
-4.028494587565337071e+00
-4.028410259850032205e+00
-4.028325993949244399e+00
-4.028241789912034854e+00
-4.028157647787486084e+00
-4.028073567624732121e+00
-4.027989549472928310e+00
-4.027905593381277072e+00
-4.027821699399008359e+00
-4.027737867575396535e+00
-4.027654097959735502e+00
-4.027570390601364458e+00
-4.027486745549653691e+00
-4.027403162854007235e+00
-4.027319642563865543e+00
-4.027236184728693047e+00
-4.027152789397995925e+00
-4.027069456621314103e+00
-4.026986186448210603e+00
-4.026902978928291077e+00
-4.026819834111181606e+00
-4.026736752046548240e+00
-4.026653732784087225e+00
-4.026570776373520566e+00
-4.026487882864603129e+00
-4.026405052307125310e+00
-4.026322284750896152e+00
-4.026239580245761118e+00
-4.026156938841596755e+00
-4.026074360588304479e+00
-4.025991845535811464e+00
-4.025909393734076858e+00
-4.025827005233086453e+00
-4.025744680082853577e+00
-4.025662418333419090e+00
-4.025580220034851386e+00
-4.025498085237239287e+00
-4.025416013990701813e+00
-4.025334006345381965e+00
-4.025252062351452054e+00
-4.025170182059100377e+00
-4.025088365518548983e+00
-4.025006612780032356e+00
-4.024924923893822282e+00
-4.024843298910202094e+00
-4.024761737879484436e+00
-4.024680240852000601e+00
-4.024598807878103202e+00
-4.024517439008167941e+00
-4.024436134292596279e+00
-4.024354893781797671e+00
-4.024273717526210881e+00
-4.024192605576296877e+00
-4.024111557982531728e+00
-4.024030574795401272e+00
-4.023949656065426872e+00
-4.023868801843137000e+00
-4.023788012179078777e+00
-4.023707287123817977e+00
-4.023626626727939026e+00
-4.023546031042036120e+00
-4.023465500116723881e+00
-4.023385034002633809e+00
-4.023304632750406284e+00
-4.023224296410701228e+00
-4.023144025034184779e+00
-4.023063818671549718e+00
-4.022983677373487055e+00
-4.022903601190710887e+00
-4.022823590173939756e+00
-4.022743644373909966e+00
-4.022663763841360485e+00
-4.022583948627048933e+00
-4.022504198781740925e+00
-4.022424514356207403e+00
-4.022344895401229081e+00
-4.022265341967601771e+00
-4.022185854106118619e+00
-4.022106431867592313e+00
-4.022027075302825772e+00
-4.021947784462645892e+00
-4.021868559397876020e+00
-4.021789400159342165e+00
-4.021710306797888101e+00
-4.021631279364341616e+00
-4.021552317909553587e+00
-4.021473422484367788e+00
-4.021394593139630658e+00
-4.021315829926191299e+00
-4.021237132894909472e+00
-4.021158502096628062e+00
-4.021079937582208608e+00
-4.021001439402499322e+00
-4.020923007608355526e+00
-4.020844642250627210e+00
-4.020766343380164365e+00
-4.020688111047811653e+00
-4.020609945304418176e+00
-4.020531846200822379e+00
-4.020453813787858266e+00
-4.020375848116358952e+00
-4.020297949237155777e+00
-4.020220117201064980e+00
-4.020142352058901913e+00
-4.020064653861476600e+00
-4.019987022659587517e+00
-4.019909458504025146e+00
-4.019831961445576418e+00
-4.019754531535012276e+00
-4.019677168823095670e+00
-4.019599873360586884e+00
-4.019522645198219557e+00
-4.019445484386729994e+00
-4.019368390976835848e+00
-4.019291365019243223e+00
-4.019214406564640463e+00
-4.019137515663711469e+00
-4.019060692367111720e+00
-4.018983936725499362e+00
-4.018907248789496123e+00
-4.018830628609721067e+00
-4.018754076236771944e+00
-4.018677591721227849e+00
-4.018601175113653667e+00
-4.018524826464591193e+00
-4.018448545824558238e+00
-4.018372333244061956e+00
-4.018296188773582855e+00
-4.018220112463579241e+00
-4.018144104364490765e+00
-4.018068164526727770e+00
-4.017992293000685500e+00
-4.017916489836728111e+00
-4.017840755085198445e+00
-4.017765088796410922e+00
-4.017689491020656867e+00
-4.017613961808203626e+00
-4.017538501209277690e+00
-4.017463109274091337e+00
-4.017387786052828424e+00
-4.017312531595626623e+00
-4.017237345952616501e+00
-4.017162229173880661e+00
-4.017087181309475952e+00
-4.017012202409429023e+00
-4.016937292523727443e+00
-4.016862451702336578e+00
-4.016787679995172944e+00
-4.016712977452130851e+00
-4.016638344123061977e+00
-4.016563780057784250e+00
-4.016489285306081847e+00
-4.016414859917690983e+00
-4.016340503942323004e+00
-4.016266217429642182e+00
-4.016192000429271047e+00
-4.016117852990800152e+00
-4.016043775163772089e+00
-4.015969766997689483e+00
-4.015895828542017654e+00
-4.015821959846165079e+00
-4.015748160959515367e+00
-4.015674431931393507e+00
-4.015600772811084518e+00
-4.015527183647825460e+00
-4.015453664490808094e+00
-4.015380215389180663e+00
-4.015306836392035450e+00
-4.015233527548420334e+00
-4.015160288907331676e+00
-4.015087120517722319e+00
-4.015014022428484708e+00
-4.014940994688468656e+00
-4.014868037346464469e+00
-4.014795150451211825e+00
-4.014722334051401553e+00
-4.014649588195657870e+00
-4.014576912932566799e+00
-4.014504308310642422e+00
-4.014431774378351747e+00
-4.014359311184098722e+00
-4.014286918776234891e+00
-4.014214597203048740e+00
-4.014142346512776349e+00
-4.014070166753579194e+00
-4.013998057973573452e+00
-4.013926020220802471e+00
-4.013854053543251865e+00
-4.013782157988844190e+00
-4.013710333605439828e+00
-4.013638580440828107e+00
-4.013566898542738848e+00
-4.013495287958831703e+00
-4.013423748736706820e+00
-4.013352280923887072e+00
-4.013280884567829609e+00
-4.013209559715928521e+00
-4.013138306415502399e+00
-4.013067124713801448e+00
-4.012996014657998600e+00
-4.012924976295207280e+00
-4.012854009672454758e+00
-4.012783114836705245e+00
-4.012712291834839462e+00
-4.012641540713671517e+00
-4.012570861519934695e+00
-4.012500254300286784e+00
-4.012429719101305636e+00
-4.012359255969497163e+00
-4.012288864951285561e+00
-4.012218546093009763e+00
-4.012148299440940313e+00
-4.012078125041256271e+00
-4.012008022940054985e+00
-4.011937993183360973e+00
-4.011868035817109046e+00
-4.011798150887146086e+00
-4.011728338439238151e+00
-4.011658598519067809e+00
-4.011588931172227923e+00
-4.011519336444226980e+00
-4.011449814380482870e+00
-4.011380365026321115e+00
-4.011310988426991742e+00
-4.011241684627639081e+00
-4.011172453673323091e+00
-4.011103295609013131e+00
-4.011034210479585305e+00
-4.010965198329818904e+00
-4.010896259204404402e+00
-4.010827393147937237e+00
-4.010758600204912483e+00
-4.010689880419730180e+00
-4.010621233836698885e+00
-4.010552660500022348e+00
-4.010484160453811953e+00
-4.010415733742073385e+00
-4.010347380408714635e+00
-4.010279100497546878e+00
-4.010210894052269381e+00
-4.010142761116493482e+00
-4.010074701733716829e+00
-4.010006715947331379e+00
-4.009938803800633167e+00
-4.009870965336808091e+00
-4.009803200598932804e+00
-4.009735509629982708e+00
-4.009667892472822182e+00
-4.009600349170202804e+00
-4.009532879764775792e+00
-4.009465484299076898e+00
-4.009398162815531741e+00
-4.009330915356452252e+00
-4.009263741964039340e+00
-4.009196642680381117e+00
-4.009129617547454671e+00
-4.009062666607111858e+00
-4.008995789901102391e+00
-4.008928987471049865e+00
-4.008862259358464186e+00
-4.008795605604737133e+00
-4.008729026251141470e+00
-4.008662521338832718e+00
-4.008596090908842058e+00
-4.008529735002080763e+00
-4.008463453659340203e+00
-4.008397246921283852e+00
-4.008331114828461494e+00
-4.008265057421289690e+00
-4.008199074740064205e+00
-4.008133166824950244e+00
-4.008067333715996661e+00
-4.008001575453112864e+00
-4.007935892076088358e+00
-4.007870283624577645e+00
-4.007804750138112659e+00
-4.007739291656092107e+00
-4.007673908217779690e+00
-4.007608599862305887e+00
-4.007543366628678605e+00
-4.007478208555761867e+00
-4.007413125682290911e+00
-4.007348118046863306e+00
-4.007283185687937177e+00
-4.007218328643844529e+00
-4.007153546952767265e+00
-4.007088840652758499e+00
-4.007024209781725688e+00
-4.006959654377441282e+00
-4.006895174477532073e+00
-4.006830770119482743e+00
-4.006766441340644747e+00
-4.006702188178218549e+00
-4.006638010669263394e+00
-4.006573908850688426e+00
-4.006509882759265118e+00
-4.006445932431612178e+00
-4.006382057904210647e+00
-4.006318259213377253e+00
-4.006254536395297272e+00
-4.006190889485997886e+00
-4.006127318521357061e+00
-4.006063823537096447e+00
-4.006000404568798245e+00
-4.005937061651883013e+00
-4.005873794821617651e+00
-4.005810604113118956e+00
-4.005747489561344743e+00
-4.005684451201096508e+00
-4.005621489067024754e+00
-4.005558603193618339e+00
-4.005495793615207134e+00
-4.005433060365962916e+00
-4.005370403479896702e+00
-4.005307822990864963e+00
-4.005245318932552756e+00
-4.005182891338487039e+00
-4.005120540242034011e+00
-4.005058265676397333e+00
-4.004996067674605698e+00
-4.004933946269533251e+00
-4.004871901493884501e+00
-4.004809933380191644e+00
-4.004748041960831451e+00
-4.004686227267997722e+00
-4.004624489333720838e+00
-4.004562828189864199e+00
-4.004501243868114457e+00
-4.004439736399989513e+00
-4.004378305816833183e+00
-4.004316952149812536e+00
-4.004255675429929440e+00
-4.004194475688002797e+00
-4.004133352954672098e+00
-4.004072307260413410e+00
-4.004011338635514505e+00
-4.003950447110085520e+00
-4.003889632714057178e+00
-4.003828895477186123e+00
-4.003768235429042477e+00
-4.003707652599016953e+00
-4.003647147016313745e+00
-4.003586718709962078e+00
-4.003526367708798439e+00
-4.003466094041475465e+00
-4.003405897736466379e+00
-4.003345778822052559e+00
-4.003285737326330640e+00
-4.003225773277206301e+00
-4.003165886702396037e+00
-4.003106077629430715e+00
-4.003046346085644025e+00
-4.002986692098185806e+00
-4.002927115694010496e+00
-4.002867616899877135e+00
-4.002808195742348474e+00
-4.002748852247806965e+00
-4.002689586442419234e+00
-4.002630398352168051e+00
-4.002571288002839012e+00
-4.002512255420019649e+00
-4.002453300629089661e+00
-4.002394423655239564e+00
-4.002335624523456481e+00
-4.002276903258525920e+00
-4.002218259885027329e+00
-4.002159694427344760e+00
-4.002101206909655318e+00
-4.002042797355930936e+00
-4.001984465789936607e+00
-4.001926212235233038e+00
-4.001868036715181987e+00
-4.001809939252917836e+00
-4.001751919871387564e+00
-4.001693978593318768e+00
-4.001636115441225883e+00
-4.001578330437423503e+00
-4.001520623603999738e+00
-4.001462994962845521e+00
-4.001405444535626188e+00
-4.001347972343799242e+00
-4.001290578408606358e+00
-4.001233262751073383e+00
-4.001176025392006785e+00
-4.001118866351998982e+00
-4.001061785651424785e+00
-4.001004783310439628e+00
-4.000947859348975122e+00
-4.000891013786747052e+00
-4.000834246643250047e+00
-4.000777557937754025e+00
-4.000720947689304197e+00
-4.000664415916729943e+00
-4.000607962638625281e+00
-4.000551587873367509e+00
-4.000495291639104778e+00
-4.000439073953759639e+00
-4.000382934835027271e+00
-4.000326874300370150e+00
-4.000270892367024267e+00
-4.000214989052000902e+00
-4.000159164372069753e+00
-4.000103418343778472e+00
-4.000047750983439343e+00
-3.999992162307128396e+00
-3.999936652330692066e+00
-3.999881221069739645e+00
-3.999825868539647278e+00
-3.999770594755553965e+00
-3.999715399732359788e+00
-3.999660283484731682e+00
-3.999605246027090999e+00
-3.999550287373626833e+00
-3.999495407538286695e+00
-3.999440606534775622e+00
-3.999385884376557065e+00
-3.999331241076854671e+00
-3.999276676648645168e+00
-3.999222191104666813e+00
-3.999167784457409613e+00
-3.999113456719120219e+00
-3.999059207901797919e+00
-3.999005038017195091e+00
-3.998950947076821194e+00
-3.998896935091931670e+00
-3.998843002073534603e+00
-3.998789148032391605e+00
-3.998735372979013381e+00
-3.998681676923654837e+00
-3.998628059876324414e+00
-3.998574521846777863e+00
-3.998521062844514695e+00
-3.998467682878783513e+00
-3.998414381958576236e+00
-3.998361160092631650e+00
-3.998308017289432748e+00
-3.998254953557201397e+00
-3.998201968903909886e+00
-3.998149063337266274e+00
-3.998096236864723707e+00
-3.998043489493472435e+00
-3.997990821230448244e+00
-3.997938232082320464e+00
-3.997885722055500857e+00
-3.997833291156139168e+00
-3.997780939390118693e+00
-3.997728666763065597e+00
-3.997676473280336484e+00
-3.997624358947029943e+00
-3.997572323767972335e+00
-3.997520367747728898e+00
-3.997468490890597081e+00
-3.997416693200606996e+00
-3.997364974681522298e+00
-3.997313335336837525e+00
-3.997261775169779874e+00
-3.997210294183302981e+00
-3.997158892380095807e+00
-3.997107569762575530e+00
-3.997056326332884435e+00
-3.997005162092897468e+00
-3.996954077044214237e+00
-3.996903071188163903e+00
-3.996852144525799400e+00
-3.996801297057903213e+00
-3.996750528784979828e+00
-3.996699839707260171e+00
-3.996649229824701610e+00
-3.996598699136979960e+00
-3.996548247643499252e+00
-3.996497875343385520e+00
-3.996447582235485463e+00
-3.996397368318367782e+00
-3.996347233590324066e+00
-3.996297178049363463e+00
-3.996247201693221562e+00
-3.996197304519345295e+00
-3.996147486524908476e+00
-3.996097747706797598e+00
-3.996048088061624259e+00
-3.995998507585710957e+00
-3.995949006275103077e+00
-3.995899584125560899e+00
-3.995850241132560488e+00
-3.995800977291294132e+00
-3.995751792596672569e+00
-3.995702687043320545e+00
-3.995653660625574144e+00
-3.995604713337487901e+00
-3.995555845172832576e+00
-3.995507056125087164e+00
-3.995458346187446885e+00
-3.995409715352818747e+00
-3.995361163613824207e+00
-3.995312690962796953e+00
-3.995264297391781128e+00
-3.995215982892532214e+00
-3.995167747456518814e+00
-3.995119591074919096e+00
-3.995071513738623015e+00
-3.995023515438228312e+00
-3.994975596164045406e+00
-3.994927755906092948e+00
-3.994879994654101818e+00
-3.994832312397506247e+00
-3.994784709125455358e+00
-3.994737184826802956e+00
-3.994689739490114189e+00
-3.994642373103660216e+00
-3.994595085655420430e+00
-3.994547877133082459e+00
-3.994500747524041273e+00
-3.994453696815400523e+00
-3.994406724993965874e+00
-3.994359832046256553e+00
-3.994313017958493361e+00
-3.994266282716607108e+00
-3.994219626306233284e+00
-3.994173048712711616e+00
-3.994126549921092728e+00
-3.994080129916128374e+00
-3.994033788682278541e+00
-3.993987526203711447e+00
-3.993941342464293776e+00
-3.993895237447603108e+00
-3.993849211136921706e+00
-3.993803263515237845e+00
-3.993757394565241814e+00
-3.993711604269332582e+00
-3.993665892609610690e+00
-3.993620259567884911e+00
-3.993574705125669588e+00
-3.993529229264179303e+00
-3.993483831964339092e+00
-3.993438513206776452e+00
-3.993393272971824892e+00
-3.993348111239519493e+00
-3.993303027989606235e+00
-3.993258023201531781e+00
-3.993213096854449695e+00
-3.993168248927217778e+00
-3.993123479398400288e+00
-3.993078788246267496e+00
-3.993034175448791689e+00
-3.992989640983654276e+00
-3.992945184828241345e+00
-3.992900806959644111e+00
-3.992856507354659357e+00
-3.992812285989792098e+00
-3.992768142841250700e+00
-3.992724077884952649e+00
-3.992680091096517891e+00
-3.992636182451279492e+00
-3.992592351924270755e+00
-3.992548599490237660e+00
-3.992504925123627313e+00
-3.992461328798601716e+00
-3.992417810489025776e+00
-3.992374370168473074e+00
-3.992331007810225429e+00
-3.992287723387274667e+00
-3.992244516872319959e+00
-3.992201388237770932e+00
-3.992158337455746775e+00
-3.992115364498071806e+00
-3.992072469336289231e+00
-3.992029651941642943e+00
-3.991986912285095723e+00
-3.991944250337314148e+00
-3.991901666068682797e+00
-3.991859159449293593e+00
-3.991816730448952022e+00
-3.991774379037178910e+00
-3.991732105183203316e+00
-3.991689908855970081e+00
-3.991647790024137166e+00
-3.991605748656079644e+00
-3.991563784719881269e+00
-3.991521898183347794e+00
-3.991480089013997645e+00
-3.991438357179061924e+00
-3.991396702645496397e+00
-3.991355125379965507e+00
-3.991313625348857475e+00
-3.991272202518275414e+00
-3.991230856854043996e+00
-3.991189588321701898e+00
-3.991148396886512462e+00
-3.991107282513459698e+00
-3.991066245167243398e+00
-3.991025284812292906e+00
-3.990984401412751570e+00
-3.990943594932490512e+00
-3.990902865335103300e+00
-3.990862212583904167e+00
-3.990821636641940451e+00
-3.990781137471975715e+00
-3.990740715036502184e+00
-3.990700369297743411e+00
-3.990660100217643169e+00
-3.990619907757879226e+00
-3.990579791879852678e+00
-3.990539752544700836e+00
-3.990499789713284784e+00
-3.990459903346201820e+00
-3.990420093403775681e+00
-3.990380359846067204e+00
-3.990340702632868553e+00
-3.990301121723704547e+00
-3.990261617077837553e+00
-3.990222188654264812e+00
-3.990182836411720224e+00
-3.990143560308672122e+00
-3.990104360303328157e+00
-3.990065236353641076e+00
-3.990026188417292730e+00
-3.989987216451714502e+00
-3.989948320414075766e+00
-3.989909500261286546e+00
-3.989870755950005066e+00
-3.989832087436629315e+00
-3.989793494677305041e+00
-3.989754977627924415e+00
-3.989716536244122480e+00
-3.989678170481287811e+00
-3.989639880294553187e+00
-3.989601665638808026e+00
-3.989563526468685506e+00
-3.989525462738571893e+00
-3.989487474402607425e+00
-3.989449561414692091e+00
-3.989411723728470971e+00
-3.989373961297350224e+00
-3.989336274074492650e+00
-3.989298662012819019e+00
-3.989261125065008073e+00
-3.989223663183501412e+00
-3.989186276320496827e+00
-3.989148964427962518e+00
-3.989111727457621992e+00
-3.989074565360967828e+00
-3.989037478089253241e+00
-3.989000465593508071e+00
-3.988963527824519240e+00
-3.988926664732848959e+00
-3.988889876268829848e+00
-3.988853162382561379e+00
-3.988816523023919203e+00
-3.988779958142553372e+00
-3.988743467687884348e+00
-3.988707051609112764e+00
-3.988670709855215435e+00
-3.988634442374948463e+00
-3.988598249116845906e+00
-3.988562130029224218e+00
-3.988526085060180026e+00
-3.988490114157595912e+00
-3.988454217269139068e+00
-3.988418394342261752e+00
-3.988382645324199505e+00
-3.988346970161985805e+00
-3.988311368802435197e+00
-3.988275841192157944e+00
-3.988240387277554255e+00
-3.988205007004818725e+00
-3.988169700319943889e+00
-3.988134467168712671e+00
-3.988099307496714818e+00
-3.988064221249328245e+00
-3.988029208371739465e+00
-3.987994268808932485e+00
-3.987959402505696360e+00
-3.987924609406626519e+00
-3.987889889456119441e+00
-3.987855242598381533e+00
-3.987820668777428246e+00
-3.987786167937085846e+00
-3.987751740020990532e+00
-3.987717384972591539e+00
-3.987683102735153806e+00
-3.987648893251754867e+00
-3.987614756465294175e+00
-3.987580692318488218e+00
-3.987546700753867857e+00
-3.987512781713796972e+00
-3.987478935140450709e+00
-3.987445160975838565e+00
-3.987411459161787963e+00
-3.987377829639959348e+00
-3.987344272351840413e+00
-3.987310787238746990e+00
-3.987277374241833261e+00
-3.987244033302077995e+00
-3.987210764360304083e+00
-3.987177567357162555e+00
-3.987144442233149011e+00
-3.987111388928595623e+00
-3.987078407383676026e+00
-3.987045497538408423e+00
-3.987012659332650255e+00
-3.986979892706111084e+00
-3.986947197598344150e+00
-3.986914573948750817e+00
-3.986882021696584566e+00
-3.986849540780952772e+00
-3.986817131140812709e+00
-3.986784792714979542e+00
-3.986752525442121886e+00
-3.986720329260771578e+00
-3.986688204109316125e+00
-3.986656149926009807e+00
-3.986624166648962131e+00
-3.986592254216154263e+00
-3.986560412565430589e+00
-3.986528641634506265e+00
-3.986496941360963664e+00
-3.986465311682256374e+00
-3.986433752535711861e+00
-3.986402263858531914e+00
-3.986370845587795309e+00
-3.986339497660455589e+00
-3.986308220013352610e+00
-3.986277012583197887e+00
-3.986245875306592357e+00
-3.986214808120019271e+00
-3.986183810959849083e+00
-3.986152883762339894e+00
-3.986122026463636114e+00
-3.986091238999778685e+00
-3.986060521306694859e+00
-3.986029873320210637e+00
-3.985999294976048546e+00
-3.985968786209827641e+00
-3.985938346957061729e+00
-3.985907977153176684e+00
-3.985877676733490471e+00
-3.985847445633230013e+00
-3.985817283787528531e+00
-3.985787191131425988e+00
-3.985757167599874418e+00
-3.985727213127733481e+00
-3.985697327649776245e+00
-3.985667511100693616e+00
-3.985637763415091239e+00
-3.985608084527488160e+00
-3.985578474372331481e+00
-3.985548932883983042e+00
-3.985519459996730518e+00
-3.985490055644785645e+00
-3.985460719762286885e+00
-3.985431452283298981e+00
-3.985402253141821838e+00
-3.985373122271780755e+00
-3.985344059607037526e+00
-3.985315065081388219e+00
-3.985286138628564512e+00
-3.985257280182239459e+00
-3.985228489676021280e+00
-3.985199767043465791e+00
-3.985171112218067968e+00
-3.985142525133270386e+00
-3.985114005722457442e+00
-3.985085553918970014e+00
-3.985057169656093023e+00
-3.985028852867064764e+00
-3.985000603485079118e+00
-3.984972421443282009e+00
-3.984944306674779391e+00
-3.984916259112634584e+00
-3.984888278689870500e+00
-3.984860365339472743e+00
-3.984832518994390060e+00
-3.984804739587537892e+00
-3.984777027051797926e+00
-3.984749381320021211e+00
-3.984721802325027262e+00
-3.984694289999608952e+00
-3.984666844276532949e+00
-3.984639465088544164e+00
-3.984612152368356863e+00
-3.984584906048673769e+00
-3.984557726062169181e+00
-3.984530612341505407e+00
-3.984503564819323884e+00
-3.984476583428258945e+00
-3.984449668100920050e+00
-3.984422818769916663e+00
-3.984396035367843592e+00
-3.984369317827285872e+00
-3.984342666080824991e+00
-3.984316080061033549e+00
-3.984289559700489036e+00
-3.984263104931759614e+00
-3.984236715687413888e+00
-3.984210391900026682e+00
-3.984184133502173264e+00
-3.984157940426432010e+00
-3.984131812605389733e+00
-3.984105749971643018e+00
-3.984079752457792445e+00
-3.984053819996457246e+00
-3.984027952520261984e+00
-3.984002149961849870e+00
-3.983976412253878330e+00
-3.983950739329022994e+00
-3.983925131119977259e+00
-3.983899587559456723e+00
-3.983874108580198303e+00
-3.983848694114962008e+00
-3.983823344096531383e+00
-3.983798058457721059e+00
-3.983772837131370093e+00
-3.983747680050344186e+00
-3.983722587147550787e+00
-3.983697558355918655e+00
-3.983672593608416523e+00
-3.983647692838046872e+00
-3.983622855977850818e+00
-3.983598082960905895e+00
-3.983573373720331379e+00
-3.983548728189285626e+00
-3.983524146300973623e+00
-3.983499627988641656e+00
-3.983475173185581752e+00
-3.983450781825136566e+00
-3.983426453840690940e+00
-3.983402189165688778e+00
-3.983377987733615289e+00
-3.983353849478014297e+00
-3.983329774332485584e+00
-3.983305762230678226e+00
-3.983281813106304359e+00
-3.983257926893131184e+00
-3.983234103524984526e+00
-3.983210342935754600e+00
-3.983186645059389797e+00
-3.983163009829908230e+00
-3.983139437181384857e+00
-3.983115927047967908e+00
-3.983092479363869121e+00
-3.983069094063369509e+00
-3.983045771080822917e+00
-3.983022510350650691e+00
-3.982999311807350562e+00
-3.982976175385489537e+00
-3.982953101019715891e+00
-3.982930088644746736e+00
-3.982907138195384000e+00
-3.982884249606503779e+00
-3.982861422813063879e+00
-3.982838657750103373e+00
-3.982815954352741272e+00
-3.982793312556184073e+00
-3.982770732295718652e+00
-3.982748213506722479e+00
-3.982725756124656957e+00
-3.982703360085070532e+00
-3.982681025323603130e+00
-3.982658751775983941e+00
-3.982636539378033635e+00
-3.982614388065663036e+00
-3.982592297774885992e+00
-3.982570268441797623e+00
-3.982548300002594743e+00
-3.982526392393575865e+00
-3.982504545551128317e+00
-3.982482759411744233e+00
-3.982461033912011228e+00
-3.982439368988622608e+00
-3.982417764578370267e+00
-3.982396220618148686e+00
-3.982374737044957147e+00
-3.982353313795896188e+00
-3.982331950808178700e+00
-3.982310648019116606e+00
-3.982289405366134183e+00
-3.982268222786761847e+00
-3.982247100218641034e+00
-3.982226037599518431e+00
-3.982205034867258409e+00
-3.982184091959828809e+00
-3.982163208815318267e+00
-3.982142385371923776e+00
-3.982121621567960901e+00
-3.982100917341853563e+00
-3.982080272632144702e+00
-3.982059687377496715e+00
-3.982039161516687020e+00
-3.982018694988607166e+00
-3.981998287732276154e+00
-3.981977939686823120e+00
-3.981957650791503767e+00
-3.981937420985690590e+00
-3.981917250208882209e+00
-3.981897138400695813e+00
-3.981877085500870717e+00
-3.981857091449276798e+00
-3.981837156185898952e+00
-3.981817279650850860e+00
-3.981797461784373660e+00
-3.981777702526831497e+00
-3.981758001818716419e+00
-3.981738359600645705e+00
-3.981718775813365863e+00
-3.981699250397753520e+00
-3.981679783294809649e+00
-3.981660374445667561e+00
-3.981641023791592016e+00
-3.981621731273971232e+00
-3.981602496834330207e+00
-3.981583320414324056e+00
-3.981564201955738014e+00
-3.981545141400489207e+00
-3.981526138690627548e+00
-3.981507193768336172e+00
-3.981488306575932778e+00
-3.981469477055865624e+00
-3.981450705150717528e+00
-3.981431990803207643e+00
-3.981413333956187461e+00
-3.981394734552643921e+00
-3.981376192535700742e+00
-3.981357707848613536e+00
-3.981339280434777805e+00
-3.981320910237724053e+00
-3.981302597201115567e+00
-3.981284341268754634e+00
-3.981266142384583429e+00
-3.981248000492674244e+00
-3.981229915537242814e+00
-3.981211887462636767e+00
-3.981193916213345396e+00
-3.981176001733994774e+00
-3.981158143969344643e+00
-3.981140342864298631e+00
-3.981122598363895815e+00
-3.981104910413308939e+00
-3.981087278957856412e+00
-3.981069703942991200e+00
-3.981052185314300829e+00
-3.981034723017518928e+00
-3.981017316998509248e+00
-3.980999967203280754e+00
-3.980982673577973863e+00
-3.980965436068875540e+00
-3.980948254622402871e+00
-3.980931129185115935e+00
-3.980914059703712482e+00
-3.980897046125024374e+00
-3.980880088396026473e+00
-3.980863186463827752e+00
-3.980846340275679740e+00
-3.980829549778963639e+00
-3.980812814921205867e+00
-3.980796135650067846e+00
-3.980779511913344226e+00
-3.980762943658972208e+00
-3.980746430835021332e+00
-3.980729973389699694e+00
-3.980713571271351725e+00
-3.980697224428458192e+00
-3.980680932809634420e+00
-3.980664696363632071e+00
-3.980648515039338697e+00
-3.980632388785775522e+00
-3.980616317552099215e+00
-3.980600301287598342e+00
-3.980584339941701355e+00
-3.980568433463965938e+00
-3.980552581804081225e+00
-3.980536784911874459e+00
-3.980521042737303450e+00
-3.980505355230456566e+00
-3.980489722341554515e+00
-3.980474144020951677e+00
-3.980458620219130772e+00
-3.980443150886707748e+00
-3.980427735974425119e+00
-3.980412375433155958e+00
-3.980397069213904793e+00
-3.980381817267800937e+00
-3.980366619546106044e+00
-3.980351476000206112e+00
-3.980336386581615038e+00
-3.980321351241975059e+00
-3.980306369933052313e+00
-3.980291442606737728e+00
-3.980276569215047910e+00
-3.980261749710125141e+00
-3.980246984044233383e+00
-3.980232272169760499e+00
-3.980217614039216478e+00
-3.980203009605233433e+00
-3.980188458820563380e+00
-3.980173961638081348e+00
-3.980159518010778719e+00
-3.980145127891768553e+00
-3.980130791234282484e+00
-3.980116507991666719e+00
-3.980102278117388703e+00
-3.980088101565031344e+00
-3.980073978288288128e+00
-3.980059908240975108e+00
-3.980045891377015810e+00
-3.980031927650451884e+00
-3.980018017015435117e+00
-3.980004159426228316e+00
-3.979990354837208422e+00
-3.979976603202857621e+00
-3.979962904477772678e+00
-3.979949258616655605e+00
-3.979935665574318104e+00
-3.979922125305677127e+00
-3.979908637765756207e+00
-3.979895202909685459e+00
-3.979881820692696248e+00
-3.979868491070127412e+00
-3.979855213997414598e+00
-3.979841989430103144e+00
-3.979828817323830314e+00
-3.979815697634339955e+00
-3.979802630317473167e+00
-3.979789615329166530e+00
-3.979776652625456546e+00
-3.979763742162475637e+00
-3.979750883896448155e+00
-3.979738077783698813e+00
-3.979725323780638035e+00
-3.979712621843773945e+00
-3.979699971929704816e+00
-3.979687373995119959e+00
-3.979674827996795283e+00
-3.979662333891597292e+00
-3.979649891636478198e+00
-3.979637501188480364e+00
-3.979625162504724756e+00
-3.979612875542424266e+00
-3.979600640258868172e+00
-3.979588456611433234e+00
-3.979576324557573930e+00
-3.979564244054824229e+00
-3.979552215060803810e+00
-3.979540237533200298e+00
-3.979528311429785248e+00
-3.979516436708405269e+00
-3.979504613326978912e+00
-3.979492841243500667e+00
-3.979481120416036077e+00
-3.979469450802722186e+00
-3.979457832361768865e+00
-3.979446265051453491e+00
-3.979434748830120050e+00
-3.979423283656181809e+00
-3.979411869488117315e+00
-3.979400506284469508e+00
-3.979389194003845276e+00
-3.979377932604913681e+00
-3.979366722046405069e+00
-3.979355562287110182e+00
-3.979344453285880601e+00
-3.979333395001622087e+00
-3.979322387393301685e+00
-3.979311430419937512e+00
-3.979300524040605858e+00
-3.979289668214434084e+00
-3.979278862900602398e+00
-3.979268108058342079e+00
-3.979257403646935476e+00
-3.979246749625710677e+00
-3.979236145954046400e+00
-3.979225592591364435e+00
-3.979215089497135427e+00
-3.979204636630869096e+00
-3.979194233952123572e+00
-3.979183881420496061e+00
-3.979173578995620630e+00
-3.979163326637177533e+00
-3.979153124304877664e+00
-3.979142971958475439e+00
-3.979132869557757246e+00
-3.979122817062545003e+00
-3.979112814432693934e+00
-3.979102861628089016e+00
-3.979092958608648534e+00
-3.979083105334322301e+00
-3.979073301765084558e+00
-3.979063547860940186e+00
-3.979053843581916272e+00
-3.979044188888070988e+00
-3.979034583739479825e+00
-3.979025028096243588e+00
-3.979015521918486620e+00
-3.979006065166349693e+00
-3.978996657799995340e+00
-3.978987299779602527e+00
-3.978977991065368869e+00
-3.978968731617502641e+00
-3.978959521396232990e+00
-3.978950360361796612e+00
-3.978941248474444414e+00
-3.978932185694437518e+00
-3.978923171982050366e+00
-3.978914207297558736e+00
-3.978905291601251726e+00
-3.978896424853423319e+00
-3.978887607014368388e+00
-3.978878838044389354e+00
-3.978870117903791304e+00
-3.978861446552880654e+00
-3.978852823951961604e+00
-3.978844250061341459e+00
-3.978835724841320420e+00
-3.978827248252200910e+00
-3.978818820254278243e+00
-3.978810440807842852e+00
-3.978802109873176285e+00
-3.978793827410556982e+00
-3.978785593380252728e+00
-3.978777407742517980e+00
-3.978769270457603202e+00
-3.978761181485739762e+00
-3.978753140787151032e+00
-3.978745148322039071e+00
-3.978737204050600607e+00
-3.978729307933008386e+00
-3.978721459929418724e+00
-3.978713659999971064e+00
-3.978705908104782640e+00
-3.978698204203953370e+00
-3.978690548257558302e+00
-3.978682940225648945e+00
-3.978675380068257716e+00
-3.978667867745386832e+00
-3.978660403217014085e+00
-3.978652986443091510e+00
-3.978645617383538724e+00
-3.978638295998253582e+00
-3.978631022247095750e+00
-3.978623796089898690e+00
-3.978616617486463447e+00
-3.978609486396556427e+00
-3.978602402779909397e+00
-3.978595366596219929e+00
-3.978588377805150067e+00
-3.978581436366324553e+00
-3.978574542239326828e+00
-3.978567695383707026e+00
-3.978560895758971760e+00
-3.978554143324584569e+00
-3.978547438039975237e+00
-3.978540779864521593e+00
-3.978534168757563272e+00
-3.978527604678392837e+00
-3.978521087586260663e+00
-3.978514617440366941e+00
-3.978508194199867454e+00
-3.978501817823867803e+00
-3.978495488271425629e+00
-3.978489205501550163e+00
-3.978482969473197350e+00
-3.978476780145273839e+00
-3.978470637476630323e+00
-3.978464541426069978e+00
-3.978458491952341358e+00
-3.978452489014130400e+00
-3.978446532570079075e+00
-3.978440622578761410e+00
-3.978434758998704801e+00
-3.978428941788373585e+00
-3.978423170906172590e+00
-3.978417446310447581e+00
-3.978411767959487921e+00
-3.978406135811519473e+00
-3.978400549824705923e+00
-3.978395009957151451e+00
-3.978389516166894069e+00
-3.978384068411910945e+00
-3.978378666650112194e+00
-3.978373310839346200e+00
-3.978368000937393845e+00
-3.978362736901968955e+00
-3.978357518690724515e+00
-3.978352346261232686e+00
-3.978347219571012783e+00
-3.978342138577507736e+00
-3.978337103238090755e+00
-3.978332113510069767e+00
-3.978327169350676762e+00
-3.978322270717074449e+00
-3.978317417566357594e+00
-3.978312609855545467e+00
-3.978307847541584952e+00
-3.978303130581351432e+00
-3.978298458931645687e+00
-3.978293832549193443e+00
-3.978289251390648040e+00
-3.978284715412585992e+00
-3.978280224571510537e+00
-3.978275778823848086e+00
-3.978271378125946445e+00
-3.978267022434081035e+00
-3.978262711704445120e+00
-3.978258445893160022e+00
-3.978254224956264018e+00
-3.978250048849720777e+00
-3.978245917529411813e+00
-3.978241830951145364e+00
-3.978237789070641739e+00
-3.978233791843551526e+00
-3.978229839225436493e+00
-3.978225931171785135e+00
-3.978222067638002013e+00
-3.978218248579408201e+00
-3.978214473951250163e+00
-3.978210743708688213e+00
-3.978207057806802283e+00
-3.978203416200591924e+00
-3.978199818844972313e+00
-3.978196265694776912e+00
-3.978192756704761024e+00
-3.978189291829590690e+00
-3.978185871023852460e+00
-3.978182494242053391e+00
-3.978179161438609945e+00
-3.978175872567863536e+00
-3.978172627584065424e+00
-3.978169426441388268e+00
-3.978166269093918572e+00
-3.978163155495662018e+00
-3.978160085600536799e+00
-3.978157059362382508e+00
-3.978154076734949918e+00
-3.978151137671909421e+00
-3.978148242126847922e+00
-3.978145390053267949e+00
-3.978142581404585432e+00
-3.978139816134136808e+00
-3.978137094195173695e+00
-3.978134415540864222e+00
-3.978131780124291250e+00
-3.978129187898455932e+00
-3.978126638816276817e+00
-3.978124132830588078e+00
-3.978121669894138623e+00
-3.978119249959600534e+00
-3.978116872979557517e+00
-3.978114538906511566e+00
-3.978112247692882963e+00
-3.978109999291010279e+00
-3.978107793653149482e+00
-3.978105630731474385e+00
-3.978103510478076643e+00
-3.978101432844967089e+00
-3.978099397784077951e+00
-3.978097405247251750e+00
-3.978095455186262175e+00
-3.978093547552793208e+00
-3.978091682298452447e+00
-3.978089859374768444e+00
-3.978088078733187150e+00
-3.978086340325079018e+00
-3.978084644101734124e+00
-3.978082990014361719e+00
-3.978081378014096892e+00
-3.978079808051993904e+00
-3.978078280079032414e+00
-3.978076794046113474e+00
-3.978075349904058200e+00
-3.978073947603621097e+00
-3.978072587095471846e+00
-3.978071268330208188e+00
-3.978069991258354143e+00
-3.978068755830358683e+00
-3.978067561996595281e+00
-3.978066409707368134e+00
-3.978065298912905057e+00
-3.978064229563364140e+00
-3.978063201608830202e+00
-3.978062214999315227e+00
-3.978061269684766366e+00
-3.978060365615055716e+00
-3.978059502739988318e+00
-3.978058681009298603e+00
-3.978057900372655276e+00
-3.978057160779656432e+00
-3.978056462179839325e+00
-3.978055804522665273e+00
-3.978055187757538302e+00
-3.978054611833794052e+00
-3.978054076700703767e+00
-3.978053582307480074e+00
-3.978053128603264543e+00
-3.978052715537141015e+00
-3.978052343058131601e+00
-3.978052011115199349e+00
-3.978051719657245577e+00
-3.978051468633108989e+00
-3.978051257991578549e+00
-3.978051087681377940e+00
-3.978050957651177999e+00
-3.978050867849590055e+00
-3.978050818225177032e+00
