6.259309125597606105e+00
6.259309208772276811e+00
6.259309465093922498e+00
6.259309894622370862e+00
6.259310497416951335e+00
6.259311273536497744e+00
6.259312223039373180e+00
6.259313345983424703e+00
6.259314642426031305e+00
6.259316112424075484e+00
6.259317756033952129e+00
6.259319573311570295e+00
6.259321564312356756e+00
6.259323729091251565e+00
6.259326067702698282e+00
6.259328580200675951e+00
6.259331266638668900e+00
6.259334127069680065e+00
6.259337161546233652e+00
6.259340370120371588e+00
6.259343752843657072e+00
6.259347309767165690e+00
6.259351040941507627e+00
6.259354946416801013e+00
6.259359026242695911e+00
6.259363280468370760e+00
6.259367709142509284e+00
6.259372312313339570e+00
6.259377090028603874e+00
6.259382042335570162e+00
6.259387169281048102e+00
6.259392470911353534e+00
6.259397947272347551e+00
6.259403598409414293e+00
6.259409424367468056e+00
6.259415425190951510e+00
6.259421600923846363e+00
6.259427951609655594e+00
6.259434477291423882e+00
6.259441178011729612e+00
6.259448053812679547e+00
6.259455104735922149e+00
6.259462330822635145e+00
6.259469732113538853e+00
6.259477308648889071e+00
6.259485060468478856e+00
6.259492987611642967e+00
6.259501090117253419e+00
6.259509368023721265e+00
6.259517821369000146e+00
6.259526450190588065e+00
6.259535254525526504e+00
6.259544234410393315e+00
6.259553389881318708e+00
6.259562720973976369e+00
6.259572227723577242e+00
6.259581910164889962e+00
6.259591768332225747e+00
6.259601802259444625e+00
6.259612011979954538e+00
6.259622397526712234e+00
6.259632958932226821e+00
6.259643696228555321e+00
6.259654609447315110e+00
6.259665698619667040e+00
6.259676963776326986e+00
6.259688404947564067e+00
6.259700022163210420e+00
6.259711815452642547e+00
6.259723784844805294e+00
6.259735930368188761e+00
6.259748252050847839e+00
6.259760749920395995e+00
6.259773424004004383e+00
6.259786274328406286e+00
6.259799300919888232e+00
6.259812503804314865e+00
6.259825883007094305e+00
6.259839438553215452e+00
6.259853170467215122e+00
6.259867078773205584e+00
6.259881163494866563e+00
6.259895424655427476e+00
6.259909862277706516e+00
6.259924476384078673e+00
6.259939266996488172e+00
6.259954234136444029e+00
6.259969377825034265e+00
6.259984698082914356e+00
6.260000194930309014e+00
6.260015868387014848e+00
6.260031718472410134e+00
6.260047745205434389e+00
6.260063948604610573e+00
6.260080328688037987e+00
6.260096885473378947e+00
6.260113618977890759e+00
6.260130529218393747e+00
6.260147616211297006e+00
6.260164879972579755e+00
6.260182320517807320e+00
6.260199937862128472e+00
6.260217732020259440e+00
6.260235703006514996e+00
6.260253850834777367e+00
6.260272175518525550e+00
6.260290677070818433e+00
6.260309355504293904e+00
6.260328210831187512e+00
6.260347243063304923e+00
6.260366452212055677e+00
6.260385838288422988e+00
6.260405401302993056e+00
6.260425141265929305e+00
6.260445058186987488e+00
6.260465152075521900e+00
6.260485422940470279e+00
6.260505870790362692e+00
6.260526495633330413e+00
6.260547297477081941e+00
6.260568276328941195e+00
6.260589432195811987e+00
6.260610765084197560e+00
6.260632275000200586e+00
6.260653961949519619e+00
6.260675825937449090e+00
6.260697866968881087e+00
6.260720085048314232e+00
6.260742480179838587e+00
6.260765052367147199e+00
6.260787801613539649e+00
6.260810727921908736e+00
6.260833831294758234e+00
6.260857111734191349e+00
6.260880569241916938e+00
6.260904203819242397e+00
6.260928015467090546e+00
6.260952004185985409e+00
6.260976169976052219e+00
6.261000512837039622e+00
6.261025032768285925e+00
6.261049729768747518e+00
6.261074603836991770e+00
6.261099654971187256e+00
6.261124883169125077e+00
6.261150288428201982e+00
6.261175870745423921e+00
6.261201630117414929e+00
6.261227566540405576e+00
6.261253680010247180e+00
6.261279970522403815e+00
6.261306438071954972e+00
6.261333082653592896e+00
6.261359904261627030e+00
6.261386902889987560e+00
6.261414078532217431e+00
6.261441431181484774e+00
6.261468960830565145e+00
6.261496667471871724e+00
6.261524551097418012e+00
6.261552611698853354e+00
6.261580849267436299e+00
6.261609263794055025e+00
6.261637855269219344e+00
6.261666623683064259e+00
6.261695569025337527e+00
6.261724691285430744e+00
6.261753990452336716e+00
6.261783466514693863e+00
6.261813119460754251e+00
6.261842949278404902e+00
6.261872955955150033e+00
6.261903139478129710e+00
6.261933499834112737e+00
6.261964037009487782e+00
6.261994750990282910e+00
6.262025641762147821e+00
6.262056709310369840e+00
6.262087953619863256e+00
6.262119374675173766e+00
6.262150972460476694e+00
6.262182746959586765e+00
6.262214698155948334e+00
6.262246826032632718e+00
6.262279130572355079e+00
6.262311611757460206e+00
6.262344269569926958e+00
6.262377103991374483e+00
6.262410115003053335e+00
6.262443302585848137e+00
6.262476666720289131e+00
6.262510207386534411e+00
6.262543924564389464e+00
6.262577818233290294e+00
6.262611888372312308e+00
6.262646134960175637e+00
6.262680557975235374e+00
6.262715157395484233e+00
6.262749933198566765e+00
6.262784885361756260e+00
6.262820013861972512e+00
6.262855318675772942e+00
6.262890799779367690e+00
6.262926457148597414e+00
6.262962290758953721e+00
6.262998300585569389e+00
6.263034486603220152e+00
6.263070848786324696e+00
6.263107387108954427e+00
6.263144101544810383e+00
6.263180992067255204e+00
6.263218058649287379e+00
6.263255301263554564e+00
6.263292719882353587e+00
6.263330314477618899e+00
6.263368085020946552e+00
6.263406031483564007e+00
6.263444153836362105e+00
6.263482452049864868e+00
6.263520926094257923e+00
6.263559575939366297e+00
6.263598401554671291e+00
6.263637402909297158e+00
6.263676579972025316e+00
6.263715932711277468e+00
6.263755461095132482e+00
6.263795165091322836e+00
6.263835044667221297e+00
6.263875099789863121e+00
6.263915330425925632e+00
6.263955736541745978e+00
6.263996318103306038e+00
6.264037075076246630e+00
6.264078007425850636e+00
6.264119115117069647e+00
6.264160398114494654e+00
6.264201856382372924e+00
6.264243489884606220e+00
6.264285298584749917e+00
6.264327282446015666e+00
6.264369441431265173e+00
6.264411775503011093e+00
6.264454284623434788e+00
6.264496968754350803e+00
6.264539827857247722e+00
6.264582861893255306e+00
6.264626070823168469e+00
6.264669454607431298e+00
6.264713013206143266e+00
6.264756746579061897e+00
6.264800654685595660e+00
6.264844737484815518e+00
6.264888994935439825e+00
6.264933426995859200e+00
6.264978033624095666e+00
6.265022814777844395e+00
6.265067770414453285e+00
6.265112900490925618e+00
6.265158204963923616e+00
6.265203683789761335e+00
6.265249336924410883e+00
6.265295164323502419e+00
6.265341165942320600e+00
6.265387341735810800e+00
6.265433691658568449e+00
6.265480215664856800e+00
6.265526913708578505e+00
6.265573785743311142e+00
6.265620831722269024e+00
6.265668051598348498e+00
6.265715445324083532e+00
6.265763012851670588e+00
6.265810754132959737e+00
6.265858669119463542e+00
6.265906757762345514e+00
6.265955020012430765e+00
6.266003455820194468e+00
6.266052065135779614e+00
6.266100847908970373e+00
6.266149804089218733e+00
6.266198933625627632e+00
6.266248236466958943e+00
6.266297712561628153e+00
6.266347361857710574e+00
6.266397184302927137e+00
6.266447179844671922e+00
6.266497348429975744e+00
6.266547690005539906e+00
6.266598204517708659e+00
6.266648891912491415e+00
6.266699752135549417e+00
6.266750785132195745e+00
6.266801990847396198e+00
6.266853369225786174e+00
6.266904920211632479e+00
6.266956643748874178e+00
6.267008539781095067e+00
6.267060608251536102e+00
6.267112849103090966e+00
6.267165262278304283e+00
6.267217847719377843e+00
6.267270605368164382e+00
6.267323535166166693e+00
6.267376637054542066e+00
6.267429910974098739e+00
6.267483356865298560e+00
6.267536974668254324e+00
6.267590764322723551e+00
6.267644725768128033e+00
6.267698858943521856e+00
6.267753163787626924e+00
6.267807640238806322e+00
6.267862288235067858e+00
6.267917107714080949e+00
6.267972098613152632e+00
6.268027260869243555e+00
6.268082594418962650e+00
6.268138099198563573e+00
6.268193775143950930e+00
6.268249622190671388e+00
6.268305640273922563e+00
6.268361829328548573e+00
6.268418189289032938e+00
6.268474720089512786e+00
6.268531421663763759e+00
6.268588293945207113e+00
6.268645336866908835e+00
6.268702550361583192e+00
6.268759934361575858e+00
6.268817488798889670e+00
6.268875213605151764e+00
6.268933108711646440e+00
6.268991174049296511e+00
6.269049409548657081e+00
6.269107815139927098e+00
6.269166390752951123e+00
6.269225136317203351e+00
6.269284051761800924e+00
6.269343137015503054e+00
6.269402392006695024e+00
6.269461816663411291e+00
6.269521410913311499e+00
6.269581174683700908e+00
6.269641107901510857e+00
6.269701210493314747e+00
6.269761482385311169e+00
6.269821923503340777e+00
6.269882533772872968e+00
6.269943313119003214e+00
6.270004261466469941e+00
6.270065378739631434e+00
6.270126664862481825e+00
6.270188119758643985e+00
6.270249743351363314e+00
6.270311535563522831e+00
6.270373496317626305e+00
6.270435625535804469e+00
6.270497923139817686e+00
6.270560389051048844e+00
6.270623023190498024e+00
6.270685825478802045e+00
6.270748795836207812e+00
6.270811934182596303e+00
6.270875240437464804e+00
6.270938714519922463e+00
6.271002356348714279e+00
6.271066165842188234e+00
6.271130142918324601e+00
6.271194287494711972e+00
6.271258599488557905e+00
6.271323078816685381e+00
6.271387725395531909e+00
6.271452539141149529e+00
6.271517519969203036e+00
6.271582667794974419e+00
6.271647982533351318e+00
6.271713464098828794e+00
6.271779112405518219e+00
6.271844927367139277e+00
6.271910908897017300e+00
6.271977056908087711e+00
6.272043371312886251e+00
6.272109852023561416e+00
6.272176498951854029e+00
6.272243312009123883e+00
6.272310291106322211e+00
6.272377436154004116e+00
6.272444747062330350e+00
6.272512223741048665e+00
6.272579866099518675e+00
6.272647674046692323e+00
6.272715647491112989e+00
6.272783786340929701e+00
6.272852090503876710e+00
6.272920559887288583e+00
6.272989194398087776e+00
6.273057993942792621e+00
6.273126958427505784e+00
6.273196087757923145e+00
6.273265381839327581e+00
6.273334840576594296e+00
6.273404463874176606e+00
6.273474251636115717e+00
6.273544203766038940e+00
6.273614320167157921e+00
6.273684600742259754e+00
6.273755045393714092e+00
6.273825654023478471e+00
6.273896426533079662e+00
6.273967362823620775e+00
6.274038462795790139e+00
6.274109726349841765e+00
6.274181153385606891e+00
6.274252743802497534e+00
6.274324497499481623e+00
6.274396414375107867e+00
6.274468494327495982e+00
6.274540737254326928e+00
6.274613143052850894e+00
6.274685711619887307e+00
6.274758442851811502e+00
6.274831336644574264e+00
6.274904392893674299e+00
6.274977611494183094e+00
6.275050992340726275e+00
6.275124535327491593e+00
6.275198240348217382e+00
6.275272107296197888e+00
6.275346136064293923e+00
6.275420326544902672e+00
6.275494678629987000e+00
6.275569192211051472e+00
6.275643867179161006e+00
6.275718703424911560e+00
6.275793700838465661e+00
6.275868859309512438e+00
6.275944178727303147e+00
6.276019658980617422e+00
6.276095299957786366e+00
6.276171101546680120e+00
6.276247063634699863e+00
6.276323186108795582e+00
6.276399468855441199e+00
6.276475911760661219e+00
6.276552514710001418e+00
6.276629277588545719e+00
6.276706200280906423e+00
6.276783282671224207e+00
6.276860524643170791e+00
6.276937926079948937e+00
6.277015486864279126e+00
6.277093206878409326e+00
6.277171086004108780e+00
6.277249124122670665e+00
6.277327321114905878e+00
6.277405676861150141e+00
6.277484191241246236e+00
6.277562864134557330e+00
6.277641695419966972e+00
6.277720684975861332e+00
6.277799832680143410e+00
6.277879138410231263e+00
6.277958602043040237e+00
6.278038223455005173e+00
6.278118002522056429e+00
6.278197939119634086e+00
6.278278033122683510e+00
6.278358284405650025e+00
6.278438692842472690e+00
6.278519258306599404e+00
6.278599980670970027e+00
6.278680859808023484e+00
6.278761895589683562e+00
6.278843087887380214e+00
6.278924436572029144e+00
6.279005941514029132e+00
6.279087602583283356e+00
6.279169419649170081e+00
6.279251392580555979e+00
6.279333521245790806e+00
6.279415805512710946e+00
6.279498245248634980e+00
6.279580840320351243e+00
6.279663590594137368e+00
6.279746495935748740e+00
6.279829556210406949e+00
6.279912771282811335e+00
6.279996141017136324e+00
6.280079665277027878e+00
6.280163343925599051e+00
6.280247176825431765e+00
6.280331163838575037e+00
6.280415304826536982e+00
6.280499599650304354e+00
6.280584048170311462e+00
6.280668650246460594e+00
6.280753405738114914e+00
6.280838314504086917e+00
6.280923376402651748e+00
6.281008591291542764e+00
6.281093959027939100e+00
6.281179479468477211e+00
6.281265152469241109e+00
6.281350977885767684e+00
6.281436955573040493e+00
6.281523085385480876e+00
6.281609367176967496e+00
6.281695800800815022e+00
6.281782386109784788e+00
6.281869122956070584e+00
6.281956011191314637e+00
6.282043050666588080e+00
6.282130241232401602e+00
6.282217582738706341e+00
6.282305075034872566e+00
6.282392717969717211e+00
6.282480511391478117e+00
6.282568455147824693e+00
6.282656549085854358e+00
6.282744793052093435e+00
6.282833186892482047e+00
6.282921730452396325e+00
6.283010423576626202e+00
6.283099266109389625e+00
6.283188257894308570e+00
6.283277398774441025e+00
6.283366688592242788e+00
6.283456127189605667e+00
6.283545714407812177e+00
6.283635450087574625e+00
6.283725334069004909e+00
6.283815366191627838e+00
6.283905546294377586e+00
6.283995874215592359e+00
6.284086349793017057e+00
6.284176972863798838e+00
6.284267743264490669e+00
6.284358660831040666e+00
6.284449725398800091e+00
6.284540936802518907e+00
6.284632294876344893e+00
6.284723799453818316e+00
6.284815450367873702e+00
6.284907247450848722e+00
6.284999190534456659e+00
6.285091279449809498e+00
6.285183514027413487e+00
6.285275894097151372e+00
6.285368419488306380e+00
6.285461090029532016e+00
6.285553905548877829e+00
6.285646865873768974e+00
6.285739970831014212e+00
6.285833220246808573e+00
6.285926613946717367e+00
6.286020151755685070e+00
6.286113833498038872e+00
6.286207658997478021e+00
6.286301628077075598e+00
6.286395740559273193e+00
6.286489996265894220e+00
6.286584395018127935e+00
6.286678936636530324e+00
6.286773620941028540e+00
6.286868447750916467e+00
6.286963416884858269e+00
6.287058528160876847e+00
6.287153781396359165e+00
6.287249176408062468e+00
6.287344713012095632e+00
6.287440391023936925e+00
6.287536210258416247e+00
6.287632170529730224e+00
6.287728271651425338e+00
6.287824513436405915e+00
6.287920895696937684e+00
6.288017418244632672e+00
6.288114080890462532e+00
6.288210883444746102e+00
6.288307825717155630e+00
6.288404907516715880e+00
6.288502128651793477e+00
6.288599488930111114e+00
6.288696988158738677e+00
6.288794626144087907e+00
6.288892402691914185e+00
6.288990317607328073e+00
6.289088370694774000e+00
6.289186561758041805e+00
6.289284890600261413e+00
6.289383357023909937e+00
6.289481960830800134e+00
6.289580701822080400e+00
6.289679579798246323e+00
6.289778594559124691e+00
6.289877745903880601e+00
6.289977033631018344e+00
6.290076457538371635e+00
6.290176017423114274e+00
6.290275713081750375e+00
6.290375544310117029e+00
6.290475510903384304e+00
6.290575612656058802e+00
6.290675849361972105e+00
6.290776220814281672e+00
6.290876726805488595e+00
6.290977367127407405e+00
6.291078141571189164e+00
6.291179049927314360e+00
6.291280091985587575e+00
6.291381267535134825e+00
6.291482576364416879e+00
6.291584018261214162e+00
6.291685593012632083e+00
6.291787300405103700e+00
6.291889140224379062e+00
6.291991112255538532e+00
6.292093216282979462e+00
6.292195452090425078e+00
6.292297819460920927e+00
6.292400318176828655e+00
6.292502948019834896e+00
6.292605708770943274e+00
6.292708600210485947e+00
6.292811622118096970e+00
6.292914774272752254e+00
6.293018056452727826e+00
6.293121468435631805e+00
6.293225009998375086e+00
6.293328680917203322e+00
6.293432480967665832e+00
6.293536409924639585e+00
6.293640467562311436e+00
6.293744653654189669e+00
6.293848967973096897e+00
6.293953410291171835e+00
6.294057980379869299e+00
6.294162678009961098e+00
6.294267502951536919e+00
6.294372454974000775e+00
6.294477533846063899e+00
6.294582739335766952e+00
6.294688071210458702e+00
6.294793529236802243e+00
6.294899113180777661e+00
6.295004822807681144e+00
6.295110657882127647e+00
6.295216618168039346e+00
6.295322703428653632e+00
6.295428913426533768e+00
6.295535247923546684e+00
6.295641706680888738e+00
6.295748289459047520e+00
6.295854996017859584e+00
6.295961826116445614e+00
6.296068779513261049e+00
6.296175855966074764e+00
6.296283055231965520e+00
6.296390377067337063e+00
6.296497821227903913e+00
6.296605387468697579e+00
6.296713075544070115e+00
6.296820885207691454e+00
6.296928816212544966e+00
6.297036868310934565e+00
6.297145041254484710e+00
6.297253334794135071e+00
6.297361748680150306e+00
6.297470282662109398e+00
6.297578936488910983e+00
6.297687709908776021e+00
6.297796602669250454e+00
6.297905614517192774e+00
6.298014745198795339e+00
6.298123994459562169e+00
6.298233362044322270e+00
6.298342847697236735e+00
6.298452451161781873e+00
6.298562172180758978e+00
6.298672010496301432e+00
6.298781965849862274e+00
6.298892037982222192e+00
6.299002226633492185e+00
6.299112531543112681e+00
6.299222952449849089e+00
6.299333489091790916e+00
6.299444141206375747e+00
6.299554908530349273e+00
6.299665790799808818e+00
6.299776787750173135e+00
6.299887899116201950e+00
6.299999124631979086e+00
6.300110464030936441e+00
6.300221917045832676e+00
6.300333483408762980e+00
6.300445162851173286e+00
6.300556955103832735e+00
6.300668859896861207e+00
6.300780876959716892e+00
6.300893006021195397e+00
6.301005246809444849e+00
6.301117599051948126e+00
6.301230062475537963e+00
6.301342636806399611e+00
6.301455321770053075e+00
6.301568117091375321e+00
6.301681022494595830e+00
6.301794037703288609e+00
6.301907162440378407e+00
6.302020396428158477e+00
6.302133739388260381e+00
6.302247191041677965e+00
6.302360751108762038e+00
6.302474419309230136e+00
6.302588195362146095e+00
6.302702078985945811e+00
6.302816069898421247e+00
6.302930167816734652e+00
6.303044372457415001e+00
6.303158683536348228e+00
6.303273100768805648e+00
6.303387623869409317e+00
6.303502252552172891e+00
6.303616986530465205e+00
6.303731825517047582e+00
6.303846769224042745e+00
6.303961817362957909e+00
6.304076969644683892e+00
6.304192225779487124e+00
6.304307585477018527e+00
6.304423048446315292e+00
6.304538614395800877e+00
6.304654283033287676e+00
6.304770054065971685e+00
6.304885927200452933e+00
6.305001902142711501e+00
6.305117978598138606e+00
6.305234156271501966e+00
6.305350434866988429e+00
6.305466814088172889e+00
6.305583293638043152e+00
6.305699873218982177e+00
6.305816552532785835e+00
6.305933331280656695e+00
6.306050209163209352e+00
6.306167185880473980e+00
6.306284261131884783e+00
6.306401434616304869e+00
6.306518706032010257e+00
6.306636075076700543e+00
6.306753541447499778e+00
6.306871104840950260e+00
6.306988764953028515e+00
6.307106521479140859e+00
6.307224374114118959e+00
6.307342322552233149e+00
6.307460366487195991e+00
6.307578505612149833e+00
6.307696739619676585e+00
6.307815068201808373e+00
6.307933491050022212e+00
6.308052007855238230e+00
6.308170618307825883e+00
6.308289322097618168e+00
6.308408118913889417e+00
6.308527008445378392e+00
6.308645990380283841e+00
6.308765064406268053e+00
6.308884230210448862e+00
6.309003487479423633e+00
6.309122835899255932e+00
6.309242275155471980e+00
6.309361804933088180e+00
6.309481424916591585e+00
6.309601134789943444e+00
6.309720934236596968e+00
6.309840822939484895e+00
6.309960800581030149e+00
6.310080866843151171e+00
6.310201021407248589e+00
6.310321263954225657e+00
6.310441594164485579e+00
6.310562011717932407e+00
6.310682516293976363e+00
6.310803107571525850e+00
6.310923785229007876e+00
6.311044548944365395e+00
6.311165398395041315e+00
6.311286333258015802e+00
6.311407353209771642e+00
6.311528457926336877e+00
6.311649647083250159e+00
6.311770920355584735e+00
6.311892277417945785e+00
6.312013717944481073e+00
6.312135241608866743e+00
6.312256848084328631e+00
6.312378537043638715e+00
6.312500308159108009e+00
6.312622161102605212e+00
6.312744095545554046e+00
6.312866111158928817e+00
6.312988207613270397e+00
6.313110384578680900e+00
6.313232641724826344e+00
6.313354978720948196e+00
6.313477395235853606e+00
6.313599890937931391e+00
6.313722465495144931e+00
6.313845118575040161e+00
6.313967849844756230e+00
6.314090658971008629e+00
6.314213545620114054e+00
6.314336509457979751e+00
6.314459550150115952e+00
6.314582667361628765e+00
6.314705860757232614e+00
6.314829130001251123e+00
6.314952474757618894e+00
6.315075894689882396e+00
6.315199389461212398e+00
6.315322958734393310e+00
6.315446602171845392e+00
6.315570319435606095e+00
6.315694110187354937e+00
6.315817974088397513e+00
6.315941910799685033e+00
6.316065919981808108e+00
6.316190001295003853e+00
6.316314154399156777e+00
6.316438378953805000e+00
6.316562674618144690e+00
6.316687041051026519e+00
6.316811477910970751e+00
6.316935984856161923e+00
6.317060561544448838e+00
6.317185207633361443e+00
6.317309922780109055e+00
6.317434706641568809e+00
6.317559558874313197e+00
6.317684479134603848e+00
6.317809467078384422e+00
6.317934522361301042e+00
6.318059644638698735e+00
6.318184833565622327e+00
6.318310088796821766e+00
6.318435409986760121e+00
6.318560796789606471e+00
6.318686248859258114e+00
6.318811765849326356e+00
6.318937347413143613e+00
6.319062993203775846e+00
6.319188702874018126e+00
6.319314476076401732e+00
6.319440312463195042e+00
6.319566211686414192e+00
6.319692173397812418e+00
6.319818197248904035e+00
6.319944282890951115e+00
6.320070429974970594e+00
6.320196638151744928e+00
6.320322907071824758e+00
6.320449236385526248e+00
6.320575625742931969e+00
6.320702074793911329e+00
6.320828583188104588e+00
6.320955150574945058e+00
6.321081776603645785e+00
6.321208460923214645e+00
6.321335203182457008e+00
6.321462003029970411e+00
6.321588860114161434e+00
6.321715774083242145e+00
6.321842744585234541e+00
6.321969771267968774e+00
6.322096853779100911e+00
6.322223991766108497e+00
6.322351184876287888e+00
6.322478432756774680e+00
6.322605735054525056e+00
6.322733091416347762e+00
6.322860501488873020e+00
6.322987964918599602e+00
6.323115481351847755e+00
6.323243050434811607e+00
6.323370671813532518e+00
6.323498345133911513e+00
6.323626070041712843e+00
6.323753846182571969e+00
6.323881673201993792e+00
6.324009550745356201e+00
6.324137478457919848e+00
6.324265455984822815e+00
6.324393482971096603e+00
6.324521559061656362e+00
6.324649683901320429e+00
6.324777857134790793e+00
6.324906078406686838e+00
6.325034347361525811e+00
6.325162663643731698e+00
6.325291026897651214e+00
6.325419436767535153e+00
6.325547892897568580e+00
6.325676394931850410e+00
6.325804942514417384e+00
6.325933535289225418e+00
6.326062172900185132e+00
6.326190854991129875e+00
6.326319581205841480e+00
6.326448351188055597e+00
6.326577164581451029e+00
6.326706021029666616e+00
6.326834920176300336e+00
6.326963861664903099e+00
6.327092845139004496e+00
6.327221870242096813e+00
6.327350936617647470e+00
6.327480043909102569e+00
6.327609191759887786e+00
6.327738379813412806e+00
6.327867607713080211e+00
6.327996875102279262e+00
6.328126181624399216e+00
6.328255526922826668e+00
6.328384910640952654e+00
6.328514332422172650e+00
6.328643791909899008e+00
6.328773288747552073e+00
6.328902822578574394e+00
6.329032393046430727e+00
6.329161999794600924e+00
6.329291642466611911e+00
6.329421320706004828e+00
6.329551034156370548e+00
6.329680782461331923e+00
6.329810565264558875e+00
6.329940382209766625e+00
6.330070232940725461e+00
6.330200117101251855e+00
6.330330034335224454e+00
6.330459984286583186e+00
6.330589966599335483e+00
6.330719980917552725e+00
6.330850026885376458e+00
6.330980104147030829e+00
6.331110212346812816e+00
6.331240351129104660e+00
6.331370520138371205e+00
6.331500719019174106e+00
6.331630947416157618e+00
6.331761204974072577e+00
6.331891491337757749e+00
6.332021806152164700e+00
6.332152149062348023e+00
6.332282519713472446e+00
6.332412917750819048e+00
6.332543342819776377e+00
6.332673794565860881e+00
6.332804272634712461e+00
6.332934776672094479e+00
6.333065306323900856e+00
6.333195861236158741e+00
6.333326441055033840e+00
6.333457045426831300e+00
6.333587673997998380e+00
6.333718326415127109e+00
6.333849002324960509e+00
6.333979701374396143e+00
6.334110423210484342e+00
6.334241167480438861e+00
6.334371933831635104e+00
6.334502721911608347e+00
6.334633531368067949e+00
6.334764361848896463e+00
6.334895213002146086e+00
6.335026084476051977e+00
6.335156975919028710e+00
6.335287886979673821e+00
6.335418817306775807e+00
6.335549766549306128e+00
6.335680734356436083e+00
6.335811720377534151e+00
6.335942724262162429e+00
6.336073745660093515e+00
6.336204784221295405e+00
6.336335839595953701e+00
6.336466911434455618e+00
6.336597999387416635e+00
6.336729103105652960e+00
6.336860222240208174e+00
6.336991356442357670e+00
6.337122505363581126e+00
6.337253668655602468e+00
6.337384845970380098e+00
6.337516036960092691e+00
6.337647241277165833e+00
6.337778458574257812e+00
6.337909688504275607e+00
6.338040930720369559e+00
6.338172184875932480e+00
6.338303450624614754e+00
6.338434727620316345e+00
6.338566015517189456e+00
6.338697313969652747e+00
6.338828622632378007e+00
6.338959941160305256e+00
6.339091269208639190e+00
6.339222606432855400e+00
6.339353952488693267e+00
6.339485307032172834e+00
6.339616669719590369e+00
6.339748040207513924e+00
6.339879418152803758e+00
6.340010803212591917e+00
6.340142195044307094e+00
6.340273593305655986e+00
6.340404997654642827e+00
6.340536407749562287e+00
6.340667823249008350e+00
6.340799243811868102e+00
6.340930669097327055e+00
6.341062098764878918e+00
6.341193532474322936e+00
6.341324969885756779e+00
6.341456410659589871e+00
6.341587854456550488e+00
6.341719300937672443e+00
6.341850749764306627e+00
6.341982200598125452e+00
6.342113653101113968e+00
6.342245106935584076e+00
6.342376561764170972e+00
6.342508017249838481e+00
6.342639473055872834e+00
6.342770928845892442e+00
6.342902384283852335e+00
6.343033839034033505e+00
6.343165292761059781e+00
6.343296745129888947e+00
6.343428195805825176e+00
6.343559644454500379e+00
6.343691090741906180e+00
6.343822534334369045e+00
6.343953974898568049e+00
6.344085412101526877e+00
6.344216845610624489e+00
6.344348275093589784e+00
6.344479700218503382e+00
6.344611120653810055e+00
6.344742536068306293e+00
6.344873946131149189e+00
6.345005350511854658e+00
6.345136748880306321e+00
6.345268140906744847e+00
6.345399526261785716e+00
6.345530904616406787e+00
6.345662275641950956e+00
6.345793639010143927e+00
6.345924994393070229e+00
6.346056341463194528e+00
6.346187679893355416e+00
6.346319009356768959e+00
6.346450329527026035e+00
6.346581640078099440e+00
6.346712940684342108e+00
6.346844231020488891e+00
6.346975510761653005e+00
6.347106779583343794e+00
6.347238037161443636e+00
6.347369283172231036e+00
6.347500517292364641e+00
6.347631739198904555e+00
6.347762948569290131e+00
6.347894145081358630e+00
6.348025328413338109e+00
6.348156498243852752e+00
6.348287654251919321e+00
6.348418796116953366e+00
6.348549923518770122e+00
6.348681036137577394e+00
6.348812133653981782e+00
6.348943215749001112e+00
6.349074282104045786e+00
6.349205332400930324e+00
6.349336366321872482e+00
6.349467383549499466e+00
6.349598383766831056e+00
6.349729366657309804e+00
6.349860331904773503e+00
6.349991279193466731e+00
6.350122208208055063e+00
6.350253118633601090e+00
6.350384010155581294e+00
6.350514882459885158e+00
6.350645735232813394e+00
6.350776568161077940e+00
6.350907380931801072e+00
6.351038173232524287e+00
6.351168944751195866e+00
6.351299695176192195e+00
6.351430424196291114e+00
6.351561131500694124e+00
6.351691816779013955e+00
6.351822479721288772e+00
6.351953120017964416e+00
6.352083737359916604e+00
6.352214331438429618e+00
6.352344901945207845e+00
6.352475448572385552e+00
6.352605971012503794e+00
6.352736468958529947e+00
6.352866942103854164e+00
6.352997390142279599e+00
6.353127812768043725e+00
6.353258209675794355e+00
6.353388580560607402e+00
6.353518925117978000e+00
6.353649243043824058e+00
6.353779534034488030e+00
6.353909797786735147e+00
6.354040033997750747e+00
6.354170242365146493e+00
6.354300422586957708e+00
6.354430574361641604e+00
6.354560697388080825e+00
6.354690791365578129e+00
6.354820855993864370e+00
6.354950890973095845e+00
6.355080896003843627e+00
6.355210870787114885e+00
6.355340815024331569e+00
6.355470728417340176e+00
6.355600610668418859e+00
6.355730461480265880e+00
6.355860280555993391e+00
6.355990067599154969e+00
6.356119822313710976e+00
6.356249544404061425e+00
6.356379233575013110e+00
6.356508889531807149e+00
6.356638511980102990e+00
6.356768100625986406e+00
6.356897655175960615e+00
6.357027175336957825e+00
6.357156660816324134e+00
6.357286111321835520e+00
6.357415526561682739e+00
6.357544906244481098e+00
6.357674250079267786e+00
6.357803557775494774e+00
6.357932829043044798e+00
6.358062063592209157e+00
6.358191261133703698e+00
6.358320421378665266e+00
6.358449544038645485e+00
6.358578628825615198e+00
6.358707675451964469e+00
6.358836683630493702e+00
6.358965653074435842e+00
6.359094583497419961e+00
6.359223474613507676e+00
6.359352326137162947e+00
6.359481137783276949e+00
6.359609909267146755e+00
6.359738640304478885e+00
6.359867330611404412e+00
6.359995979904457641e+00
6.360124587900587656e+00
6.360253154317157431e+00
6.360381678871934064e+00
6.360510161283101205e+00
6.360638601269245740e+00
6.360766998549365780e+00
6.360895352842871553e+00
6.361023663869569411e+00
6.361151931349680488e+00
6.361280155003831815e+00
6.361408334553049215e+00
6.361536469718769737e+00
6.361664560222822118e+00
6.361792605787456978e+00
6.361920606135309519e+00
6.362048560989417290e+00
6.362176470073227286e+00
6.362304333110582633e+00
6.362432149825717254e+00
6.362559919943267417e+00
6.362687643188269959e+00
6.362815319286155180e+00
6.362942947962744178e+00
6.363070528944258619e+00
6.363198061957306528e+00
6.363325546728894722e+00
6.363452982986413708e+00
6.363580370457648350e+00
6.363707708870776969e+00
6.363834997954361583e+00
6.363962237437351455e+00
6.364089427049080427e+00
6.364216566519274032e+00
6.364343655578034387e+00
6.364470693955857961e+00
6.364597681383613370e+00
6.364724617592556477e+00
6.364851502314318843e+00
6.364978335280914834e+00
6.365105116224736292e+00
6.365231844878556089e+00
6.365358520975515688e+00
6.365485144249136695e+00
6.365611714433314638e+00
6.365738231262314528e+00
6.365864694470783292e+00
6.365991103793718686e+00
6.366117458966514597e+00
6.366243759724910412e+00
6.366370005805028320e+00
6.366496196943348451e+00
6.366622332876722190e+00
6.366748413342354418e+00
6.366874438077827492e+00
6.367000406821079039e+00
6.367126319310401961e+00
6.367252175284456861e+00
6.367377974482256953e+00
6.367503716643179601e+00
6.367629401506951226e+00
6.367755028813659735e+00
6.367880598303742978e+00
6.368006109717985197e+00
6.368131562797538336e+00
6.368256957283887409e+00
6.368382292918880694e+00
6.368507569444703087e+00
6.368632786603894758e+00
6.368757944139335159e+00
6.368883041794253685e+00
6.369008079312216353e+00
6.369133056437138229e+00
6.369257972913272781e+00
6.369382828485207426e+00
6.369507622897878640e+00
6.369632355896545306e+00
6.369757027226819801e+00
6.369881636634639577e+00
6.370006183866274263e+00
6.370130668668327445e+00
6.370255090787741103e+00
6.370379449971772523e+00
6.370503745968022713e+00
6.370627978524412427e+00
6.370752147389191045e+00
6.370876252310928578e+00
6.371000293038528106e+00
6.371124269321207123e+00
6.371248180908508196e+00
6.371372027550294526e+00
6.371495808996746391e+00
6.371619524998367368e+00
6.371743175305970119e+00
6.371866759670687941e+00
6.371990277843967654e+00
6.372113729577571384e+00
6.372237114623565901e+00
6.372360432734343050e+00
6.372483683662584220e+00
6.372606867161298538e+00
6.372729982983788233e+00
6.372853030883674386e+00
6.372976010614872067e+00
6.373098921931605432e+00
6.373221764588403282e+00
6.373344538340089294e+00
6.373467242941790900e+00
6.373589878148937515e+00
6.373712443717252540e+00
6.373834939402760469e+00
6.373957364961776229e+00
6.374079720150914952e+00
6.374202004727081317e+00
6.374324218447471324e+00
6.374446361069578515e+00
6.374568432351177094e+00
6.374690432050339695e+00
6.374812359925423166e+00
6.374934215735066800e+00
6.375055999238206539e+00
6.375177710194049219e+00
6.375299348362095664e+00
6.375420913502126474e+00
6.375542405374198474e+00
6.375663823738660696e+00
6.375785168356123300e+00
6.375906438987494873e+00
6.376027635393948678e+00
6.376148757336935091e+00
6.376269804578182487e+00
6.376390776879691025e+00
6.376511674003741525e+00
6.376632495712873272e+00
6.376753241769907099e+00
6.376873911937929407e+00
6.376994505980301042e+00
6.377115023660643089e+00
6.377235464742848414e+00
6.377355828991075448e+00
6.377476116169744635e+00
6.377596326043547315e+00
6.377716458377434172e+00
6.377836512936616131e+00
6.377956489486568792e+00
6.378076387793027990e+00
6.378196207621985359e+00
6.378315948739698982e+00
6.378435610912677411e+00
6.378555193907688547e+00
6.378674697491755197e+00
6.378794121432156849e+00
6.378913465496430568e+00
6.379032729452356776e+00
6.379151913067979685e+00
6.379271016111591308e+00
6.379390038351728798e+00
6.379508979557189541e+00
6.379627839497013397e+00
6.379746617940487141e+00
6.379865314657154229e+00
6.379983929416796151e+00
6.380102461989444862e+00
6.380220912145376566e+00
6.380339279655111717e+00
6.380457564289416794e+00
6.380575765819298972e+00
6.380693884016009676e+00
6.380811918651039250e+00
6.380929869496123175e+00
6.381047736323238517e+00
6.381165518904590606e+00
6.381283217012637898e+00
6.381400830420075110e+00
6.381518358899822552e+00
6.381635802225054555e+00
6.381753160169166605e+00
6.381870432505799329e+00
6.381987619008829604e+00
6.382104719452360797e+00
6.382221733610737857e+00
6.382338661258536661e+00
6.382455502170561346e+00
6.382572256121858523e+00
6.382688922887699512e+00
6.382805502243584783e+00
6.382921993965254615e+00
6.383038397828667776e+00
6.383154713610026398e+00
6.383270941085746664e+00
6.383387080032487226e+00
6.383503130227125233e+00
6.383619091446775862e+00
6.383734963468763901e+00
6.383850746070662829e+00
6.383966439030258400e+00
6.384082042125567291e+00
6.384197555134830004e+00
6.384312977836512637e+00
6.384428310009308660e+00
6.384543551432136255e+00
6.384658701884131204e+00
6.384773761144661108e+00
6.384888728993312057e+00
6.385003605209893074e+00
6.385118389574439668e+00
6.385233081867212057e+00
6.385347681868682734e+00
6.385462189359557783e+00
6.385576604120752897e+00
6.385690925933417361e+00
6.385805154578914511e+00
6.385919289838827062e+00
6.386033331494965992e+00
6.386147279329353665e+00
6.386261133124240708e+00
6.386374892662091796e+00
6.386488557725596316e+00
6.386602128097661257e+00
6.386715603561412102e+00
6.386828983900193712e+00
6.386942268897571218e+00
6.387055458337332681e+00
6.387168552003477551e+00
6.387281549680229986e+00
6.387394451152026420e+00
6.387507256203533323e+00
6.387619964619625001e+00
6.387732576185397804e+00
6.387845090686168348e+00
6.387957507907473520e+00
6.388069827635062481e+00
6.388182049654902883e+00
6.388294173753192418e+00
6.388406199716333056e+00
6.388518127330951479e+00
6.388629956383890196e+00
6.388741686662219976e+00
6.388853317953214095e+00
6.388964850044378530e+00
6.389076282723427092e+00
6.389187615778300078e+00
6.389298848997156277e+00
6.389409982168367641e+00
6.389521015080529054e+00
6.389631947522455668e+00
6.389742779283176688e+00
6.389853510151948690e+00
6.389964139918239638e+00
6.390074668371746647e+00
6.390185095302373774e+00
6.390295420500256007e+00
6.390405643755747711e+00
6.390515764859416414e+00
6.390625783602057908e+00
6.390735699774681144e+00
6.390845513168527781e+00
6.390955223575050859e+00
6.391064830785929018e+00
6.391174334593061168e+00
6.391283734788569149e+00
6.391393031164797733e+00
6.391502223514309300e+00
6.391611311629903369e+00
6.391720295304586408e+00
6.391829174331599361e+00
6.391937948504399003e+00
6.392046617616676585e+00
6.392155181462334745e+00
6.392263639835514155e+00
6.392371992530579305e+00
6.392480239342106074e+00
6.392588380064913700e+00
6.392696414494043466e+00
6.392804342424754260e+00
6.392912163652545665e+00
6.393019877973136644e+00
6.393127485182479752e+00
6.393234985076751364e+00
6.393342377452359671e+00
6.393449662105940234e+00
6.393556838834363987e+00
6.393663907434726568e+00
6.393770867704359873e+00
6.393877719440819618e+00
6.393984462441904881e+00
6.394091096505635896e+00
6.394197621430275369e+00
6.394304037014314268e+00
6.394410343056478041e+00
6.394516539355728391e+00
6.394622625711265052e+00
6.394728601922518685e+00
6.394834467789155319e+00
6.394940223111087896e+00
6.395045867688454067e+00
6.395151401321641060e+00
6.395256823811264368e+00
6.395362134958189948e+00
6.395467334563519124e+00
6.395572422428586812e+00
6.395677398354982834e+00
6.395782262144528829e+00
6.395887013599294235e+00
6.395991652521589188e+00
6.396096178713967184e+00
6.396200591979233963e+00
6.396304892120428853e+00
6.396409078940842541e+00
6.396513152244022393e+00
6.396617111833746705e+00
6.396720957514056671e+00
6.396824689089227078e+00
6.396928306363793837e+00
6.397031809142545100e+00
6.397135197230509718e+00
6.397238470432977664e+00
6.397341628555490267e+00
6.397444671403836658e+00
6.397547598784065315e+00
6.397650410502480511e+00
6.397753106365638764e+00
6.397855686180355050e+00
6.397958149753700141e+00
6.398060496893012150e+00
6.398162727405873440e+00
6.398264841100134603e+00
6.398366837783910022e+00
6.398468717265567207e+00
6.398570479353741902e+00
6.398672123857332750e+00
6.398773650585505735e+00
6.398875059347678196e+00
6.398976349953549025e+00
6.399077522213079128e+00
6.399178575936488755e+00
6.399279510934279713e+00
6.399380327017210490e+00
6.399481023996321127e+00
6.399581601682912790e+00
6.399682059888567309e+00
6.399782398425137409e+00
6.399882617104744931e+00
6.399982715739787054e+00
6.400082694142938955e+00
6.400182552127157365e+00
6.400282289505667244e+00
6.400381906091981321e+00
6.400481401699877892e+00
6.400580776143432793e+00
6.400680029236987423e+00
6.400779160795178946e+00
6.400878170632919861e+00
6.400977058565405997e+00
6.401075824408120063e+00
6.401174467976835203e+00
6.401272989087606113e+00
6.401371387556776149e+00
6.401469663200979099e+00
6.401567815837139186e+00
6.401665845282468403e+00
6.401763751354478060e+00
6.401861533870962795e+00
6.401959192650017449e+00
6.402056727510028189e+00
6.402154138269676942e+00
6.402251424747954722e+00
6.402348586764128768e+00
6.402445624137784286e+00
6.402542536688794250e+00
6.402639324237338947e+00
6.402735986603900642e+00
6.402832523609262694e+00
6.402928935074507777e+00
6.403025220821035646e+00
6.403121380670540930e+00
6.403217414445029121e+00
6.403313321966817462e+00
6.403409103058523399e+00
6.403504757543087678e+00
6.403600285243750356e+00
6.403695685984065022e+00
6.403790959587908560e+00
6.403886105879460722e+00
6.403981124683223669e+00
6.404076015824011314e+00
6.404170779126956425e+00
6.404265414417515956e+00
6.404359921521453280e+00
6.404454300264869282e+00
6.404548550474170376e+00
6.404642671976097823e+00
6.404736664597708184e+00
6.404830528166388426e+00
6.404924262509848809e+00
6.405017867456124669e+00
6.405111342833583521e+00
6.405204688470917063e+00
6.405297904197153613e+00
6.405390989841640348e+00
6.405483945234071719e+00
6.405576770204466364e+00
6.405669464583175099e+00
6.405762028200890690e+00
6.405854460888638080e+00
6.405946762477780609e+00
6.406038932800018237e+00
6.406130971687393760e+00
6.406222878972283929e+00
6.406314654487414550e+00
6.406406298065846272e+00
6.406497809540992350e+00
6.406589188746604435e+00
6.406680435516778793e+00
6.406771549685961631e+00
6.406862531088945545e+00
6.406953379560870410e+00
6.407044094937226042e+00
6.407134677053855754e+00
6.407225125746952799e+00
6.407315440853061261e+00
6.407405622209081386e+00
6.407495669652265136e+00
6.407585583020228626e+00
6.407675362150931697e+00
6.407765006882701897e+00
6.407854517054222931e+00
6.407943892504534666e+00
6.408033133073043786e+00
6.408122238599511356e+00
6.408211208924074143e+00
6.408300043887213526e+00
6.408388743329795467e+00
6.408477307093034092e+00
6.408565735018523668e+00
6.408654026948218174e+00
6.408742182724445513e+00
6.408830202189897740e+00
6.408918085187639946e+00
6.409005831561112920e+00
6.409093441154117166e+00
6.409180913810847535e+00
6.409268249375851489e+00
6.409355447694064623e+00
6.409442508610799116e+00
6.409529431971733970e+00
6.409616217622937206e+00
6.409702865410851658e+00
6.409789375182301185e+00
6.409875746784484463e+00
6.409961980064995402e+00
6.410048074871792956e+00
6.410134031053238424e+00
6.410219848458062586e+00
6.410305526935389686e+00
6.410391066334725885e+00
6.410476466505969029e+00
6.410561727299399770e+00
6.410646848565694000e+00
6.410731830155912192e+00
6.410816671921508281e+00
6.410901373714325224e+00
6.410985935386600332e+00
6.411070356790967040e+00
6.411154637780446031e+00
6.411238778208458555e+00
6.411322777928820216e+00
6.411406636795740077e+00
6.411490354663829550e+00
6.411573931388097058e+00
6.411657366823947157e+00
6.411740660827185856e+00
6.411823813254021509e+00
6.411906823961063928e+00
6.411989692805322605e+00
6.412072419644210264e+00
6.412155004335546415e+00
6.412237446737551139e+00
6.412319746708859292e+00
6.412401904108493866e+00
6.412483918795902404e+00
6.412565790630934792e+00
6.412647519473842372e+00
6.412729105185293044e+00
6.412810547626365043e+00
6.412891846658540729e+00
6.412973002143719903e+00
6.413054013944213594e+00
6.413134881922743169e+00
6.413215605942442110e+00
6.413296185866861343e+00
6.413376621559964796e+00
6.413456912886136507e+00
6.413537059710167298e+00
6.413617061897273430e+00
6.413696919313084166e+00
6.413776631823651542e+00
6.413856199295437932e+00
6.413935621595328485e+00
6.414014898590640001e+00
6.414094030149089853e+00
6.414173016138833283e+00
6.414251856428435872e+00
6.414330550886894855e+00
6.414409099383624913e+00
6.414487501788467938e+00
6.414565757971684157e+00
6.414643867803969890e+00
6.414721831156434462e+00
6.414799647900621515e+00
6.414877317908493914e+00
6.414954841052453283e+00
6.415032217205319576e+00
6.415109446240342628e+00
6.415186528031203039e+00
6.415263462452012178e+00
6.415340249377300630e+00
6.415416888682046626e+00
6.415493380241647614e+00
6.415569723931933588e+00
6.415645919629168858e+00
6.415721967210051169e+00
6.415797866551707251e+00
6.415873617531701711e+00
6.415949220028026367e+00
6.416024673919118015e+00
6.416099979083838001e+00
6.416175135401486429e+00
6.416250142751800389e+00
6.416325001014953955e+00
6.416399710071553741e+00
6.416474269802650454e+00
6.416548680089724677e+00
6.416622940814694864e+00
6.416697051859926226e+00
6.416771013108211186e+00
6.416844824442795137e+00
6.416918485747348022e+00
6.416991996905988316e+00
6.417065357803279468e+00
6.417138568324211256e+00
6.417211628354223762e+00
6.417284537779202935e+00
6.417357296485464602e+00
6.417429904359780224e+00
6.417502361289345814e+00
6.417574667161820123e+00
6.417646821865292672e+00
6.417718825288300621e+00
6.417790677319820780e+00
6.417862377849280264e+00
6.417933926766547614e+00
6.418005323961933684e+00
6.418076569326196967e+00
6.418147662750544491e+00
6.418218604126622928e+00
6.418289393346528371e+00
6.418360030302801000e+00
6.418430514888429528e+00
6.418500846996852083e+00
6.418571026521948220e+00
6.418641053358043358e+00
6.418710927399918553e+00
6.418780648542795397e+00
6.418850216682351117e+00
6.418919631714706142e+00
6.418988893536426765e+00
6.419058002044533140e+00
6.419126957136493949e+00
6.419195758710224631e+00
6.419264406664090927e+00
6.419332900896911553e+00
6.419401241307945760e+00
6.419469427796918204e+00
6.419537460263991413e+00
6.419605338609781775e+00
6.419673062735356872e+00
6.419740632542237257e+00
6.419808047932391126e+00
6.419875308808236092e+00
6.419942415072651620e+00
6.420009366628957714e+00
6.420076163380930900e+00
6.420142805232793570e+00
6.420209292089236186e+00
6.420275623855384417e+00
6.420341800436824897e+00
6.420407821739596343e+00
6.420473687670182450e+00
6.420539398135535869e+00
6.420604953043047125e+00
6.420670352300563266e+00
6.420735595816391417e+00
6.420800683499287231e+00
6.420865615258457559e+00
6.420930391003570215e+00
6.420995010644735324e+00
6.421059474092531083e+00
6.421123781257980667e+00
6.421187932052562886e+00
6.421251926388212183e+00
6.421315764177312424e+00
6.421379445332712876e+00
6.421442969767706899e+00
6.421506337396045261e+00
6.421569548131937033e+00
6.421632601890044256e+00
6.421695498585484607e+00
6.421758238133820740e+00
6.421820820451090484e+00
6.421883245453766875e+00
6.421945513058794575e+00
6.422007623183563219e+00
6.422069575745918968e+00
6.422131370664170724e+00
6.422193007857069702e+00
6.422254487243837850e+00
6.422315808744143872e+00
6.422376972278111218e+00
6.422437977766327855e+00
6.422498825129825839e+00
6.422559514290105298e+00
6.422620045169117553e+00
6.422680417689258903e+00
6.422740631773401709e+00
6.422800687344862425e+00
6.422860584327412248e+00
6.422920322645287783e+00
6.422979902223176829e+00
6.423039322986220157e+00
6.423098584860017723e+00
6.423157687770629565e+00
6.423216631644566910e+00
6.423275416408806393e+00
6.423334041990766963e+00
6.423392508318333860e+00
6.423450815319850626e+00
6.423508962924112886e+00
6.423566951060368346e+00
6.423624779658336337e+00
6.423682448648181165e+00
6.423739957960525437e+00
6.423797307526451839e+00
6.423854497277494247e+00
6.423911527145652833e+00
6.423968397063376301e+00
6.424025106963575205e+00
6.424081656779614846e+00
6.424138046445314387e+00
6.424194275894960171e+00
6.424250345063287959e+00
6.424306253885486484e+00
6.424362002297212548e+00
6.424417590234571485e+00
6.424473017634128702e+00
6.424528284432912351e+00
6.424583390568393781e+00
6.424638335978518633e+00
6.424693120601675744e+00
6.424747744376715808e+00
6.424802207242951368e+00
6.424856509140149718e+00
6.424910650008534674e+00
6.424964629788782133e+00
6.425018448422033401e+00
6.425072105849884530e+00
6.425125602014389870e+00
6.425178936858056744e+00
6.425232110323856105e+00
6.425285122355207434e+00
6.425337972896001837e+00
6.425390661890575394e+00
6.425443189283723378e+00
6.425495555020705574e+00
6.425547759047229412e+00
6.425599801309473058e+00
6.425651681754054323e+00
6.425703400328066195e+00
6.425754956979045751e+00
6.425806351654999027e+00
6.425857584304381476e+00
6.425908654876105075e+00
6.425959563319548984e+00
6.426010309584540003e+00
6.426060893621370340e+00
6.426111315380783395e+00
6.426161574813981758e+00
6.426211671872628095e+00
6.426261606508841595e+00
6.426311378675199748e+00
6.426360988324739232e+00
6.426410435410947919e+00
6.426459719887778199e+00
6.426508841709639874e+00
6.426557800831394829e+00
6.426606597208369465e+00
6.426655230796345819e+00
6.426703701551559789e+00
6.426752009430711787e+00
6.426800154390957864e+00
6.426848136389905264e+00
6.426895955385628412e+00
6.426943611336659146e+00
6.426991104201979610e+00
6.427038433941032913e+00
6.427085600513727570e+00
6.427132603880421513e+00
6.427179444001934527e+00
6.427226120839542034e+00
6.427272634354983083e+00
6.427318984510441702e+00
6.427365171268579758e+00
6.427411194592503207e+00
6.427457054445773643e+00
6.427502750792422503e+00
6.427548283596935974e+00
6.427593652824250547e+00
6.427638858439768121e+00
6.427683900409351558e+00
6.427728778699310475e+00
6.427773493276425221e+00
6.427818044107930895e+00
6.427862431161520007e+00
6.427906654405339815e+00
6.427950713807999428e+00
6.427994609338569809e+00
6.428038340966573116e+00
6.428081908661995136e+00
6.428125312395281732e+00
6.428168552137328184e+00
6.428211627859503174e+00
6.428254539533620360e+00
6.428297287131958804e+00
6.428339870627253205e+00
6.428382289992701004e+00
6.428424545201953499e+00
6.428466636229128284e+00
6.428508563048791480e+00
6.428550325635974616e+00
6.428591923966166632e+00
6.428633358015319210e+00
6.428674627759835225e+00
6.428715733176583846e+00
6.428756674242888103e+00
6.428797450936531988e+00
6.428838063235759570e+00
6.428878511119270556e+00
6.428918794566232719e+00
6.428958913556265031e+00
6.428998868069441208e+00
6.429038658086303926e+00
6.429078283587852383e+00
6.429117744555546743e+00
6.429157040971299253e+00
6.429196172817486676e+00
6.429235140076952071e+00
6.429273942732980807e+00
6.429312580769332541e+00
6.429351054170223456e+00
6.429389362920327144e+00
6.429427507004771947e+00
6.429465486409156938e+00
6.429503301119532388e+00
6.429540951122413084e+00
6.429578436404770336e+00
6.429615756954036421e+00
6.429652912758100136e+00
6.429689903805318352e+00
6.429726730084500907e+00
6.429763391584921273e+00
6.429799888296304999e+00
6.429836220208850150e+00
6.429872387313203319e+00
6.429908389600483609e+00
6.429944227062255990e+00
6.429979899690554390e+00
6.430015407477875478e+00
6.430050750417167116e+00
6.430085928501843462e+00
6.430120941725776085e+00
6.430155790083300182e+00
6.430190473569211917e+00
6.430224992178757759e+00
6.430259345907660240e+00
6.430293534752088647e+00
6.430327558708681224e+00
6.430361417774534516e+00
6.430395111947205145e+00
6.430428641224710695e+00
6.430462005605528830e+00
6.430495205088595512e+00
6.430528239673313884e+00
6.430561109359542726e+00
6.430593814147599119e+00
6.430626354038269987e+00
6.430658729032797005e+00
6.430690939132878370e+00
6.430722984340683013e+00
6.430754864658837278e+00
6.430786580090422255e+00
6.430818130638987995e+00
6.430849516308539293e+00
6.430880737103549016e+00
6.430911793028943890e+00
6.430942684090116934e+00
6.430973410292919468e+00
6.431003971643664663e+00
6.431034368149130209e+00
6.431064599816543215e+00
6.431094666653609515e+00
6.431124568668480812e+00
6.431154305869778653e+00
6.431183878266583775e+00
6.431213285868435214e+00
6.431242528685339188e+00
6.431271606727753110e+00
6.431300520006612231e+00
6.431329268533294119e+00
6.431357852319653290e+00
6.431386271377996344e+00
6.431414525721090847e+00
6.431442615362174209e+00
6.431470540314932371e+00
6.431498300593525563e+00
6.431525896212570537e+00
6.431553327187140567e+00
6.431580593532777002e+00
6.431607695265477709e+00
6.431634632401705076e+00
6.431661404958382455e+00
6.431688012952893274e+00
6.431714456403081037e+00
6.431740735327253766e+00
6.431766849744180448e+00
6.431792799673089256e+00
6.431818585133668442e+00
6.431844206146076104e+00
6.431869662730917980e+00
6.431894954909272322e+00
6.431920082702673902e+00
6.431945046133120236e+00
6.431969845223065363e+00
6.431994479995434055e+00
6.432018950473603169e+00
6.432043256681414967e+00
6.432067398643169120e+00
6.432091376383631598e+00
6.432115189928024002e+00
6.432138839302034228e+00
6.432162324531808473e+00
6.432185645643952121e+00
6.432208802665532410e+00
6.432231795624082871e+00
6.432254624547585564e+00
6.432277289464492398e+00
6.432299790403718021e+00
6.432322127394630051e+00
6.432344300467057963e+00
6.432366309651297520e+00
6.432388154978100125e+00
6.432409836478677256e+00
6.432431354184701355e+00
6.432452708128308494e+00
6.432473898342087715e+00
6.432494924859097907e+00
6.432515787712845601e+00
6.432536486937303621e+00
6.432557022566909311e+00
6.432577394636549428e+00
6.432597603181577917e+00
6.432617648237808794e+00
6.432637529841505497e+00
6.432657248029403974e+00
6.432676802838690477e+00
6.432696194307012227e+00
6.432715422472476519e+00
6.432734487373647170e+00
6.432753389049549853e+00
6.432772127539667650e+00
6.432790702883936618e+00
6.432809115122760879e+00
6.432827364296993977e+00
6.432845450447957525e+00
6.432863373617415448e+00
6.432881133847603294e+00
6.432898731181210472e+00
6.432916165661375807e+00
6.432933437331710635e+00
6.432950546236268607e+00
6.432967492419570554e+00
6.432984275926585838e+00
6.433000896802743895e+00
6.433017355093933354e+00
6.433033650846492257e+00
6.433049784107223168e+00
6.433065754923373625e+00
6.433081563342660125e+00
6.433097209413243256e+00
6.433112693183742792e+00
6.433128014703230590e+00
6.433143174021238586e+00
6.433158171187750796e+00
6.433173006253203319e+00
6.433187679268486114e+00
6.433202190284946553e+00
6.433216539354381425e+00
6.433230726529045818e+00
6.433244751861638910e+00
6.433258615405323511e+00
6.433272317213704738e+00
6.433285857340848679e+00
6.433299235841265507e+00
6.433312452769921030e+00
6.433325508182234920e+00
6.433338402134067380e+00
6.433351134681741357e+00
6.433363705882024774e+00
6.433376115792133199e+00
6.433388364469738718e+00
6.433400451972952183e+00
6.433412378360348960e+00
6.433424143690929853e+00
6.433435748024172618e+00
6.433447191419976896e+00
6.433458473938708622e+00
6.433469595641165384e+00
6.433480556588609289e+00
6.433491356842731435e+00
6.433501996465680328e+00
6.433512475520046792e+00
6.433522794068863071e+00
6.433532952175612607e+00
6.433542949904219377e+00
6.433552787319052335e+00
6.433562464484923638e+00
6.433571981467085976e+00
6.433581338331243238e+00
6.433590535143530076e+00
6.433599571970533226e+00
6.433608448879271968e+00
6.433617165937211446e+00
6.433625723212259118e+00
6.433634120772751430e+00
6.433642358687475138e+00
6.433650437025652202e+00
6.433658355856946010e+00
6.433666115251446271e+00
6.433673715279696559e+00
6.433681156012665880e+00
6.433688437521758452e+00
6.433695559878817249e+00
6.433702523156124897e+00
6.433709327426393010e+00
6.433715972762763968e+00
6.433722459238818026e+00
6.433728786928571530e+00
6.433734955906462716e+00
6.433740966247370352e+00
6.433746818026599534e+00
6.433752511319882572e+00
6.433758046203388758e+00
6.433763422753713712e+00
6.433768641047872272e+00
6.433773701163319814e+00
6.433778603177935373e+00
6.433783347170013656e+00
6.433787933218284572e+00
6.433792361401904358e+00
6.433796631800447585e+00
6.433800744493911594e+00
6.433804699562717389e+00
6.433808497087712297e+00
6.433812137150157540e+00
6.433815619831737997e+00
6.433818945214558660e+00
6.433822113381139296e+00
6.433825124414422447e+00
6.433827978397765435e+00
6.433830675414941247e+00
6.433833215550138540e+00
6.433835598887958085e+00
6.433837825513419872e+00
6.433839895511951568e+00
6.433841808969393838e+00
6.433843565972000356e+00
6.433845166606435129e+00
6.433846610959765400e+00
6.433847899119476743e+00
6.433849031173451749e+00
6.433850007209985122e+00
6.433850827317781018e+00
6.433851491585943272e+00
6.433852000103971847e+00
6.433852352961781484e+00
6.433852550249687496e+00
