6.175366729786028408e+00
6.175366799438489984e+00
6.175366957972971527e+00
6.175367205407695792e+00
6.175367541760659940e+00
6.175367967049657736e+00
6.175368481292260903e+00
6.175369084505825334e+00
6.175369776707495539e+00
6.175370557914198422e+00
6.175371428142646835e+00
6.175372387409344022e+00
6.175373435730566740e+00
6.175374573122385691e+00
6.175375799600657523e+00
6.175377115181019505e+00
6.175378519878895744e+00
6.175380013709498961e+00
6.175381596687821606e+00
6.175383268828650962e+00
6.175385030146547827e+00
6.175386880655864275e+00
6.175388820370745435e+00
6.175390849305108176e+00
6.175392967472666861e+00
6.175395174886913807e+00
6.175397471561131724e+00
6.175399857508390156e+00
6.175402332741537492e+00
6.175404897273216953e+00
6.175407551115856819e+00
6.175410294281661550e+00
6.175413126782632212e+00
6.175416048630553156e+00
6.175419059836992908e+00
6.175422160413309491e+00
6.175425350370644217e+00
6.175428629719925233e+00
6.175431998471871076e+00
6.175435456636976461e+00
6.175439004225532713e+00
6.175442641247620656e+00
6.175446367713091966e+00
6.175450183631593148e+00
6.175454089012569980e+00
6.175458083865231096e+00
6.175462168198584401e+00
6.175466342021428190e+00
6.175470605342344044e+00
6.175474958169692385e+00
6.175479400511630246e+00
6.175483932376097052e+00
6.175488553770821731e+00
6.175493264703313834e+00
6.175498065180879514e+00
6.175502955210600220e+00
6.175507934799352228e+00
6.175513003953795987e+00
6.175518162680377898e+00
6.175523410985335637e+00
6.175528748874688389e+00
6.175534176354242177e+00
6.175539693429594301e+00
6.175545300106124458e+00
6.175550996389001845e+00
6.175556782283182500e+00
6.175562657793408405e+00
6.175568622924206608e+00
6.175574677679896318e+00
6.175580822064576481e+00
6.175587056082138204e+00
6.175593379736254107e+00
6.175599793030395190e+00
6.175606295967804193e+00
6.175612888551520463e+00
6.175619570784370183e+00
6.175626342668956603e+00
6.175633204207679583e+00
6.175640155402724041e+00
6.175647196256060845e+00
6.175654326769445923e+00
6.175661546944421154e+00
6.175668856782317029e+00
6.175676256284249988e+00
6.175683745451125972e+00
6.175691324283635097e+00
6.175698992782250762e+00
6.175706750947235868e+00
6.175714598778640152e+00
6.175722536276299302e+00
6.175730563439838505e+00
6.175738680268660019e+00
6.175746886761960930e+00
6.175755182918725161e+00
6.175763568737715481e+00
6.175772044217482382e+00
6.175780609356372075e+00
6.175789264152505176e+00
6.175798008603790912e+00
6.175806842707928013e+00
6.175815766462398493e+00
6.175824779864475644e+00
6.175833882911205386e+00
6.175843075599431131e+00
6.175852357925776026e+00
6.175861729886655382e+00
6.175871191478259803e+00
6.175880742696572945e+00
6.175890383537363526e+00
6.175900113996179108e+00
6.175909934068356755e+00
6.175919843749019478e+00
6.175929843033074462e+00
6.175939931915213954e+00
6.175950110389909931e+00
6.175960378451426536e+00
6.175970736093806757e+00
6.175981183310883083e+00
6.175991720096268622e+00
6.176002346443359770e+00
6.176013062345340643e+00
6.176023867795175981e+00
6.176034762785618248e+00
6.176045747309200529e+00
6.176056821358236526e+00
6.176067984924833887e+00
6.176079238000868443e+00
6.176090580578015299e+00
6.176102012647719519e+00
6.176113534201222777e+00
6.176125145229534930e+00
6.176136845723458002e+00
6.176148635673573750e+00
6.176160515070247214e+00
6.176172483903625832e+00
6.176184542163638547e+00
6.176196689839995813e+00
6.176208926922191367e+00
6.176221253399496902e+00
6.176233669260970949e+00
6.176246174495454433e+00
6.176258769091561796e+00
6.176271453037693426e+00
6.176284226322035664e+00
6.176297088932544810e+00
6.176310040856964889e+00
6.176323082082818772e+00
6.176336212597413500e+00
6.176349432387826077e+00
6.176362741440922122e+00
6.176376139743346094e+00
6.176389627281515082e+00
6.176403204041639228e+00
6.176416870009693305e+00
6.176430625171437150e+00
6.176444469512412994e+00
6.176458403017934806e+00
6.176472425673100730e+00
6.176486537462777981e+00
6.176500738371627719e+00
6.176515028384071293e+00
6.176529407484318668e+00
6.176543875656357763e+00
6.176558432883943794e+00
6.176573079150616152e+00
6.176587814439692181e+00
6.176602638734261852e+00
6.176617552017193091e+00
6.176632554271127340e+00
6.176647645478488435e+00
6.176662825621464847e+00
6.176678094682030995e+00
6.176693452641932147e+00
6.176708899482687976e+00
6.176724435185591666e+00
6.176740059731715249e+00
6.176755773101897162e+00
6.176771575276752912e+00
6.176787466236682178e+00
6.176803445961842165e+00
6.176819514432166258e+00
6.176835671627370239e+00
6.176851917526932745e+00
6.176868252110113922e+00
6.176884675355934995e+00
6.176901187243196034e+00
6.176917787750466182e+00
6.176934476856088096e+00
6.176951254538169955e+00
6.176968120774598781e+00
6.176985075543027115e+00
6.177002118820876575e+00
6.177019250585340515e+00
6.177036470813382252e+00
6.177053779481731510e+00
6.177071176566894195e+00
6.177088662045136402e+00
6.177106235892500408e+00
6.177123898084786013e+00
6.177141648597572754e+00
6.177159487406199467e+00
6.177177414485778506e+00
6.177195429811181526e+00
6.177213533357055475e+00
6.177231725097803938e+00
6.177250005007605793e+00
6.177268373060403661e+00
6.177286829229897691e+00
6.177305373489565099e+00
6.177324005812643293e+00
6.177342726172127207e+00
6.177361534540783516e+00
6.177380430891139973e+00
6.177399415195494292e+00
6.177418487425897276e+00
6.177437647554173239e+00
6.177456895551900473e+00
6.177476231390418349e+00
6.177495655040838862e+00
6.177515166474025321e+00
6.177534765660611882e+00
6.177554452570983123e+00
6.177574227175290034e+00
6.177594089443444680e+00
6.177614039345122876e+00
6.177634076849748190e+00
6.177654201926513267e+00
6.177674414544369164e+00
6.177694714672021803e+00
6.177715102277940851e+00
6.177735577330349059e+00
6.177756139797226709e+00
6.177776789646319600e+00
6.177797526845119513e+00
6.177818351360881088e+00
6.177839263160619154e+00
6.177860262211093634e+00
6.177881348478829970e+00
6.177902521930106694e+00
6.177923782530952757e+00
6.177945130247161742e+00
6.177966565044272329e+00
6.177988086887581609e+00
6.178009695742138874e+00
6.178031391572746500e+00
6.178053174343964393e+00
6.178075044020097550e+00
6.178097000565212937e+00
6.178119043943121724e+00
6.178141174117387280e+00
6.178163391051329612e+00
6.178185694708020037e+00
6.178208085050271414e+00
6.178230562040658569e+00
6.178253125641496979e+00
6.178275775814858761e+00
6.178298512522561126e+00
6.178321335726172592e+00
6.178344245387012101e+00
6.178367241466143689e+00
6.178390323924379146e+00
6.178413492722278022e+00
6.178436747820154729e+00
6.178460089178059889e+00
6.178483516755799876e+00
6.178507030512915499e+00
6.178530630408714863e+00
6.178554316402231628e+00
6.178578088452246320e+00
6.178601946517298771e+00
6.178625890555664135e+00
6.178649920525361772e+00
6.178674036384155244e+00
6.178698238089558537e+00
6.178722525598816517e+00
6.178746898868929804e+00
6.178771357856636115e+00
6.178795902518414707e+00
6.178820532810494370e+00
6.178845248688828562e+00
6.178870050109139811e+00
6.178894937026860212e+00
6.178919909397189159e+00
6.178944967175050706e+00
6.178970110315121111e+00
6.178995338771801293e+00
6.179020652499248811e+00
6.179046051451351218e+00
6.179071535581732277e+00
6.179097104843760846e+00
6.179122759190547320e+00
6.179148498574927650e+00
6.179174322949489095e+00
6.179200232266548021e+00
6.179226226478160555e+00
6.179252305536119039e+00
6.179278469391951134e+00
6.179304717996927820e+00
6.179331051302050959e+00
6.179357469258055957e+00
6.179383971815415322e+00
6.179410558924339547e+00
6.179437230534771786e+00
6.179463986596393177e+00
6.179490827058605973e+00
6.179517751870565512e+00
6.179544760981147355e+00
6.179571854338964165e+00
6.179599031892367478e+00
6.179626293589432606e+00
6.179653639377969299e+00
6.179681069205526178e+00
6.179708583019375645e+00
6.179736180766526310e+00
6.179763862393719442e+00
6.179791627847422752e+00
6.179819477073838385e+00
6.179847410018899367e+00
6.179875426628266055e+00
6.179903526847331463e+00
6.179931710621216823e+00
6.179959977894776024e+00
6.179988328612584958e+00
6.180016762718960166e+00
6.180045280157932197e+00
6.180073880873274916e+00
6.180102564808481524e+00
6.180131331906773440e+00
6.180160182111101186e+00
6.180189115364146168e+00
6.180218131608312682e+00
6.180247230785730572e+00
6.180276412838263234e+00
6.180305677707491618e+00
6.180335025334729337e+00
6.180364455661013778e+00
6.180393968627108769e+00
6.180423564173501028e+00
6.180453242240406375e+00
6.180483002767760858e+00
6.180512845695231405e+00
6.180542770962203392e+00
6.180572778507791298e+00
6.180602868270826278e+00
6.180633040189873029e+00
6.180663294203211144e+00
6.180693630248851100e+00
6.180724048264520043e+00
6.180754548187669783e+00
6.180785129955474133e+00
6.180815793504832456e+00
6.180846538772364340e+00
6.180877365694412262e+00
6.180908274207033593e+00
6.180939264246016585e+00
6.180970335746864386e+00
6.181001488644807473e+00
6.181032722874789442e+00
6.181064038371480329e+00
6.181095435069266841e+00
6.181126912902255910e+00
6.181158471804281795e+00
6.181190111708882995e+00
6.181221832549330664e+00
6.181253634258612628e+00
6.181285516769435162e+00
6.181317480014222099e+00
6.181349523925110390e+00
6.181381648433970533e+00
6.181413853472372821e+00
6.181446138971623760e+00
6.181478504862733203e+00
6.181510951076435667e+00
6.181543477543178788e+00
6.181576084193134868e+00
6.181608770956183108e+00
6.181641537761930927e+00
6.181674384539689093e+00
6.181707311218496592e+00
6.181740317727101974e+00
6.181773403993970462e+00
6.181806569947287500e+00
6.181839815514948100e+00
6.181873140624564833e+00
6.181906545203468717e+00
6.181940029178703000e+00
6.181973592477021384e+00
6.182007235024901348e+00
6.182040956748529936e+00
6.182074757573807311e+00
6.182108637426351194e+00
6.182142596231485321e+00
6.182176633914259867e+00
6.182210750399429244e+00
6.182244945611464537e+00
6.182279219474544618e+00
6.182313571912573913e+00
6.182348002849153090e+00
6.182382512207611924e+00
6.182417099910978209e+00
6.182451765881999073e+00
6.182486510043138317e+00
6.182521332316563090e+00
6.182556232624156323e+00
6.182591210887513178e+00
6.182626267027938383e+00
6.182661400966448895e+00
6.182696612623769461e+00
6.182731901920341500e+00
6.182767268776315106e+00
6.182802713111549053e+00
6.182838234845612568e+00
6.182873833897790661e+00
6.182909510187071689e+00
6.182945263632155353e+00
6.182981094151451806e+00
6.183017001663082546e+00
6.183052986084876856e+00
6.183089047334372701e+00
6.183125185328818496e+00
6.183161399985174000e+00
6.183197691220101433e+00
6.183234058949972578e+00
6.183270503090875891e+00
6.183307023558602289e+00
6.183343620268645147e+00
6.183380293136219841e+00
6.183417042076237990e+00
6.183453867003321669e+00
6.183490767831800738e+00
6.183527744475717292e+00
6.183564796848813216e+00
6.183601924864544408e+00
6.183639128436067445e+00
6.183676407476252912e+00
6.183713761897666750e+00
6.183751191612596898e+00
6.183788696533024876e+00
6.183826276570644431e+00
6.183863931636852662e+00
6.183901661642759784e+00
6.183939466499171367e+00
6.183977346116605212e+00
6.184015300405284243e+00
6.184053329275135624e+00
6.184091432635790753e+00
6.184129610396592369e+00
6.184167862466581234e+00
6.184206188754503231e+00
6.184244589168816475e+00
6.184283063617677101e+00
6.184321612008949032e+00
6.184360234250193322e+00
6.184398930248690363e+00
6.184437699911409680e+00
6.184476543145032146e+00
6.184515459855942865e+00
6.184554449950232957e+00
6.184593513333687120e+00
6.184632649911811164e+00
6.184671859589788490e+00
6.184711142272536932e+00
6.184750497864652807e+00
6.184789926270449101e+00
6.184829427393939483e+00
6.184869001138836531e+00
6.184908647408557947e+00
6.184948366106223894e+00
6.184988157134665876e+00
6.185028020396400983e+00
6.185067955793662975e+00
6.185107963228381855e+00
6.185148042602190976e+00
6.185188193816430591e+00
6.185228416772130977e+00
6.185268711370043526e+00
6.185309077510601661e+00
6.185349515093951922e+00
6.185390024019945976e+00
6.185430604188124626e+00
6.185471255497740017e+00
6.185511977847742315e+00
6.185552771136790362e+00
6.185593635263230361e+00
6.185634570125123410e+00
6.185675575620222411e+00
6.185716651645993380e+00
6.185757798099586147e+00
6.185799014877869872e+00
6.185840301877399305e+00
6.185881658994439647e+00
6.185923086124957671e+00
6.185964583164611952e+00
6.186006150008773297e+00
6.186047786552505201e+00
6.186089492690577174e+00
6.186131268317454079e+00
6.186173113327301465e+00
6.186215027613995332e+00
6.186257011071102596e+00
6.186299063591891745e+00
6.186341185069330173e+00
6.186383375396095730e+00
6.186425634464558954e+00
6.186467962166783963e+00
6.186510358394547993e+00
6.186552823039323634e+00
6.186595355992285050e+00
6.186637957144300870e+00
6.186680626385945736e+00
6.186723363607494974e+00
6.186766168698921042e+00
6.186809041549901522e+00
6.186851982049800469e+00
6.186894990087702162e+00
6.186938065552376464e+00
6.186981208332301030e+00
6.187024418315644425e+00
6.187067695390291000e+00
6.187111039443810689e+00
6.187154450363476776e+00
6.187197928036266781e+00
6.187241472348858906e+00
6.187285083187627599e+00
6.187328760438649766e+00
6.187372503987699446e+00
6.187416313720254912e+00
6.187460189521493348e+00
6.187504131276292618e+00
6.187548138869231273e+00
6.187592212184588547e+00
6.187636351106338140e+00
6.187680555518161540e+00
6.187724825303439147e+00
6.187769160345252040e+00
6.187813560526380208e+00
6.187858025729300770e+00
6.187902555836203966e+00
6.187947150728967394e+00
6.187991810289172889e+00
6.188036534398106525e+00
6.188081322936753281e+00
6.188126175785801486e+00
6.188171092825633934e+00
6.188216073936341211e+00
6.188261118997711918e+00
6.188306227889236233e+00
6.188351400490106791e+00
6.188396636679216911e+00
6.188441936335160598e+00
6.188487299336232539e+00
6.188532725560430769e+00
6.188578214885457562e+00
6.188623767188708769e+00
6.188669382347288916e+00
6.188715060238005883e+00
6.188760800737362899e+00
6.188806603721570987e+00
6.188852469066540074e+00
6.188898396647882549e+00
6.188944386340915926e+00
6.188990438020660179e+00
6.189036551561833299e+00
6.189082726838859294e+00
6.189128963725868182e+00
6.189175262096685337e+00
6.189221621824845698e+00
6.189268042783585777e+00
6.189314524845842769e+00
6.189361067884261658e+00
6.189407671771190778e+00
6.189454336378677368e+00
6.189501061578474683e+00
6.189547847242040213e+00
6.189594693240538348e+00
6.189641599444836828e+00
6.189688565725504077e+00
6.189735591952818972e+00
6.189782677996754856e+00
6.189829823727003522e+00
6.189877029012951226e+00
6.189924293723692905e+00
6.189971617728031283e+00
6.190019000894471546e+00
6.190066443091225779e+00
6.190113944186209416e+00
6.190161504047049235e+00
6.190209122541070919e+00
6.190256799535311494e+00
6.190304534896515776e+00
6.190352328491128375e+00
6.190400180185309686e+00
6.190448089844917234e+00
6.190496057335526991e+00
6.190544082522409397e+00
6.190592165270556002e+00
6.190640305444652824e+00
6.190688502909104329e+00
6.190736757528016554e+00
6.190785069165206878e+00
6.190833437684204021e+00
6.190881862948239167e+00
6.190930344820253062e+00
6.190978883162900459e+00
6.191027477838540349e+00
6.191076128709244841e+00
6.191124835636792056e+00
6.191173598482676788e+00
6.191222417108093623e+00
6.191271291373957375e+00
6.191320221140887092e+00
6.191369206269213166e+00
6.191418246618979992e+00
6.191467342049944200e+00
6.191516492421564877e+00
6.191565697593025774e+00
6.191614957423209553e+00
6.191664271770717320e+00
6.191713640493866855e+00
6.191763063450681948e+00
6.191812540498896844e+00
6.191862071495969566e+00
6.191911656299059707e+00
6.191961294765047086e+00
6.192010986750520196e+00
6.192060732111786869e+00
6.192110530704868943e+00
6.192160382385497819e+00
6.192210287009123348e+00
6.192260244430907612e+00
6.192310254505730249e+00
6.192360317088184907e+00
6.192410432032585454e+00
6.192460599192955328e+00
6.192510818423030194e+00
6.192561089576273936e+00
6.192611412505865331e+00
6.192661787064692724e+00
6.192712213105362018e+00
6.192762690480207333e+00
6.192813219041261696e+00
6.192863798640298789e+00
6.192914429128792086e+00
6.192965110357948610e+00
6.193015842178675179e+00
6.193066624441621038e+00
6.193117456997132564e+00
6.193168339695290570e+00
6.193219272385895202e+00
6.193270254918453510e+00
6.193321287142206977e+00
6.193372368906116421e+00
6.193423500058858444e+00
6.193474680448831649e+00
6.193525909924158412e+00
6.193577188332681338e+00
6.193628515521967692e+00
6.193679891339309407e+00
6.193731315631712420e+00
6.193782788245913551e+00
6.193834309028369844e+00
6.193885877825268338e+00
6.193937494482507411e+00
6.193989158845721654e+00
6.194040870760265882e+00
6.194092630071220462e+00
6.194144436623391314e+00
6.194196290261307247e+00
6.194248190829228840e+00
6.194300138171133341e+00
6.194352132130737765e+00
6.194404172551476684e+00
6.194456259276512888e+00
6.194508392148740050e+00
6.194560571010777394e+00
6.194612795704976804e+00
6.194665066073409498e+00
6.194717381957883795e+00
6.194769743199940670e+00
6.194822149640834219e+00
6.194874601121567181e+00
6.194927097482863410e+00
6.194979638565179414e+00
6.195032224208703475e+00
6.195084854253352979e+00
6.195137528538775307e+00
6.195190246904363818e+00
6.195243009189224104e+00
6.195295815232208625e+00
6.195348664871898947e+00
6.195401557946611959e+00
6.195454494294392767e+00
6.195507473753033345e+00
6.195560496160049446e+00
6.195613561352690368e+00
6.195666669167953167e+00
6.195719819442563114e+00
6.195773012012978143e+00
6.195826246715403940e+00
6.195879523385774412e+00
6.195932841859762341e+00
6.195986201972782936e+00
6.196039603559987619e+00
6.196093046456266684e+00
6.196146530496246640e+00
6.196200055514299088e+00
6.196253621344537166e+00
6.196307227820804009e+00
6.196360874776697614e+00
6.196414562045547747e+00
6.196468289460429268e+00
6.196522056854165683e+00
6.196575864059306049e+00
6.196629710908164057e+00
6.196683597232786056e+00
6.196737522864960823e+00
6.196791487636229334e+00
6.196845491377867887e+00
6.196899533920912084e+00
6.196953615096131962e+00
6.197007734734049755e+00
6.197061892664933680e+00
6.197116088718796156e+00
6.197170322725408020e+00
6.197224594514278984e+00
6.197278903914669179e+00
6.197333250755591827e+00
6.197387634865811457e+00
6.197442056073843020e+00
6.197496514207944784e+00
6.197551009096139651e+00
6.197605540566192062e+00
6.197660108445627536e+00
6.197714712561719352e+00
6.197769352741496540e+00
6.197824028811745656e+00
6.197878740599004566e+00
6.197933487929568663e+00
6.197988270629490870e+00
6.198043088524581634e+00
6.198097941440403602e+00
6.198152829202280500e+00
6.198207751635303353e+00
6.198262708564303836e+00
6.198317699813888915e+00
6.198372725208425749e+00
6.198427784572034582e+00
6.198482877728600293e+00
6.198538004501776832e+00
6.198593164714970349e+00
6.198648358191360508e+00
6.198703584753884499e+00
6.198758844225250364e+00
6.198814136427924559e+00
6.198869461184146168e+00
6.198924818315920682e+00
6.198980207645020002e+00
6.199035628992981550e+00
6.199091082181119816e+00
6.199146567030509480e+00
6.199202083362000515e+00
6.199257630996220847e+00
6.199313209753554155e+00
6.199368819454173618e+00
6.199424459918014385e+00
6.199480130964791336e+00
6.199535832413992864e+00
6.199591564084882656e+00
6.199647325796505903e+00
6.199703117367672434e+00
6.199758938616981574e+00
6.199814789362806167e+00
6.199870669423304115e+00
6.199926578616406836e+00
6.199982516759830808e+00
6.200038483671068690e+00
6.200094479167403527e+00
6.200150503065906094e+00
6.200206555183412682e+00
6.200262635336559747e+00
6.200318743341776795e+00
6.200374879015253526e+00
6.200431042172994900e+00
6.200487232630779388e+00
6.200543450204182072e+00
6.200599694708557763e+00
6.200655965959071203e+00
6.200712263770658872e+00
6.200768587958062739e+00
6.200824938335817826e+00
6.200881314718248660e+00
6.200937716919476372e+00
6.200994144753426696e+00
6.201050598033813088e+00
6.201107076574151833e+00
6.201163580187761148e+00
6.201220108687753196e+00
6.201276661887049180e+00
6.201333239598367797e+00
6.201389841634234124e+00
6.201446467806971619e+00
6.201503117928716335e+00
6.201559791811404487e+00
6.201616489266787546e+00
6.201673210106418033e+00
6.201729954141657508e+00
6.201786721183684570e+00
6.201843511043484192e+00
6.201900323531856607e+00
6.201957158459410202e+00
6.202014015636576616e+00
6.202070894873597418e+00
6.202127795980526770e+00
6.202184718767249194e+00
6.202241663043455588e+00
6.202298628618666321e+00
6.202355615302212577e+00
6.202412622903258566e+00
6.202469651230782866e+00
6.202526700093599743e+00
6.202583769300332506e+00
6.202640858659449918e+00
6.202697967979230675e+00
6.202755097067798040e+00
6.202812245733090535e+00
6.202869413782894803e+00
6.202926601024815412e+00
6.202983807266300609e+00
6.203041032314621894e+00
6.203098275976901554e+00
6.203155538060092233e+00
6.203212818370981374e+00
6.203270116716200100e+00
6.203327432902220551e+00
6.203384766735354994e+00
6.203442118021762042e+00
6.203499486567441323e+00
6.203556872178243253e+00
6.203614274659863703e+00
6.203671693817843114e+00
6.203729129457576263e+00
6.203786581384303389e+00
6.203844049403127947e+00
6.203901533318996186e+00
6.203959032936713136e+00
6.204016548060938163e+00
6.204074078496192968e+00
6.204131624046852700e+00
6.204189184517158395e+00
6.204246759711204540e+00
6.204304349432957721e+00
6.204361953486240644e+00
6.204419571674745448e+00
6.204477203802036378e+00
6.204534849671534680e+00
6.204592509086538143e+00
6.204650181850213997e+00
6.204707867765604234e+00
6.204765566635624729e+00
6.204823278263056352e+00
6.204881002450575167e+00
6.204938739000722236e+00
6.204996487715918718e+00
6.205054248398466754e+00
6.205112020850561905e+00
6.205169804874264727e+00
6.205227600271538968e+00
6.205285406844222251e+00
6.205343224394044732e+00
6.205401052722631761e+00
6.205458891631489671e+00
6.205516740922023544e+00
6.205574600395530105e+00
6.205632469853208377e+00
6.205690349096139258e+00
6.205748237925316602e+00
6.205806136141626794e+00
6.205864043545863851e+00
6.205921959938718757e+00
6.205979885120787465e+00
6.206037818892577107e+00
6.206095761054495341e+00
6.206153711406865447e+00
6.206211669749919224e+00
6.206269635883794322e+00
6.206327609608554674e+00
6.206385590724167400e+00
6.206443579030525015e+00
6.206501574327434767e+00
6.206559576414620416e+00
6.206617585091733780e+00
6.206675600158345851e+00
6.206733621413956570e+00
6.206791648657985050e+00
6.206849681689785569e+00
6.206907720308636911e+00
6.206965764313752132e+00
6.207023813504271459e+00
6.207081867679279163e+00
6.207139926637784910e+00
6.207197990178745961e+00
6.207256058101048524e+00
6.207314130203529068e+00
6.207372206284957450e+00
6.207430286144057341e+00
6.207488369579487575e+00
6.207546456389858136e+00
6.207604546373739041e+00
6.207662639329634580e+00
6.207720735056007300e+00
6.207778833351278003e+00
6.207836934013816865e+00
6.207895036841954095e+00
6.207953141633979932e+00
6.208011248188142872e+00
6.208069356302656772e+00
6.208127465775691967e+00
6.208185576405397477e+00
6.208243687989873472e+00
6.208301800327205910e+00
6.208359913215439008e+00
6.208418026452590333e+00
6.208476139836660579e+00
6.208534253165614913e+00
6.208592366237405180e+00
6.208650478849956578e+00
6.208708590801175653e+00
6.208766701888952966e+00
6.208824811911168418e+00
6.208882920665678817e+00
6.208941027950326763e+00
6.208999133562960182e+00
6.209057237301400356e+00
6.209115338963474784e+00
6.209173438346995866e+00
6.209231535249776002e+00
6.209289629469631144e+00
6.209347720804361259e+00
6.209405809051789404e+00
6.209463894009723539e+00
6.209521975475987610e+00
6.209580053248404674e+00
6.209638127124812890e+00
6.209696196903057519e+00
6.209754262380993595e+00
6.209812323356494801e+00
6.209870379627441928e+00
6.209928430991743298e+00
6.209986477247320558e+00
6.210044518192115781e+00
6.210102553624098576e+00
6.210160583341250096e+00
6.210218607141591463e+00
6.210276624823162450e+00
6.210334636184036583e+00
6.210392641022316695e+00
6.210450639136142925e+00
6.210508630323680279e+00
6.210566614383140838e+00
6.210624591112765103e+00
6.210682560310844202e+00
6.210740521775700351e+00
6.210798475305705502e+00
6.210856420699277791e+00
6.210914357754875326e+00
6.210972286271013054e+00
6.211030206046250335e+00
6.211088116879203369e+00
6.211146018568536320e+00
6.211203910912974635e+00
6.211261793711302381e+00
6.211319666762354252e+00
6.211377529865034219e+00
6.211435382818307538e+00
6.211493225421199860e+00
6.211551057472807891e+00
6.211608878772292286e+00
6.211666689118889195e+00
6.211724488311900494e+00
6.211782276150701776e+00
6.211840052434746795e+00
6.211897816963565688e+00
6.211955569536764976e+00
6.212013309954032891e+00
6.212071038015139379e+00
6.212128753519936097e+00
6.212186456268362633e+00
6.212244146060451833e+00
6.212301822696312037e+00
6.212359485976149287e+00
6.212417135700270876e+00
6.212474771669058704e+00
6.212532393683003917e+00
6.212590001542700691e+00
6.212647595048828464e+00
6.212705174002178588e+00
6.212762738203634783e+00
6.212820287454198898e+00
6.212877821554969593e+00
6.212935340307153886e+00
6.212992843512072483e+00
6.213050330971158886e+00
6.213107802485954956e+00
6.213165257858116242e+00
6.213222696889427965e+00
6.213280119381773936e+00
6.213337525137171191e+00
6.213394913957761112e+00
6.213452285645794326e+00
6.213509640003664458e+00
6.213566976833879707e+00
6.213624295939079722e+00
6.213681597122040046e+00
6.213738880185654345e+00
6.213796144932966392e+00
6.213853391167147855e+00
6.213910618691507182e+00
6.213967827309491376e+00
6.214025016824690439e+00
6.214082187040834704e+00
6.214139337761797499e+00
6.214196468791600481e+00
6.214253579934410077e+00
6.214310670994541930e+00
6.214367741776461784e+00
6.214424792084790816e+00
6.214481821724301192e+00
6.214538830499917843e+00
6.214595818216729128e+00
6.214652784679976172e+00
6.214709729695064411e+00
6.214766653067560931e+00
6.214823554603194466e+00
6.214880434107858065e+00
6.214937291387616192e+00
6.214994126248700290e+00
6.215050938497508781e+00
6.215107727940613280e+00
6.215164494384763927e+00
6.215221237636875173e+00
6.215277957504047102e+00
6.215334653793556541e+00
6.215391326312852627e+00
6.215447974869579895e+00
6.215504599271551633e+00
6.215561199326774755e+00
6.215617774843435583e+00
6.215674325629913177e+00
6.215730851494771336e+00
6.215787352246772812e+00
6.215843827694861545e+00
6.215900277648183980e+00
6.215956701916074856e+00
6.216013100308072303e+00
6.216069472633910742e+00
6.216125818703519990e+00
6.216182138327035922e+00
6.216238431314798696e+00
6.216294697477349196e+00
6.216350936625436141e+00
6.216407148570012531e+00
6.216463333122246304e+00
6.216519490093514122e+00
6.216575619295399591e+00
6.216631720539702144e+00
6.216687793638439707e+00
6.216743838403841593e+00
6.216799854648357382e+00
6.216855842184655145e+00
6.216911800825625889e+00
6.216967730384376445e+00
6.217023630674246348e+00
6.217079501508790962e+00
6.217135342701798351e+00
6.217191154067278624e+00
6.217246935419477261e+00
6.217302686572867110e+00
6.217358407342150173e+00
6.217414097542269147e+00
6.217469756988393215e+00
6.217525385495934032e+00
6.217580982880534179e+00
6.217636548958083154e+00
6.217692083544701376e+00
6.217747586456758846e+00
6.217803057510863596e+00
6.217858496523870571e+00
6.217913903312873636e+00
6.217969277695223340e+00
6.218024619488510929e+00
6.218079928510579890e+00
6.218135204579520625e+00
6.218190447513684660e+00
6.218245657131662441e+00
6.218300833252311755e+00
6.218355975694739968e+00
6.218411084278311129e+00
6.218466158822651302e+00
6.218521199147638789e+00
6.218576205073421903e+00
6.218631176420400308e+00
6.218686113009245453e+00
6.218741014660891686e+00
6.218795881196531816e+00
6.218850712437633987e+00
6.218905508205927468e+00
6.218960268323415086e+00
6.219014992612366122e+00
6.219069680895323415e+00
6.219124332995103366e+00
6.219178948734790602e+00
6.219233527937753969e+00
6.219288070427622550e+00
6.219342576028320302e+00
6.219397044564034971e+00
6.219451475859240297e+00
6.219505869738690684e+00
6.219560226027414096e+00
6.219614544550731594e+00
6.219668825134239576e+00
6.219723067603820432e+00
6.219777271785643435e+00
6.219831437506166516e+00
6.219885564592126492e+00
6.219939652870555946e+00
6.219993702168774341e+00
6.220047712314394239e+00
6.220101683135312420e+00
6.220155614459729421e+00
6.220209506116129106e+00
6.220263357933287551e+00
6.220317169740291696e+00
6.220370941366505591e+00
6.220424672641602371e+00
6.220478363395547383e+00
6.220532013458607068e+00
6.220585622661348957e+00
6.220639190834636345e+00
6.220692717809638062e+00
6.220746203417828468e+00
6.220799647490975914e+00
6.220853049861158723e+00
6.220906410360755423e+00
6.220959728822459844e+00
6.221013005079260694e+00
6.221066238964461981e+00
6.221119430311670584e+00
6.221172578954807797e+00
6.221225684728097782e+00
6.221278747466078229e+00
6.221331767003600355e+00
6.221384743175822685e+00
6.221437675818217272e+00
6.221490564766575915e+00
6.221543409856993279e+00
6.221596210925889103e+00
6.221648967809987774e+00
6.221701680346344077e+00
6.221754348372313004e+00
6.221806971725578173e+00
6.221859550244139392e+00
6.221912083766309109e+00
6.221964572130731952e+00
6.222017015176356303e+00
6.222069412742458283e+00
6.222121764668643529e+00
6.222174070794825873e+00
6.222226330961245111e+00
6.222278545008469663e+00
6.222330712777387696e+00
6.222382834109203564e+00
6.222434908845460022e+00
6.222486936828017789e+00
6.222538917899064437e+00
6.222590851901109055e+00
6.222642738676987584e+00
6.222694578069873472e+00
6.222746369923252807e+00
6.222798114080953624e+00
6.222849810387120151e+00
6.222901458686231457e+00
6.222953058823096129e+00
6.223004610642852263e+00
6.223056113990961258e+00
6.223107568713229121e+00
6.223158974655776277e+00
6.223210331665067763e+00
6.223261639587888361e+00
6.223312898271366578e+00
6.223364107562955105e+00
6.223415267310443255e+00
6.223466377361948076e+00
6.223517437565927679e+00
6.223568447771171464e+00
6.223619407826793903e+00
6.223670317582254974e+00
6.223721176887345941e+00
6.223771985592187583e+00
6.223822743547243519e+00
6.223873450603308655e+00
6.223924106611505636e+00
6.223974711423314155e+00
6.224025264890522990e+00
6.224075766865278858e+00
6.224126217200053546e+00
6.224176615747656349e+00
6.224226962361239401e+00
6.224277256894279908e+00
6.224327499200606795e+00
6.224377689134379388e+00
6.224427826550084752e+00
6.224477911302565225e+00
6.224527943246989103e+00
6.224577922238866634e+00
6.224627848134040242e+00
6.224677720788702295e+00
6.224727540059369346e+00
6.224777305802902561e+00
6.224827017876505941e+00
6.224876676137710341e+00
6.224926280444393889e+00
6.224975830654773112e+00
6.225025326627394939e+00
6.225074768221157129e+00
6.225124155295280737e+00
6.225173487709341202e+00
6.225222765323236374e+00
6.225271987997217593e+00
6.225321155591866606e+00
6.225370267968100890e+00
6.225419324987184311e+00
6.225468326510708472e+00
6.225517272400614033e+00
6.225566162519178270e+00
6.225614996729006201e+00
6.225663774893056335e+00
6.225712496874611368e+00
6.225761162537299498e+00
6.225809771745089982e+00
6.225858324362274487e+00
6.225906820253500840e+00
6.225955259283741938e+00
6.226003641318318849e+00
6.226051966222876821e+00
6.226100233863405720e+00
6.226148444106231139e+00
6.226196596818016182e+00
6.226244691865763237e+00
6.226292729116805980e+00
6.226340708438813820e+00
6.226388629699796340e+00
6.226436492768096187e+00
6.226484297512397070e+00
6.226532043801711325e+00
6.226579731505389681e+00
6.226627360493115937e+00
6.226674930634914951e+00
6.226722441801136654e+00
6.226769893862474703e+00
6.226817286689949604e+00
6.226864620154917596e+00
6.226911894129075975e+00
6.226959108484446226e+00
6.227006263093380234e+00
6.227053357828578051e+00
6.227100392563055031e+00
6.227147367170172920e+00
6.227194281523613206e+00
6.227241135497400215e+00
6.227287928965878905e+00
6.227334661803735294e+00
6.227381333885980474e+00
6.227427945087955052e+00
6.227474495285337142e+00
6.227520984354123712e+00
6.227567412170649241e+00
6.227613778611577722e+00
6.227660083553899106e+00
6.227706326874930198e+00
6.227752508452314650e+00
6.227798628164035399e+00
6.227844685888386245e+00
6.227890681504004711e+00
6.227936614889840072e+00
6.227982485925176448e+00
6.228028294489621253e+00
6.228074040463112304e+00
6.228119723725901835e+00
6.228165344158579586e+00
6.228210901642051489e+00
6.228256396057546773e+00
6.228301827286624182e+00
6.228347195211160425e+00
6.228392499713364394e+00
6.228437740675750511e+00
6.228482917981167155e+00
6.228528031512787777e+00
6.228573081154092250e+00
6.228618066788897067e+00
6.228662988301329584e+00
6.228707845575838675e+00
6.228752638497195626e+00
6.228797366950485248e+00
6.228842030821118314e+00
6.228886629994814683e+00
6.228931164357618400e+00
6.228975633795894140e+00
6.229020038196309450e+00
6.229064377445864054e+00
6.229108651431863208e+00
6.229152860041933693e+00
6.229197003164012258e+00
6.229241080686357179e+00
6.229285092497527820e+00
6.229329038486416614e+00
6.229372918542207316e+00
6.229416732554414082e+00
6.229460480412853940e+00
6.229504162007658330e+00
6.229547777229268668e+00
6.229591325968440785e+00
6.229634808116239597e+00
6.229678223564031114e+00
6.229721572203507307e+00
6.229764853926655910e+00
6.229808068625776407e+00
6.229851216193480035e+00
6.229894296522680897e+00
6.229937309506603071e+00
6.229980255038774395e+00
6.230023133013029124e+00
6.230065943323515043e+00
6.230108685864673923e+00
6.230151360531255733e+00
6.230193967218315088e+00
6.230236505821213022e+00
6.230278976235610777e+00
6.230321378357475126e+00
6.230363712083068606e+00
6.230405977308961951e+00
6.230448173932025213e+00
6.230490301849428647e+00
6.230532360958646265e+00
6.230574351157444291e+00
6.230616272343893591e+00
6.230658124416363464e+00
6.230699907273525184e+00
6.230741620814339576e+00
6.230783264938073884e+00
6.230824839544278682e+00
6.230866344532818069e+00
6.230907779803842139e+00
6.230949145257797639e+00
6.230990440795430629e+00
6.231031666317771389e+00
6.231072821726157507e+00
6.231113906922213452e+00
6.231154921807853242e+00
6.231195866285289320e+00
6.231236740257023676e+00
6.231277543625854953e+00
6.231318276294866010e+00
6.231358938167431916e+00
6.231399529147218175e+00
6.231440049138189607e+00
6.231480498044584593e+00
6.231520875770939938e+00
6.231561182222081108e+00
6.231601417303118673e+00
6.231641580919452750e+00
6.231681672976765896e+00
6.231721693381033766e+00
6.231761642038515348e+00
6.231801518855756505e+00
6.231841323739583771e+00
6.231881056597118551e+00
6.231920717335751370e+00
6.231960305863169403e+00
6.231999822087343155e+00
6.232039265916514914e+00
6.232078637259220955e+00
6.232117936024276439e+00
6.232157162120779859e+00
6.232196315458102376e+00
6.232235395945906475e+00
6.232274403494131754e+00
6.232313338012994919e+00
6.232352199412997784e+00
6.232390987604914834e+00
6.232429702499805657e+00
6.232468344008998962e+00
6.232506912044116554e+00
6.232545406517038700e+00
6.232583827339941429e+00
6.232622174425264561e+00
6.232660447685727689e+00
6.232698647034331074e+00
6.232736772384341428e+00
6.232774823649309681e+00
6.232812800743052328e+00
6.232850703579669194e+00
6.232888532073527443e+00
6.232926286139272243e+00
6.232963965691816988e+00
6.233001570646352185e+00
6.233039100918340125e+00
6.233076556423511327e+00
6.233113937077870759e+00
6.233151242797693392e+00
6.233188473499529536e+00
6.233225629100195064e+00
6.233262709516772304e+00
6.233299714666620694e+00
6.233336644467371457e+00
6.233373498836912496e+00
6.233410277693411494e+00
6.233446980955299033e+00
6.233483608541275700e+00
6.233520160370306762e+00
6.233556636361628378e+00
6.233593036434743162e+00
6.233629360509417516e+00
6.233665608505687850e+00
6.233701780343848142e+00
6.233737875944468598e+00
6.233773895228376993e+00
6.233809838116672886e+00
6.233845704530714293e+00
6.233881494392123024e+00
6.233917207622784673e+00
6.233952844144860173e+00
6.233988403880753815e+00
6.234023886753147004e+00
6.234059292684983156e+00
6.234094621599457042e+00
6.234129873420040546e+00
6.234165048070453352e+00
6.234200145474683374e+00
6.234235165556981428e+00
6.234270108241855013e+00
6.234304973454071863e+00
6.234339761118664391e+00
6.234374471160920805e+00
6.234409103506384220e+00
6.234443658080871309e+00
6.234478134810444772e+00
6.234512533621430208e+00
6.234546854440412567e+00
6.234581097194231702e+00
6.234615261809991260e+00
6.234649348215048015e+00
6.234683356337016313e+00
6.234717286103768075e+00
6.234751137443431013e+00
6.234784910284391302e+00
6.234818604555291799e+00
6.234852220185026717e+00
6.234885757102754056e+00
6.234919215237880508e+00
6.234952594520067670e+00
6.234985894879239154e+00
6.235019116245563708e+00
6.235052258549471205e+00
6.235085321721649088e+00
6.235118305693026386e+00
6.235151210394798582e+00
6.235184035758408960e+00
6.235216781715552159e+00
6.235249448198181277e+00
6.235282035138498102e+00
6.235314542468956667e+00
6.235346970122268573e+00
6.235379318031389673e+00
6.235411586129536943e+00
6.235443774350172497e+00
6.235475882627012467e+00
6.235507910894018124e+00
6.235539859085416303e+00
6.235571727135670095e+00
6.235603514979497497e+00
6.235635222551874079e+00
6.235666849788016108e+00
6.235698396623394757e+00
6.235729862993729000e+00
6.235761248834992720e+00
6.235792554083399608e+00
6.235823778675423590e+00
6.235854922547775736e+00
6.235885985637426465e+00
6.235916967881592221e+00
6.235947869217731920e+00
6.235978689583562051e+00
6.236009428917038910e+00
6.236040087156374589e+00
6.236070664240026318e+00
6.236101160106689356e+00
6.236131574695320978e+00
6.236161907945119154e+00
6.236192159795527878e+00
6.236222330186238949e+00
6.236252419057190188e+00
6.236282426348571661e+00
6.236312352000813242e+00
6.236342195954588163e+00
6.236371958150829897e+00
6.236401638530699287e+00
6.236431237035616526e+00
6.236460753607245167e+00
6.236490188187490347e+00
6.236519540718502341e+00
6.236548811142681892e+00
6.236577999402669548e+00
6.236607105441355436e+00
6.236636129201867718e+00
6.236665070627583241e+00
6.236693929662122216e+00
6.236722706249355319e+00
6.236751400333389483e+00
6.236780011858575001e+00
6.236808540769509968e+00
6.236836987011038502e+00
6.236865350528244534e+00
6.236893631266448246e+00
6.236921829171232723e+00
6.236949944188403983e+00
6.236977976264022061e+00
6.237005925344385915e+00
6.237033791376039638e+00
6.237061574305770684e+00
6.237089274080603651e+00
6.237116890647809164e+00
6.237144423954903871e+00
6.237171873949641565e+00
6.237199240580012294e+00
6.237226523794263677e+00
6.237253723540873374e+00
6.237280839768563290e+00
6.237307872426296917e+00
6.237334821463279333e+00
6.237361686828953644e+00
6.237388468473015202e+00
6.237415166345389395e+00
6.237441780396243196e+00
6.237468310575987829e+00
6.237494756835276988e+00
6.237521119125000624e+00
6.237547397396289384e+00
6.237573591600519052e+00
6.237599701689301668e+00
6.237625727614490856e+00
6.237651669328177384e+00
6.237677526782695381e+00
6.237703299930617007e+00
6.237728988724757784e+00
6.237754593118168600e+00
6.237780113064141929e+00
6.237805548516206500e+00
6.237830899428133513e+00
6.237856165753935755e+00
6.237881347447855163e+00
6.237906444464391242e+00
6.237931456758257553e+00
6.237956384284426115e+00
6.237981226998103423e+00
6.238005984854727792e+00
6.238030657809980895e+00
6.238055245819788652e+00
6.238079748840299033e+00
6.238104166827914909e+00
6.238128499739267419e+00
6.238152747531231057e+00
6.238176910160913913e+00
6.238200987585662993e+00
6.238224979763066003e+00
6.238248886650946901e+00
6.238272708207362349e+00
6.238296444390615036e+00
6.238320095159235912e+00
6.238343660471996621e+00
6.238367140287911283e+00
6.238390534566223167e+00
6.238413843266415348e+00
6.238437066348206272e+00
6.238460203771556856e+00
6.238483255496654500e+00
6.238506221483937075e+00
6.238529101694060941e+00
6.238551896087931148e+00
6.238574604626689890e+00
6.238597227271708512e+00
6.238619763984595501e+00
6.238642214727200930e+00
6.238664579461604909e+00
6.238686858150122028e+00
6.238709050755307572e+00
6.238731157239950420e+00
6.238753177567071262e+00
6.238775111699928821e+00
6.238796959602019854e+00
6.238818721237072928e+00
6.238840396569047542e+00
6.238861985562141221e+00
6.238883488180791304e+00
6.238904904389662498e+00
6.238926234153656658e+00
6.238947477437908340e+00
6.238968634207784802e+00
6.238989704428895777e+00
6.239010688067074817e+00
6.239031585088395282e+00
6.239052395459160572e+00
6.239073119145908564e+00
6.239093756115414280e+00
6.239114306334680116e+00
6.239134769770941169e+00
6.239155146391679452e+00
6.239175436164583921e+00
6.239195639057604659e+00
6.239215755038896916e+00
6.239235784076877067e+00
6.239255726140171987e+00
6.239275581197646581e+00
6.239295349218399345e+00
6.239315030171765031e+00
6.239334624027296883e+00
6.239354130754791505e+00
6.239373550324278206e+00
6.239392882706007448e+00
6.239412127870470393e+00
6.239431285788377579e+00
6.239450356430685574e+00
6.239469339768567657e+00
6.239488235773436031e+00
6.239507044416932047e+00
6.239525765670923541e+00
6.239544399507512829e+00
6.239562945899023383e+00
6.239581404818025590e+00
6.239599776237295892e+00
6.239618060129866528e+00
6.239636256468971354e+00
6.239654365228092914e+00
6.239672386380934910e+00
6.239690319901430193e+00
6.239708165763738101e+00
6.239725923942251562e+00
6.239743594411589989e+00
6.239761177146592175e+00
6.239778672122336722e+00
6.239796079314118948e+00
6.239813398697472202e+00
6.239830630248143883e+00
6.239847773942117648e+00
6.239864829755600084e+00
6.239881797665024266e+00
6.239898677647052416e+00
6.239915469678567028e+00
6.239932173736678855e+00
6.239948789798726025e+00
6.239965317842264270e+00
6.239981757845084687e+00
6.239998109785195979e+00
6.240014373640831558e+00
6.240030549390454873e+00
6.240046637012742536e+00
6.240062636486606529e+00
6.240078547791176433e+00
6.240094370905800325e+00
6.240110105810053653e+00
6.240125752483741017e+00
6.240141310906877514e+00
6.240156781059707392e+00
6.240172162922693389e+00
6.240187456476522065e+00
6.240202661702097586e+00
6.240217778580549712e+00
6.240232807093225809e+00
6.240247747221694397e+00
6.240262598947742489e+00
6.240277362253379145e+00
6.240292037120831914e+00
6.240306623532542396e+00
6.240321121471180454e+00
6.240335530919626450e+00
6.240349851860981012e+00
6.240364084278566814e+00
6.240378228155915252e+00
6.240392283476781543e+00
6.240406250225134066e+00
6.240420128385163245e+00
6.240433917941265562e+00
6.240447618878063096e+00
6.240461231180387536e+00
6.240474754833284621e+00
6.240488189822019471e+00
6.240501536132069482e+00
6.240514793749123434e+00
6.240527962659087713e+00
6.240541042848072983e+00
6.240554034302416397e+00
6.240566937008654946e+00
6.240579750953545890e+00
6.240592476124050769e+00
6.240605112507349617e+00
6.240617660090827634e+00
6.240630118862077858e+00
6.240642488808912702e+00
6.240654769919348865e+00
6.240666962181606436e+00
6.240679065584124885e+00
6.240691080115541745e+00
6.240703005764710376e+00
6.240714842520681316e+00
6.240726590372728033e+00
6.240738249310310515e+00
6.240749819323109904e+00
6.240761300401008960e+00
6.240772692534088506e+00
6.240783995712645194e+00
6.240795209927167519e+00
6.240806335168353591e+00
6.240817371427112903e+00
6.240828318694538801e+00
6.240839176961944013e+00
6.240849946220833999e+00
6.240860626462914951e+00
6.240871217680099114e+00
6.240881719864491473e+00
6.240892133008404841e+00
6.240902457104342105e+00
6.240912692145014873e+00
6.240922838123323935e+00
6.240932895032370809e+00
6.240942862865456853e+00
6.240952741616069943e+00
6.240962531277912007e+00
6.240972231844854612e+00
6.240981843310993149e+00
6.240991365670590874e+00
6.241000798918124204e+00
6.241010143048248082e+00
6.241019398055824396e+00
6.241028563935893558e+00
6.241037640683693155e+00
6.241046628294655285e+00
6.241055526764395900e+00
6.241064336088725462e+00
6.241073056263637397e+00
6.241081687285318758e+00
6.241090229150146662e+00
6.241098681854677643e+00
6.241107045395660968e+00
6.241115319770030645e+00
6.241123504974904534e+00
6.241131601007587015e+00
6.241139607865568095e+00
6.241147525546515418e+00
6.241155354048287585e+00
6.241163093368919057e+00
6.241170743506627261e+00
6.241178304459821469e+00
6.241185776227070825e+00
6.241193158807138097e+00
6.241200452198967241e+00
6.241207656401674519e+00
6.241214771414549389e+00
6.241221797237071378e+00
6.241228733868893208e+00
6.241235581309833691e+00
6.241242339559891938e+00
6.241249008619253580e+00
6.241255588488257899e+00
6.241262079167431587e+00
6.241268480657470974e+00
6.241274792959238482e+00
6.241281016073779497e+00
6.241287150002301054e+00
6.241293194746177164e+00
6.241299150306961252e+00
6.241305016686367502e+00
6.241310793886281516e+00
6.241316481908755875e+00
6.241322080756007473e+00
6.241327590430421068e+00
6.241333010934545733e+00
6.241338342271093964e+00
6.241343584442944348e+00
6.241348737453138007e+00
6.241353801304875049e+00
6.241358776001519892e+00
6.241363661546601271e+00
6.241368457943799797e+00
6.241373165196963946e+00
6.241377783310095850e+00
6.241382312287353962e+00
6.241386752133066373e+00
6.241391102851701511e+00
6.241395364447889449e+00
6.241399536926424574e+00
6.241403620292243382e+00
6.241407614550442240e+00
6.241411519706269395e+00
6.241415335765128525e+00
6.241419062732570744e+00
6.241422700614297270e+00
6.241426249416164751e+00
6.241429709144173721e+00
6.241433079804483697e+00
6.241436361403383870e+00
6.241439553947334851e+00
6.241442657442919817e+00
6.241445671896886260e+00
6.241448597316120228e+00
6.241451433707645435e+00
6.241454181078641916e+00
6.241456839436430926e+00
6.241459408788460728e+00
6.241461889142343011e+00
6.241464280505817364e+00
6.241466582886765480e+00
6.241468796293212051e+00
6.241470920733314109e+00
6.241472956215375234e+00
6.241474902747833120e+00
6.241476760339258689e+00
6.241478528998365860e+00
6.241480208733994672e+00
6.241481799555128163e+00
6.241483301470879930e+00
6.241484714490500352e+00
6.241486038623364152e+00
6.241487273878985498e+00
6.241488420267008230e+00
6.241489477797204977e+00
6.241490446479477150e+00
6.241491326323863831e+00
6.241492117340521339e+00
6.241492819539737447e+00
6.241493432931928709e+00
6.241493957527641356e+00
6.241494393337538860e+00
6.241494740372417027e+00
6.241494998643195125e+00
6.241495168160914986e+00
