-4.725857286463893914e+00
-4.725857284442197326e+00
-4.725857231872414133e+00
-4.725857128720053701e+00
-4.725856974950734646e+00
-4.725856770530173279e+00
-4.725856515424184501e+00
-4.725856209598686242e+00
-4.725855853019691466e+00
-4.725855445653320608e+00
-4.725854987465790025e+00
-4.725854478423410221e+00
-4.725853918492601835e+00
-4.725853307639878764e+00
-4.725852645831852605e+00
-4.725851933035232655e+00
-4.725851169216835679e+00
-4.725850354343569926e+00
-4.725849488382436903e+00
-4.725848571300548251e+00
-4.725847603065105318e+00
-4.725846583643408039e+00
-4.725845513002857601e+00
-4.725844391110950227e+00
-4.725843217935274510e+00
-4.725841993443523847e+00
-4.725840717603485786e+00
-4.725839390383040239e+00
-4.725838011750167489e+00
-4.725836581672944625e+00
-4.725835100119535781e+00
-4.725833567058214335e+00
-4.725831982457339819e+00
-4.725830346285366801e+00
-4.725828658510850211e+00
-4.725826919102435575e+00
-4.725825128028864341e+00
-4.725823285258968554e+00
-4.725821390761680618e+00
-4.725819444506020872e+00
-4.725817446461107352e+00
-4.725815396596146911e+00
-4.725813294880447657e+00
-4.725811141283399408e+00
-4.725808935774489683e+00
-4.725806678323301036e+00
-4.725804368899508390e+00
-4.725802007472871935e+00
-4.725799594013246008e+00
-4.725797128490581755e+00
-4.725794610874914703e+00
-4.725792041136371857e+00
-4.725789419245177037e+00
-4.725786745171638437e+00
-4.725784018886154847e+00
-4.725781240359215651e+00
-4.725778409561400828e+00
-4.725775526463380061e+00
-4.725772591035905634e+00
-4.725769603249833750e+00
-4.725766563076092552e+00
-4.725763470485704332e+00
-4.725760325449785526e+00
-4.725757127939530733e+00
-4.725753877926229585e+00
-4.725750575381256979e+00
-4.725747220276072191e+00
-4.725743812582219761e+00
-4.725740352271339262e+00
-4.725736839315151094e+00
-4.725733273685458258e+00
-4.725729655354156122e+00
-4.725725984293222659e+00
-4.725722260474717551e+00
-4.725718483870795517e+00
-4.725714654453682328e+00
-4.725710772195702347e+00
-4.725706837069250987e+00
-4.725702849046815146e+00
-4.725698808100969650e+00
-4.725694714204359492e+00
-4.725690567329727365e+00
-4.725686367449886127e+00
-4.725682114537743672e+00
-4.725677808566284277e+00
-4.725673449508570378e+00
-4.725669037337749678e+00
-4.725664572027059585e+00
-4.725660053549805006e+00
-4.725655481879383224e+00
-4.725650856989267901e+00
-4.725646178853012636e+00
-4.725641447444253629e+00
-4.725636662736709681e+00
-4.725631824704169759e+00
-4.725626933320518752e+00
-4.725621988559703723e+00
-4.725616990395765882e+00
-4.725611938802818379e+00
-4.725606833755053415e+00
-4.725601675226739573e+00
-4.725596463192234253e+00
-4.725591197625964135e+00
-4.725585878502433168e+00
-4.725580505796227904e+00
-4.725575079482011276e+00
-4.725569599534518161e+00
-4.725564065928574919e+00
-4.725558478639067417e+00
-4.725552837640973003e+00
-4.725547142909333864e+00
-4.725541394419277452e+00
-4.725535592146004049e+00
-4.725529736064789432e+00
-4.725523826150983098e+00
-4.725517862380019807e+00
-4.725511844727395605e+00
-4.725505773168697132e+00
-4.725499647679570536e+00
-4.725493468235749006e+00
-4.725487234813038562e+00
-4.725480947387312725e+00
-4.725474605934526728e+00
-4.725468210430706861e+00
-4.725461760851954907e+00
-4.725455257174443702e+00
-4.725448699374430461e+00
-4.725442087428227467e+00
-4.725435421312236706e+00
-4.725428701002928555e+00
-4.725421926476841783e+00
-4.725415097710599532e+00
-4.725408214680885344e+00
-4.725401277364457364e+00
-4.725394285738159894e+00
-4.725387239778893189e+00
-4.725380139463640106e+00
-4.725372984769448337e+00
-4.725365775673449065e+00
-4.725358512152838308e+00
-4.725351194184874259e+00
-4.725343821746909256e+00
-4.725336394816349816e+00
-4.725328913370681505e+00
-4.725321377387455613e+00
-4.725313786844306030e+00
-4.725306141718927044e+00
-4.725298441989092879e+00
-4.725290687632637265e+00
-4.725282878627481864e+00
-4.725275014951600738e+00
-4.725267096583056770e+00
-4.725259123499975900e+00
-4.725251095680547131e+00
-4.725243013103044731e+00
-4.725234875745807805e+00
-4.725226683587245624e+00
-4.725218436605834071e+00
-4.725210134780129856e+00
-4.725201778088751858e+00
-4.725193366510391790e+00
-4.725184900023816859e+00
-4.725176378607854666e+00
-4.725167802241418080e+00
-4.725159170903475037e+00
-4.725150484573075182e+00
-4.725141743229332114e+00
-4.725132946851434923e+00
-4.725124095418641090e+00
-4.725115188910277375e+00
-4.725106227305742479e+00
-4.725097210584507934e+00
-4.725088138726110998e+00
-4.725079011710167087e+00
-4.725069829516350239e+00
-4.725060592124414427e+00
-4.725051299514187342e+00
-4.725041951665558848e+00
-4.725032548558489864e+00
-4.725023090173022133e+00
-4.725013576489260458e+00
-4.725004007487375368e+00
-4.724994383147620880e+00
-4.724984703450314960e+00
-4.724974968375843964e+00
-4.724965177904673297e+00
-4.724955332017333198e+00
-4.724945430694430293e+00
-4.724935473916635154e+00
-4.724925461664696513e+00
-4.724915393919435047e+00
-4.724905270661736267e+00
-4.724895091872562070e+00
-4.724884857532946292e+00
-4.724874567623996491e+00
-4.724864222126885061e+00
-4.724853821022864331e+00
-4.724843364293255021e+00
-4.724832851919446242e+00
-4.724822283882908813e+00
-4.724811660165177507e+00
-4.724800980747869694e+00
-4.724790245612658701e+00
-4.724779454741309337e+00
-4.724768608115651247e+00
-4.724757705717579803e+00
-4.724746747529078306e+00
-4.724735733532191340e+00
-4.724724663709042538e+00
-4.724713538041829253e+00
-4.724702356512818113e+00
-4.724691119104356574e+00
-4.724679825798861366e+00
-4.724668476578823828e+00
-4.724657071426812571e+00
-4.724645610325463707e+00
-4.724634093257498613e+00
-4.724622520205702614e+00
-4.724610891152941861e+00
-4.724599206082158886e+00
-4.724587464976368167e+00
-4.724575667818663227e+00
-4.724563814592207756e+00
-4.724551905280243602e+00
-4.724539939866089888e+00
-4.724527918333140342e+00
-4.724515840664868627e+00
-4.724503706844818574e+00
-4.724491516856617501e+00
-4.724479270683962007e+00
-4.724466968310632176e+00
-4.724454609720480036e+00
-4.724442194897441105e+00
-4.724429723825521066e+00
-4.724417196488814419e+00
-4.724404612871476949e+00
-4.724391972957760366e+00
-4.724379276731977662e+00
-4.724366524178538640e+00
-4.724353715281913502e+00
-4.724340850026662153e+00
-4.724327928397422660e+00
-4.724314950378908584e+00
-4.724301915955918751e+00
-4.724288825113323043e+00
-4.724275677836079268e+00
-4.724262474109221621e+00
-4.724249213917862456e+00
-4.724235897247197613e+00
-4.724222524082503760e+00
-4.724209094409138388e+00
-4.724195608212536257e+00
-4.724182065478214732e+00
-4.724168466191779103e+00
-4.724154810338905719e+00
-4.724141097905361519e+00
-4.724127328876989829e+00
-4.724113503239715683e+00
-4.724099620979552938e+00
-4.724085682082588278e+00
-4.724071686535002534e+00
-4.724057634323052923e+00
-4.724043525433073931e+00
-4.724029359851497745e+00
-4.724015137564827604e+00
-4.724000858559655569e+00
-4.723986522822660739e+00
-4.723972130340597708e+00
-4.723957681100309891e+00
-4.723943175088731294e+00
-4.723928612292869644e+00
-4.723913992699828590e+00
-4.723899316296782835e+00
-4.723884583071004784e+00
-4.723869793009850326e+00
-4.723854946100754404e+00
-4.723840042331240774e+00
-4.723825081688925565e+00
-4.723810064161507505e+00
-4.723794989736759931e+00
-4.723779858402563647e+00
-4.723764670146865186e+00
-4.723749424957715881e+00
-4.723734122823246118e+00
-4.723718763731668879e+00
-4.723703347671291297e+00
-4.723687874630505767e+00
-4.723672344597794392e+00
-4.723656757561726316e+00
-4.723641113510955059e+00
-4.723625412434227400e+00
-4.723609654320373608e+00
-4.723593839158318097e+00
-4.723577966937070549e+00
-4.723562037645728573e+00
-4.723546051273482149e+00
-4.723530007809608300e+00
-4.723513907243476417e+00
-4.723497749564536718e+00
-4.723481534762339784e+00
-4.723465262826518796e+00
-4.723448933746801082e+00
-4.723432547512999236e+00
-4.723416104115019998e+00
-4.723399603542865144e+00
-4.723383045786611945e+00
-4.723366430836443364e+00
-4.723349758682622301e+00
-4.723333029315514686e+00
-4.723316242725561942e+00
-4.723299398903312074e+00
-4.723282497839393912e+00
-4.723265539524527767e+00
-4.723248523949527211e+00
-4.723231451105306178e+00
-4.723214320982854986e+00
-4.723197133573264317e+00
-4.723179888867720777e+00
-4.723162586857491796e+00
-4.723145227533943391e+00
-4.723127810888535727e+00
-4.723110336912811569e+00
-4.723092805598421151e+00
-4.723075216937091092e+00
-4.723057570920658144e+00
-4.723039867541032777e+00
-4.723022106790227603e+00
-4.723004288660350269e+00
-4.722986413143596351e+00
-4.722968480232260013e+00
-4.722950489918719796e+00
-4.722932442195453717e+00
-4.722914337055030387e+00
-4.722896174490111676e+00
-4.722877954493453601e+00
-4.722859677057902772e+00
-4.722841342176404389e+00
-4.722822949841990692e+00
-4.722804500047790732e+00
-4.722785992787030374e+00
-4.722767428053016303e+00
-4.722748805839163566e+00
-4.722730126138969808e+00
-4.722711388946036593e+00
-4.722692594254048970e+00
-4.722673742056788804e+00
-4.722654832348132992e+00
-4.722635865122049026e+00
-4.722616840372602987e+00
-4.722597758093952436e+00
-4.722578618280343754e+00
-4.722559420926121021e+00
-4.722540166025727792e+00
-4.722520853573685784e+00
-4.722501483564627733e+00
-4.722482055993263650e+00
-4.722462570854411901e+00
-4.722443028142977894e+00
-4.722423427853951416e+00
-4.722403769982432387e+00
-4.722384054523604213e+00
-4.722364281472744452e+00
-4.722344450825223916e+00
-4.722324562576512008e+00
-4.722304616722166060e+00
-4.722284613257833108e+00
-4.722264552179267660e+00
-4.722244433482298831e+00
-4.722224257162864980e+00
-4.722204023216983515e+00
-4.722183731640780202e+00
-4.722163382430457190e+00
-4.722142975582321434e+00
-4.722122511092768704e+00
-4.722101988958288032e+00
-4.722081409175460820e+00
-4.722060771740959062e+00
-4.722040076651548013e+00
-4.722019323904090626e+00
-4.721998513495532457e+00
-4.721977645422920311e+00
-4.721956719683391590e+00
-4.721935736274168072e+00
-4.721914695192571898e+00
-4.721893596436014029e+00
-4.721872440001996019e+00
-4.721851225888109127e+00
-4.721829954092051196e+00
-4.721808624611584904e+00
-4.721787237444583951e+00
-4.721765792589010857e+00
-4.721744290042914294e+00
-4.721722729804437968e+00
-4.721701111871808187e+00
-4.721679436243356065e+00
-4.721657702917487320e+00
-4.721635911892709814e+00
-4.721614063167615782e+00
-4.721592156740893387e+00
-4.721570192611311612e+00
-4.721548170777738918e+00
-4.721526091239123701e+00
-4.721503953994510283e+00
-4.721481759043033577e+00
-4.721459506383914650e+00
-4.721437196016465165e+00
-4.721414827940075831e+00
-4.721392402154248380e+00
-4.721369918658548492e+00
-4.721347377452648431e+00
-4.721324778536295064e+00
-4.721302121909332961e+00
-4.721279407571688402e+00
-4.721256635523380041e+00
-4.721233805764510905e+00
-4.721210918295273729e+00
-4.721187973115945624e+00
-4.721164970226888968e+00
-4.721141909628562061e+00
-4.721118791321496033e+00
-4.721095615306318827e+00
-4.721072381583738320e+00
-4.721049090154555650e+00
-4.721025741019649224e+00
-4.721002334179988935e+00
-4.720978869636624609e+00
-4.720955347390693113e+00
-4.720931767443421911e+00
-4.720908129796119290e+00
-4.720884434450164591e+00
-4.720860681407045512e+00
-4.720836870668317253e+00
-4.720813002235623834e+00
-4.720789076110688320e+00
-4.720765092295325260e+00
-4.720741050791423810e+00
-4.720716951600962830e+00
-4.720692794725995789e+00
-4.720668580168665862e+00
-4.720644307931195272e+00
-4.720619978015886176e+00
-4.720595590425123333e+00
-4.720571145161378546e+00
-4.720546642227192891e+00
-4.720522081625197153e+00
-4.720497463358103829e+00
-4.720472787428695582e+00
-4.720448053839843894e+00
-4.720423262594501956e+00
-4.720398413695691353e+00
-4.720373507146520708e+00
-4.720348542950180359e+00
-4.720323521109928144e+00
-4.720298441629112496e+00
-4.720273304511152013e+00
-4.720248109759545230e+00
-4.720222857377872394e+00
-4.720197547369780366e+00
-4.720172179739007490e+00
-4.720146754489355168e+00
-4.720121271624708292e+00
-4.720095731149028140e+00
-4.720070133066346152e+00
-4.720044477380778147e+00
-4.720018764096506558e+00
-4.719992993217791977e+00
-4.719967164748972266e+00
-4.719941278694457232e+00
-4.719915335058726846e+00
-4.719889333846343682e+00
-4.719863275061934260e+00
-4.719837158710204150e+00
-4.719810984795931752e+00
-4.719784753323962967e+00
-4.719758464299220968e+00
-4.719732117726696430e+00
-4.719705713611458187e+00
-4.719679251958636357e+00
-4.719652732773440995e+00
-4.719626156061150546e+00
-4.719599521827110067e+00
-4.719572830076737446e+00
-4.719546080815521627e+00
-4.719519274049013724e+00
-4.719492409782842124e+00
-4.719465488022701827e+00
-4.719438508774353558e+00
-4.719411472043626432e+00
-4.719384377836417066e+00
-4.719357226158694019e+00
-4.719330017016485357e+00
-4.719302750415892866e+00
-4.719275426363081394e+00
-4.719248044864275293e+00
-4.719220605925776191e+00
-4.719193109553947885e+00
-4.719165555755211905e+00
-4.719137944536063500e+00
-4.719110275903052987e+00
-4.719082549862806175e+00
-4.719054766422001279e+00
-4.719026925587384014e+00
-4.718999027365765819e+00
-4.718971071764019420e+00
-4.718943058789074385e+00
-4.718914988447931336e+00
-4.718886860747641521e+00
-4.718858675695327243e+00
-4.718830433298165872e+00
-4.718802133563399615e+00
-4.718773776498325745e+00
-4.718745362110303709e+00
-4.718716890406752462e+00
-4.718688361395150466e+00
-4.718659775083032137e+00
-4.718631131477994956e+00
-4.718602430587691465e+00
-4.718573672419830167e+00
-4.718544856982179958e+00
-4.718515984282567466e+00
-4.718487054328873498e+00
-4.718458067129034816e+00
-4.718429022691044139e+00
-4.718399921022953691e+00
-4.718370762132865437e+00
-4.718341546028937294e+00
-4.718312272719384026e+00
-4.718282942212477238e+00
-4.718253554516534720e+00
-4.718224109639930219e+00
-4.718194607591098766e+00
-4.718165048378510917e+00
-4.718135432010711838e+00
-4.718105758496274227e+00
-4.718076027843843612e+00
-4.718046240062108154e+00
-4.718016395159803977e+00
-4.717986493145724047e+00
-4.717956534028709292e+00
-4.717926517817646825e+00
-4.717896444521477939e+00
-4.717866314149192775e+00
-4.717836126709830324e+00
-4.717805882212477542e+00
-4.717775580666266677e+00
-4.717745222080387713e+00
-4.717714806464064381e+00
-4.717684333826575482e+00
-4.717653804177250443e+00
-4.717623217525456880e+00
-4.717592573880619256e+00
-4.717561873252192228e+00
-4.717531115649690854e+00
-4.717500301082670155e+00
-4.717469429560727789e+00
-4.717438501093508485e+00
-4.717407515690703157e+00
-4.717376473362044464e+00
-4.717345374117306811e+00
-4.717314217966313450e+00
-4.717283004918925826e+00
-4.717251734985050682e+00
-4.717220408174633839e+00
-4.717189024497668193e+00
-4.717157583964186607e+00
-4.717126086584261024e+00
-4.717094532368007798e+00
-4.717062921325585911e+00
-4.717031253467189877e+00
-4.716999528803053288e+00
-4.716967747343463024e+00
-4.716935909098728175e+00
-4.716904014079208451e+00
-4.716872062295299983e+00
-4.716840053757440643e+00
-4.716807988476100277e+00
-4.716775866461794919e+00
-4.716743687725073464e+00
-4.716711452276522110e+00
-4.716679160126773240e+00
-4.716646811286484109e+00
-4.716614405766361706e+00
-4.716581943577139668e+00
-4.716549424729594264e+00
-4.716516849234536402e+00
-4.716484217102814291e+00
-4.716451528345308120e+00
-4.716418782972939816e+00
-4.716385980996664173e+00
-4.716353122427471511e+00
-4.716320207276383236e+00
-4.716287235554464274e+00
-4.716254207272806198e+00
-4.716221122442539659e+00
-4.716187981074828173e+00
-4.716154783180867227e+00
-4.716121528771891391e+00
-4.716088217859161880e+00
-4.716054850453981651e+00
-4.716021426567682084e+00
-4.715987946211628312e+00
-4.715954409397217439e+00
-4.715920816135883875e+00
-4.715887166439088674e+00
-4.715853460318329304e+00
-4.715819697785136988e+00
-4.715785878851071367e+00
-4.715752003527725833e+00
-4.715718071826727531e+00
-4.715684083759736467e+00
-4.715650039338438404e+00
-4.715615938574553745e+00
-4.715581781479839307e+00
-4.715547568066075890e+00
-4.715513298345082482e+00
-4.715478972328705609e+00
-4.715444590028822880e+00
-4.715410151457343879e+00
-4.715375656626207501e+00
-4.715341105547389944e+00
-4.715306498232886945e+00
-4.715271834694740427e+00
-4.715237114945010077e+00
-4.715202338995793774e+00
-4.715167506859215152e+00
-4.715132618547434262e+00
-4.715097674072635137e+00
-4.715062673447042663e+00
-4.715027616682902156e+00
-4.714992503792493572e+00
-4.714957334788127952e+00
-4.714922109682149198e+00
-4.714886828486929637e+00
-4.714851491214870904e+00
-4.714816097878411938e+00
-4.714780648490012993e+00
-4.714745143062173405e+00
-4.714709581607422706e+00
-4.714673964138316187e+00
-4.714638290667446441e+00
-4.714602561207432707e+00
-4.714566775770927975e+00
-4.714530934370618098e+00
-4.714495037019219126e+00
-4.714459083729475530e+00
-4.714423074514171752e+00
-4.714387009386110883e+00
-4.714350888358148417e+00
-4.714314711443148731e+00
-4.714278478654027715e+00
-4.714242190003721689e+00
-4.714205845505208714e+00
-4.714169445171487283e+00
-4.714132989015604736e+00
-4.714096477050630618e+00
-4.714059909289673556e+00
-4.714023285745868819e+00
-4.713986606432394311e+00
-4.713949871362458133e+00
-4.713913080549300361e+00
-4.713876234006200150e+00
-4.713839331746470407e+00
-4.713802373783456900e+00
-4.713765360130541815e+00
-4.713728290801146414e+00
-4.713691165808722161e+00
-4.713653985166760485e+00
-4.713616748888787455e+00
-4.713579456988373551e+00
-4.713542109479113229e+00
-4.713504706374646247e+00
-4.713467247688654993e+00
-4.713429733434847613e+00
-4.713392163626984654e+00
-4.713354538278849759e+00
-4.713316857404286075e+00
-4.713279121017160733e+00
-4.713241329131384383e+00
-4.713203481760909419e+00
-4.713165578919731757e+00
-4.713127620621889058e+00
-4.713089606881452731e+00
-4.713051537712541261e+00
-4.713013413129321094e+00
-4.712975233145997755e+00
-4.712936997776812298e+00
-4.712898707036065282e+00
-4.712860360938090132e+00
-4.712821959497268232e+00
-4.712783502728033369e+00
-4.712744990644852194e+00
-4.712706423262249977e+00
-4.712667800594793732e+00
-4.712629122657100211e+00
-4.712590389463827911e+00
-4.712551601029699277e+00
-4.712512757369465177e+00
-4.712473858497945756e+00
-4.712434904429999349e+00
-4.712395895180540251e+00
-4.712356830764536042e+00
-4.712317711197004044e+00
-4.712278536493014869e+00
-4.712239306667690641e+00
-4.712200021736213884e+00
-4.712160681713815080e+00
-4.712121286615784221e+00
-4.712081836457465478e+00
-4.712042331254268746e+00
-4.712002771021646552e+00
-4.711963155775118928e+00
-4.711923485530264522e+00
-4.711883760302720603e+00
-4.711843980108185725e+00
-4.711804144962417951e+00
-4.711764254881234848e+00
-4.711724309880525041e+00
-4.711684309976236662e+00
-4.711644255184377350e+00
-4.711604145521026688e+00
-4.711563981002323764e+00
-4.711523761644479613e+00
-4.711483487463770103e+00
-4.711443158476539494e+00
-4.711402774699203100e+00
-4.711362336148245511e+00
-4.711321842840217045e+00
-4.711281294791751506e+00
-4.711240692019540433e+00
-4.711200034540355297e+00
-4.711159322371045732e+00
-4.711118555528536866e+00
-4.711077734029818664e+00
-4.711036857891968133e+00
-4.710995927132140437e+00
-4.710954941767561799e+00
-4.710913901815545479e+00
-4.710872807293482900e+00
-4.710831658218845419e+00
-4.710790454609190547e+00
-4.710749196482154844e+00
-4.710707883855461908e+00
-4.710666516746925936e+00
-4.710625095174432175e+00
-4.710583619155973345e+00
-4.710542088709618547e+00
-4.710500503853523036e+00
-4.710458864605941542e+00
-4.710417170985218505e+00
-4.710375423009788065e+00
-4.710333620698175849e+00
-4.710291764069008735e+00
-4.710249853141002419e+00
-4.710207887932978288e+00
-4.710165868463847438e+00
-4.710123794752622217e+00
-4.710081666818418888e+00
-4.710039484680446975e+00
-4.709997248358021693e+00
-4.709954957870567505e+00
-4.709912613237603907e+00
-4.709870214478765860e+00
-4.709827761613785135e+00
-4.709785254662508081e+00
-4.709742693644887623e+00
-4.709700078580982385e+00
-4.709657409490976221e+00
-4.709614686395148908e+00
-4.709571909313908122e+00
-4.709529078267761015e+00
-4.709486193277345301e+00
-4.709443254363409714e+00
-4.709400261546820232e+00
-4.709357214848566286e+00
-4.709314114289750997e+00
-4.709270959891608932e+00
-4.709227751675490126e+00
-4.709184489662877837e+00
-4.709141173875370789e+00
-4.709097804334700044e+00
-4.709054381062725447e+00
-4.709010904081437410e+00
-4.708967373412952462e+00
-4.708923789079522138e+00
-4.708880151103536527e+00
-4.708836459507502958e+00
-4.708792714314088634e+00
-4.708748915546077107e+00
-4.708705063226403809e+00
-4.708661157378139173e+00
-4.708617198024490413e+00
-4.708573185188814847e+00
-4.708529118894608345e+00
-4.708484999165515994e+00
-4.708440826025324100e+00
-4.708396599497968182e+00
-4.708352319607536529e+00
-4.708307986378257759e+00
-4.708263599834528357e+00
-4.708219160000881587e+00
-4.708174666902013250e+00
-4.708130120562775467e+00
-4.708085521008171348e+00
-4.708040868263372758e+00
-4.707996162353696334e+00
-4.707951403304631910e+00
-4.707906591141830965e+00
-4.707861725891102189e+00
-4.707816807578425689e+00
-4.707771836229940554e+00
-4.707726811871964401e+00
-4.707681734530977380e+00
-4.707636604233627509e+00
-4.707591421006743992e+00
-4.707546184877322126e+00
-4.707500895872533064e+00
-4.707455554019729149e+00
-4.707410159346434142e+00
-4.707364711880354768e+00
-4.707319211649375390e+00
-4.707273658681565109e+00
-4.707228053005177770e+00
-4.707182394648642187e+00
-4.707136683640588792e+00
-4.707090920009820323e+00
-4.707045103785338469e+00
-4.706999234996332326e+00
-4.706953313672180172e+00
-4.706907339842457461e+00
-4.706861313536932379e+00
-4.706815234785567625e+00
-4.706769103618526628e+00
-4.706722920066169991e+00
-4.706676684159056379e+00
-4.706630395927950516e+00
-4.706584055403823186e+00
-4.706537662617835238e+00
-4.706491217601366905e+00
-4.706444720386002700e+00
-4.706398171003536746e+00
-4.706351569485968334e+00
-4.706304915865514360e+00
-4.706258210174603107e+00
-4.706211452445874244e+00
-4.706164642712189483e+00
-4.706117781006619261e+00
-4.706070867362462273e+00
-4.706023901813232158e+00
-4.705976884392665482e+00
-4.705929815134722638e+00
-4.705882694073584283e+00
-4.705835521243663777e+00
-4.705788296679595639e+00
-4.705741020416250642e+00
-4.705693692488718938e+00
-4.705646312932330488e+00
-4.705598881782651510e+00
-4.705551399075468488e+00
-4.705503864846820150e+00
-4.705456279132969932e+00
-4.705408641970427297e+00
-4.705360953395939738e+00
-4.705313213446492782e+00
-4.705265422159323307e+00
-4.705217579571903563e+00
-4.705169685721957151e+00
-4.705121740647451034e+00
-4.705073744386602641e+00
-4.705025696977882532e+00
-4.704977598460003740e+00
-4.704929448871939535e+00
-4.704881248252914538e+00
-4.704832996642409171e+00
-4.704784694080159646e+00
-4.704736340606165967e+00
-4.704687936260676828e+00
-4.704639481084210040e+00
-4.704590975117542762e+00
-4.704542418401720383e+00
-4.704493810978044976e+00
-4.704445152888090398e+00
-4.704396444173697844e+00
-4.704347684876977631e+00
-4.704298875040304750e+00
-4.704250014706339300e+00
-4.704201103917994509e+00
-4.704152142718480256e+00
-4.704103131151263106e+00
-4.704054069260099169e+00
-4.704004957089015448e+00
-4.703955794682321390e+00
-4.703906582084606214e+00
-4.703857319340743359e+00
-4.703808006495889593e+00
-4.703758643595486788e+00
-4.703709230685254816e+00
-4.703659767811217307e+00
-4.703610255019665232e+00
-4.703560692357199535e+00
-4.703511079870702716e+00
-4.703461417607347705e+00
-4.703411705614607641e+00
-4.703361943940240764e+00
-4.703312132632313514e+00
-4.703262271739178324e+00
-4.703212361309496714e+00
-4.703162401392222414e+00
-4.703112392036611134e+00
-4.703062333292223229e+00
-4.703012225208920150e+00
-4.702962067836872428e+00
-4.702911861226549917e+00
-4.702861605428731551e+00
-4.702811300494507130e+00
-4.702760946475273762e+00
-4.702710543422738532e+00
-4.702660091388922936e+00
-4.702609590426154007e+00
-4.702559040587081185e+00
-4.702508441924662108e+00
-4.702457794492177712e+00
-4.702407098343216241e+00
-4.702356353531697231e+00
-4.702305560111843974e+00
-4.702254718138218159e+00
-4.702203827665686120e+00
-4.702152888749445481e+00
-4.702101901445018939e+00
-4.702050865808249824e+00
-4.701999781895307429e+00
-4.701948649762693222e+00
-4.701897469467224866e+00
-4.701846241066066412e+00
-4.701794964616694550e+00
-4.701743640176929695e+00
-4.701692267804911118e+00
-4.701640847559126257e+00
-4.701589379498384069e+00
-4.701537863681837237e+00
-4.701486300168967958e+00
-4.701434689019595048e+00
-4.701383030293881937e+00
-4.701331324052319793e+00
-4.701279570355750614e+00
-4.701227769265351242e+00
-4.701175920842636913e+00
-4.701124025149473695e+00
-4.701072082248057171e+00
-4.701020092200945300e+00
-4.700968055071022000e+00
-4.700915970921530018e+00
-4.700863839816052270e+00
-4.700811661818526055e+00
-4.700759436993226181e+00
-4.700707165404784504e+00
-4.700654847118178381e+00
-4.700602482198741328e+00
-4.700550070712151474e+00
-4.700497612724443997e+00
-4.700445108302001351e+00
-4.700392557511567482e+00
-4.700339960420233609e+00
-4.700287317095449779e+00
-4.700234627605021309e+00
-4.700181892017106122e+00
-4.700129110400228960e+00
-4.700076282823261842e+00
-4.700023409355445381e+00
-4.699970490066362139e+00
-4.699917525025977483e+00
-4.699864514304601393e+00
-4.699811457972909778e+00
-4.699758356101937373e+00
-4.699705208763084840e+00
-4.699652016028116108e+00
-4.699598777969155705e+00
-4.699545494658691425e+00
-4.699492166169584095e+00
-4.699438792575042712e+00
-4.699385373948660849e+00
-4.699331910364382026e+00
-4.699278401896527235e+00
-4.699224848619781625e+00
-4.699171250609198935e+00
-4.699117607940195285e+00
-4.699063920688562490e+00
-4.699010188930458298e+00
-4.698956412742406386e+00
-4.698902592201304351e+00
-4.698848727384422830e+00
-4.698794818369396609e+00
-4.698740865234230846e+00
-4.698686868057308175e+00
-4.698632826917379823e+00
-4.698578741893570054e+00
-4.698524613065373501e+00
-4.698470440512656054e+00
-4.698416224315655754e+00
-4.698361964554995218e+00
-4.698307661311653227e+00
-4.698253314666997582e+00
-4.698198924702759349e+00
-4.698144491501046183e+00
-4.698090015144347653e+00
-4.698035495715514820e+00
-4.697980933297785988e+00
-4.697926327974764504e+00
-4.697871679830438296e+00
-4.697816988949158556e+00
-4.697762255415663724e+00
-4.697707479315059054e+00
-4.697652660732831720e+00
-4.697597799754841930e+00
-4.697542896467322926e+00
-4.697487950956888980e+00
-4.697432963310524734e+00
-4.697377933615594969e+00
-4.697322861959838391e+00
-4.697267748431372070e+00
-4.697212593118683444e+00
-4.697157396110643646e+00
-4.697102157496493291e+00
-4.697046877365849582e+00
-4.696991555808705421e+00
-4.696936192915438291e+00
-4.696880788776784499e+00
-4.696825343483871151e+00
-4.696769857128190395e+00
-4.696714329801618071e+00
-4.696658761596395948e+00
-4.696603152605147713e+00
-4.696547502920870976e+00
-4.696491812636931940e+00
-4.696436081847080501e+00
-4.696380310645427159e+00
-4.696324499126473206e+00
-4.696268647385080541e+00
-4.696212755516491200e+00
-4.696156823616314924e+00
-4.696100851780533603e+00
-4.696044840105514595e+00
-4.695988788687978754e+00
-4.695932697625034180e+00
-4.695876567014143355e+00
-4.695820396953161335e+00
-4.695764187540292234e+00
-4.695707938874129184e+00
-4.695651651053623254e+00
-4.695595324178093222e+00
-4.695538958347239777e+00
-4.695482553661117109e+00
-4.695426110220159543e+00
-4.695369628125158457e+00
-4.695313107477280035e+00
-4.695256548378054617e+00
-4.695199950929374921e+00
-4.695143315233504921e+00
-4.695086641393065641e+00
-4.695029929511055578e+00
-4.694973179690819620e+00
-4.694916392036081021e+00
-4.694859566650911198e+00
-4.694802703639759045e+00
-4.694745803107423399e+00
-4.694688865159065472e+00
-4.694631889900206190e+00
-4.694574877436730631e+00
-4.694517827874872928e+00
-4.694460741321234032e+00
-4.694403617882765722e+00
-4.694346457666776828e+00
-4.694289260780933226e+00
-4.694232027333259616e+00
-4.694174757432119094e+00
-4.694117451186246015e+00
-4.694060108704714906e+00
-4.694002730096956455e+00
-4.693945315472749513e+00
-4.693887864942221100e+00
-4.693830378615854393e+00
-4.693772856604473631e+00
-4.693715299019245890e+00
-4.693657705971690852e+00
-4.693600077573675478e+00
-4.693542413937404234e+00
-4.693484715175426203e+00
-4.693426981400627973e+00
-4.693369212726247852e+00
-4.693311409265861656e+00
-4.693253571133371160e+00
-4.693195698443027197e+00
-4.693137791309419882e+00
-4.693079849847466178e+00
-4.693021874172421448e+00
-4.692963864399875895e+00
-4.692905820645751902e+00
-4.692847743026300478e+00
-4.692789631658101257e+00
-4.692731486658071383e+00
-4.692673308143445965e+00
-4.692615096231789629e+00
-4.692556851040995625e+00
-4.692498572689273395e+00
-4.692440261295162784e+00
-4.692381916977525158e+00
-4.692323539855537184e+00
-4.692265130048696165e+00
-4.692206687676819143e+00
-4.692148212860034917e+00
-4.692089705718793802e+00
-4.692031166373854312e+00
-4.691972594946290265e+00
-4.691913991557484565e+00
-4.691855356329134530e+00
-4.691796689383235908e+00
-4.691737990842102413e+00
-4.691679260828347076e+00
-4.691620499464887573e+00
-4.691561706874942672e+00
-4.691502883182036676e+00
-4.691444028509987874e+00
-4.691385142982917422e+00
-4.691326226725238691e+00
-4.691267279861667028e+00
-4.691208302517208217e+00
-4.691149294817150484e+00
-4.691090256887093801e+00
-4.691031188852901046e+00
-4.690972090840745956e+00
-4.690912962977074052e+00
-4.690853805388621289e+00
-4.690794618202401622e+00
-4.690735401545709671e+00
-4.690676155546129600e+00
-4.690616880331510252e+00
-4.690557576029984688e+00
-4.690498242769959525e+00
-4.690438880680107836e+00
-4.690379489889381581e+00
-4.690320070526999174e+00
-4.690260622722441042e+00
-4.690201146605466498e+00
-4.690141642306089764e+00
-4.690082109954584411e+00
-4.690022549681490460e+00
-4.689962961617609061e+00
-4.689903345893994491e+00
-4.689843702641953271e+00
-4.689784031993052160e+00
-4.689724334079103940e+00
-4.689664609032178966e+00
-4.689604856984584735e+00
-4.689545078068886319e+00
-4.689485272417880601e+00
-4.689425440164620262e+00
-4.689365581442388908e+00
-4.689305696384716171e+00
-4.689245785125353727e+00
-4.689185847798312601e+00
-4.689125884537816091e+00
-4.689065895478324641e+00
-4.689005880754531397e+00
-4.688945840501351547e+00
-4.688885774853932098e+00
-4.688825683947634104e+00
-4.688765567918053101e+00
-4.688705426900988904e+00
-4.688645261032465150e+00
-4.688585070448725745e+00
-4.688524855286220649e+00
-4.688464615681618319e+00
-4.688404351771787049e+00
-4.688344063693807406e+00
-4.688283751584970460e+00
-4.688223415582760012e+00
-4.688163055824871250e+00
-4.688102672449191211e+00
-4.688042265593803215e+00
-4.687981835396992203e+00
-4.687921381997232295e+00
-4.687860905533184130e+00
-4.687800406143704635e+00
-4.687739883967832810e+00
-4.687679339144792401e+00
-4.687618771813987451e+00
-4.687558182115010297e+00
-4.687497570187621143e+00
-4.687436936171757829e+00
-4.687376280207537604e+00
-4.687315602435249140e+00
-4.687254902995337424e+00
-4.687194182028436629e+00
-4.687133439675325697e+00
-4.687072676076954991e+00
-4.687011891374436523e+00
-4.686951085709038622e+00
-4.686890259222185939e+00
-4.686829412055462996e+00
-4.686768544350590204e+00
-4.686707656249457621e+00
-4.686646747894089415e+00
-4.686585819426658972e+00
-4.686524870989479119e+00
-4.686463902725012787e+00
-4.686402914775848139e+00
-4.686341907284722552e+00
-4.686280880394499526e+00
-4.686219834248174898e+00
-4.686158768988870627e+00
-4.686097684759849002e+00
-4.686036581704486892e+00
-4.685975459966279288e+00
-4.685914319688849083e+00
-4.685853161015942625e+00
-4.685791984091406626e+00
-4.685730789059213919e+00
-4.685669576063444808e+00
-4.685608345248284401e+00
-4.685547096758034158e+00
-4.685485830737088797e+00
-4.685424547329953171e+00
-4.685363246681227167e+00
-4.685301928935611038e+00
-4.685240594237897405e+00
-4.685179242732973037e+00
-4.685117874565818852e+00
-4.685056489881495700e+00
-4.684995088825158582e+00
-4.684933671542039768e+00
-4.684872238177457682e+00
-4.684810788876804466e+00
-4.684749323785554864e+00
-4.684687843049254674e+00
-4.684626346813518083e+00
-4.684564835224037438e+00
-4.684503308426561041e+00
-4.684441766566915355e+00
-4.684380209790980132e+00
-4.684318638244697297e+00
-4.684257052074066507e+00
-4.684195451425146928e+00
-4.684133836444042132e+00
-4.684072207276920530e+00
-4.684010564069985172e+00
-4.683948906969491510e+00
-4.683887236121742070e+00
-4.683825551673075793e+00
-4.683763853769875141e+00
-4.683702142558553660e+00
-4.683640418185563092e+00
-4.683578680797391591e+00
-4.683516930540550405e+00
-4.683455167561580090e+00
-4.683393392007054956e+00
-4.683331604023554640e+00
-4.683269803757697858e+00
-4.683207991356112210e+00
-4.683146166965444834e+00
-4.683084330732349088e+00
-4.683022482803500530e+00
-4.682960623325577387e+00
-4.682898752445265877e+00
-4.682836870309259325e+00
-4.682774977064245725e+00
-4.682713072856927283e+00
-4.682651157833983113e+00
-4.682589232142107427e+00
-4.682527295927976674e+00
-4.682465349338262861e+00
-4.682403392519620233e+00
-4.682341425618695041e+00
-4.682279448782114883e+00
-4.682217462156489596e+00
-4.682155465888409474e+00
-4.682093460124438167e+00
-4.682031445011119786e+00
-4.681969420694962913e+00
-4.681907387322456593e+00
-4.681845345040048123e+00
-4.681783293994151940e+00
-4.681721234331153170e+00
-4.681659166197394306e+00
-4.681597089739169881e+00
-4.681535005102746005e+00
-4.681472912434327505e+00
-4.681410811880083678e+00
-4.681348703586123428e+00
-4.681286587698512136e+00
-4.681224464363253013e+00
-4.681162333726304858e+00
-4.681100195933551866e+00
-4.681038051130833821e+00
-4.680975899463908796e+00
-4.680913741078483348e+00
-4.680851576120195645e+00
-4.680789404734608361e+00
-4.680727227067209562e+00
-4.680665043263426917e+00
-4.680602853468599278e+00
-4.680540657827992668e+00
-4.680478456486789618e+00
-4.680416249590090949e+00
-4.680354037282911328e+00
-4.680291819710187262e+00
-4.680229597016750454e+00
-4.680167369347356221e+00
-4.680105136846652414e+00
-4.680042899659211386e+00
-4.679980657929485588e+00
-4.679918411801842204e+00
-4.679856161420541838e+00
-4.679793906929742953e+00
-4.679731648473498318e+00
-4.679669386195749681e+00
-4.679607120240332208e+00
-4.679544850750968266e+00
-4.679482577871263871e+00
-4.679420301744713129e+00
-4.679358022514688464e+00
-4.679295740324443287e+00
-4.679233455317107548e+00
-4.679171167635693074e+00
-4.679108877423077573e+00
-4.679046584822015298e+00
-4.678984289975127275e+00
-4.678921993024907522e+00
-4.678859694113708834e+00
-4.678797393383755221e+00
-4.678735090977126809e+00
-4.678672787035769609e+00
-4.678610481701480417e+00
-4.678548175115921026e+00
-4.678485867420601352e+00
-4.678423558756883871e+00
-4.678361249265983624e+00
-4.678298939088967323e+00
-4.678236628366742700e+00
-4.678174317240064717e+00
-4.678112005849532018e+00
-4.678049694335580710e+00
-4.677987382838494135e+00
-4.677925071498386878e+00
-4.677862760455208324e+00
-4.677800449848747988e+00
-4.677738139818618635e+00
-4.677675830504273158e+00
-4.677613522044988592e+00
-4.677551214579865224e+00
-4.677488908247829258e+00
-4.677426603187634591e+00
-4.677364299537857484e+00
-4.677301997436882353e+00
-4.677239697022925746e+00
-4.677177398434014144e+00
-4.677115101807985731e+00
-4.677052807282496616e+00
-4.676990514995011949e+00
-4.676928225082809476e+00
-4.676865937682964436e+00
-4.676803652932367328e+00
-4.676741370967717693e+00
-4.676679091925505460e+00
-4.676616815942026051e+00
-4.676554543153381260e+00
-4.676492273695465940e+00
-4.676430007703967107e+00
-4.676367745314372826e+00
-4.676305486661962441e+00
-4.676243231881804796e+00
-4.676180981108762680e+00
-4.676118734477485717e+00
-4.676056492122409480e+00
-4.675994254177756382e+00
-4.675932020777532117e+00
-4.675869792055523000e+00
-4.675807568145303961e+00
-4.675745349180221666e+00
-4.675683135293396298e+00
-4.675620926617741091e+00
-4.675558723285931251e+00
-4.675496525430417272e+00
-4.675434333183424940e+00
-4.675372146676950891e+00
-4.675309966042759946e+00
-4.675247791412386000e+00
-4.675185622917124029e+00
-4.675123460688045185e+00
-4.675061304855976374e+00
-4.674999155551507357e+00
-4.674937012904993416e+00
-4.674874877046548249e+00
-4.674812748106039528e+00
-4.674750626213101334e+00
-4.674688511497113730e+00
-4.674626404087220521e+00
-4.674564304112313273e+00
-4.674502211701038412e+00
-4.674440126981791899e+00
-4.674378050082721892e+00
-4.674315981131718978e+00
-4.674253920256430384e+00
-4.674191867584244875e+00
-4.674129823242288317e+00
-4.674067787357449433e+00
-4.674005760056342496e+00
-4.673943741465328650e+00
-4.673881731710512355e+00
-4.673819730917733395e+00
-4.673757739212571316e+00
-4.673695756720343653e+00
-4.673633783566100597e+00
-4.673571819874632993e+00
-4.673509865770462568e+00
-4.673447921377837488e+00
-4.673385986820751015e+00
-4.673324062222915742e+00
-4.673262147707779590e+00
-4.673200243398516029e+00
-4.673138349418030302e+00
-4.673076465888950537e+00
-4.673014592933630418e+00
-4.672952730674153621e+00
-4.672890879232322270e+00
-4.672829038729663154e+00
-4.672767209287429502e+00
-4.672705391026588551e+00
-4.672643584067829536e+00
-4.672581788531565472e+00
-4.672520004537924265e+00
-4.672458232206752271e+00
-4.672396471657612516e+00
-4.672334723009783808e+00
-4.672272986382259852e+00
-4.672211261893753687e+00
-4.672149549662685253e+00
-4.672087849807188498e+00
-4.672026162445114039e+00
-4.671964487694017620e+00
-4.671902825671169879e+00
-4.671841176493551906e+00
-4.671779540277850806e+00
-4.671717917140464138e+00
-4.671656307197496361e+00
-4.671594710564761499e+00
-4.671533127357770709e+00
-4.671471557691759813e+00
-4.671410001681646662e+00
-4.671348459442071999e+00
-4.671286931087374583e+00
-4.671225416731592084e+00
-4.671163916488469958e+00
-4.671102430471455236e+00
-4.671040958793695630e+00
-4.670979501568037762e+00
-4.670918058907033377e+00
-4.670856630922930464e+00
-4.670795217727683024e+00
-4.670733819432929756e+00
-4.670672436150028695e+00
-4.670611067990016352e+00
-4.670549715063636143e+00
-4.670488377481330389e+00
-4.670427055353235879e+00
-4.670365748789182092e+00
-4.670304457898698303e+00
-4.670243182791011805e+00
-4.670181923575039917e+00
-4.670120680359395315e+00
-4.670059453252389581e+00
-4.669998242362020768e+00
-4.669937047795993834e+00
-4.669875869661689549e+00
-4.669814708066195585e+00
-4.669753563116284312e+00
-4.669692434918431445e+00
-4.669631323578792070e+00
-4.669570229203220180e+00
-4.669509151897261567e+00
-4.669448091766153830e+00
-4.669387048914821037e+00
-4.669326023447885277e+00
-4.669265015469655999e+00
-4.669204025084133569e+00
-4.669143052395011040e+00
-4.669082097505669715e+00
-4.669021160519178260e+00
-4.668960241538306022e+00
-4.668899340665499054e+00
-4.668838458002905867e+00
-4.668777593652358782e+00
-4.668716747715374815e+00
-4.668655920293172557e+00
-4.668595111486651739e+00
-4.668534321396404785e+00
-4.668473550122714144e+00
-4.668412797765547850e+00
-4.668352064424571068e+00
-4.668291350199130996e+00
-4.668230655188271960e+00
-4.668169979490723875e+00
-4.668109323204903127e+00
-4.668048686428921457e+00
-4.667988069260577966e+00
-4.667927471797365335e+00
-4.667866894136456501e+00
-4.667806336374730414e+00
-4.667745798608741836e+00
-4.667685280934742664e+00
-4.667624783448674819e+00
-4.667564306246168471e+00
-4.667503849422547368e+00
-4.667443413072827063e+00
-4.667382997291712243e+00
-4.667322602173598511e+00
-4.667262227812576825e+00
-4.667201874302425502e+00
-4.667141541736619992e+00
-4.667081230208319553e+00
-4.667020939810386793e+00
-4.666960670635371677e+00
-4.666900422775517754e+00
-4.666840196322760370e+00
-4.666779991368732894e+00
-4.666719808004756054e+00
-4.666659646321853927e+00
-4.666599506410738840e+00
-4.666539388361822915e+00
-4.666479292265206524e+00
-4.666419218210691611e+00
-4.666359166287777249e+00
-4.666299136585654317e+00
-4.666239129193214374e+00
-4.666179144199047890e+00
-4.666119181691433582e+00
-4.666059241758359732e+00
-4.665999324487510869e+00
-4.665939429966264207e+00
-4.665879558281702089e+00
-4.665819709520610203e+00
-4.665759883769466931e+00
-4.665700081114454001e+00
-4.665640301641460930e+00
-4.665580545436066373e+00
-4.665520812583565657e+00
-4.665461103168953905e+00
-4.665401417276918039e+00
-4.665341754991865209e+00
-4.665282116397897028e+00
-4.665222501578824676e+00
-4.665162910618165348e+00
-4.665103343599141361e+00
-4.665043800604684598e+00
-4.664984281717425851e+00
-4.664924787019716135e+00
-4.664865316593610700e+00
-4.664805870520870812e+00
-4.664746448882974406e+00
-4.664687051761108094e+00
-4.664627679236160951e+00
-4.664568331388752043e+00
-4.664509008299195791e+00
-4.664449710047531283e+00
-4.664390436713508059e+00
-4.664331188376590553e+00
-4.664271965115960761e+00
-4.664212767010513794e+00
-4.664153594138865877e+00
-4.664094446579345465e+00
-4.664035324410005678e+00
-4.663976227708613642e+00
-4.663917156552662036e+00
-4.663858111019359320e+00
-4.663799091185638623e+00
-4.663740097128159512e+00
-4.663681128923292896e+00
-4.663622186647141454e+00
-4.663563270375535197e+00
-4.663504380184027021e+00
-4.663445516147892711e+00
-4.663386678342136271e+00
-4.663327866841493474e+00
-4.663269081720433640e+00
-4.663210323053139206e+00
-4.663151590913543032e+00
-4.663092885375292873e+00
-4.663034206511777136e+00
-4.662975554396116884e+00
-4.662916929101166730e+00
-4.662858330699515719e+00
-4.662799759263488220e+00
-4.662741214865146588e+00
-4.662682697576288504e+00
-4.662624207468453186e+00
-4.662565744612915175e+00
-4.662507309080694995e+00
-4.662448900942552044e+00
-4.662390520268983707e+00
-4.662332167130236904e+00
-4.662273841596296542e+00
-4.662215543736897061e+00
-4.662157273621518883e+00
-4.662099031319386633e+00
-4.662040816899470030e+00
-4.661982630430498986e+00
-4.661924471980941398e+00
-4.661866341619019138e+00
-4.661808239412704502e+00
-4.661750165429730863e+00
-4.661692119737572249e+00
-4.661634102403469981e+00
-4.661576113494413143e+00
-4.661518153077145676e+00
-4.661460221218178823e+00
-4.661402317983770693e+00
-4.661344443439945806e+00
-4.661286597652489760e+00
-4.661228780686947459e+00
-4.661170992608624886e+00
-4.661113233482597984e+00
-4.661055503373701114e+00
-4.660997802346535934e+00
-4.660940130465473175e+00
-4.660882487794645535e+00
-4.660824874397961892e+00
-4.660767290339098423e+00
-4.660709735681495935e+00
-4.660652210488378522e+00
-4.660594714822734019e+00
-4.660537248747327332e+00
-4.660479812324697768e+00
-4.660422405617161701e+00
-4.660365028686816125e+00
-4.660307681595526219e+00
-4.660250364404947554e+00
-4.660193077176505660e+00
-4.660135819971417348e+00
-4.660078592850679158e+00
-4.660021395875061145e+00
-4.659964229105130862e+00
-4.659907092601239142e+00
-4.659849986423519219e+00
-4.659792910631889384e+00
-4.659735865286065426e+00
-4.659678850445547305e+00
-4.659621866169629811e+00
-4.659564912517394575e+00
-4.659507989547718054e+00
-4.659451097319275092e+00
-4.659394235890535363e+00
-4.659337405319755376e+00
-4.659280605664998909e+00
-4.659223836984122791e+00
-4.659167099334791118e+00
-4.659110392774455711e+00
-4.659053717360386315e+00
-4.658997073149641288e+00
-4.658940460199089806e+00
-4.658883878565402981e+00
-4.658827328305063631e+00
-4.658770809474353847e+00
-4.658714322129371865e+00
-4.658657866326016972e+00
-4.658601442120000158e+00
-4.658545049566853891e+00
-4.658488688721914350e+00
-4.658432359640330311e+00
-4.658376062377066695e+00
-4.658319796986907235e+00
-4.658263563524451811e+00
-4.658207362044113786e+00
-4.658151192600132440e+00
-4.658095055246561422e+00
-4.658038950037269643e+00
-4.657982877025968804e+00
-4.657926836266174320e+00
-4.657870827811230185e+00
-4.657814851714311644e+00
-4.657758908028418077e+00
-4.657702996806368567e+00
-4.657647118100824990e+00
-4.657591271964266255e+00
-4.657535458449007848e+00
-4.657479677607196500e+00
-4.657423929490810188e+00
-4.657368214151666130e+00
-4.657312531641407460e+00
-4.657256882011521881e+00
-4.657201265313323901e+00
-4.657145681597981479e+00
-4.657090130916487603e+00
-4.657034613319682492e+00
-4.656979128858242944e+00
-4.656923677582695653e+00
-4.656868259543401223e+00
-4.656812874790573709e+00
-4.656757523374261076e+00
-4.656702205344377177e+00
-4.656646920750655561e+00
-4.656591669642704545e+00
-4.656536452069969911e+00
-4.656481268081742009e+00
-4.656426117727181513e+00
-4.656371001055279457e+00
-4.656315918114895425e+00
-4.656260868954736232e+00
-4.656205853623373692e+00
-4.656150872169223298e+00
-4.656095924640569983e+00
-4.656041011085547687e+00
-4.655986131552155349e+00
-4.655931286088255128e+00
-4.655876474741562632e+00
-4.655821697559664685e+00
-4.655766954590006890e+00
-4.655712245879897182e+00
-4.655657571476516488e+00
-4.655602931426902735e+00
-4.655548325777976615e+00
-4.655493754576512266e+00
-4.655439217869153268e+00
-4.655384715702425069e+00
-4.655330248122718118e+00
-4.655275815176294962e+00
-4.655221416909291143e+00
-4.655167053367720520e+00
-4.655112724597465501e+00
-4.655058430644293033e+00
-4.655004171553838610e+00
-4.654949947371622265e+00
-4.654895758143043238e+00
-4.654841603913372872e+00
-4.654787484727773261e+00
-4.654733400631279494e+00
-4.654679351668820964e+00
-4.654625337885197389e+00
-4.654571359325103685e+00
-4.654517416033113086e+00
-4.654463508053690468e+00
-4.654409635431187908e+00
-4.654355798209837580e+00
-4.654301996433772182e+00
-4.654248230147007170e+00
-4.654194499393450535e+00
-4.654140804216906346e+00
-4.654087144661064990e+00
-4.654033520769512045e+00
-4.653979932585729173e+00
-4.653926380153095899e+00
-4.653872863514883385e+00
-4.653819382714263320e+00
-4.653765937794300811e+00
-4.653712528797963266e+00
-4.653659155768115951e+00
-4.653605818747531764e+00
-4.653552517778872577e+00
-4.653499252904711447e+00
-4.653446024167523731e+00
-4.653392831609684421e+00
-4.653339675273478804e+00
-4.653286555201090913e+00
-4.653233471434619517e+00
-4.653180424016063021e+00
-4.653127412987331013e+00
-4.653074438390243373e+00
-4.653021500266528498e+00
-4.652968598657823307e+00
-4.652915733605677673e+00
-4.652862905151556205e+00
-4.652810113336827591e+00
-4.652757358202785021e+00
-4.652704639790630203e+00
-4.652651958141482247e+00
-4.652599313296371442e+00
-4.652546705296249030e+00
-4.652494134181986318e+00
-4.652441599994368460e+00
-4.652389102774095342e+00
-4.652336642561796687e+00
-4.652284219398017839e+00
-4.652231833323226873e+00
-4.652179484377809260e+00
-4.652127172602075866e+00
-4.652074898036266504e+00
-4.652022660720534830e+00
-4.651970460694967890e+00
-4.651918297999574570e+00
-4.651866172674290922e+00
-4.651814084758975731e+00
-4.651762034293427384e+00
-4.651710021317359889e+00
-4.651658045870420644e+00
-4.651606107992189543e+00
-4.651554207722177203e+00
-4.651502345099820523e+00
-4.651450520164488012e+00
-4.651398732955490445e+00
-4.651346983512062216e+00
-4.651295271873373771e+00
-4.651243598078530717e+00
-4.651191962166574712e+00
-4.651140364176482578e+00
-4.651088804147167188e+00
-4.651037282117477467e+00
-4.650985798126204607e+00
-4.650934352212070522e+00
-4.650882944413743836e+00
-4.650831574769830112e+00
-4.650780243318873630e+00
-4.650728950099357384e+00
-4.650677695149714630e+00
-4.650626478508308459e+00
-4.650575300213456664e+00
-4.650524160303414867e+00
-4.650473058816376515e+00
-4.650421995790494201e+00
-4.650370971263846798e+00
-4.650319985274475876e+00
-4.650269037860360832e+00
-4.650218129059425110e+00
-4.650167258909545076e+00
-4.650116427448546474e+00
-4.650065634714196428e+00
-4.650014880744215873e+00
-4.649964165576270680e+00
-4.649913489247984089e+00
-4.649862851796923380e+00
-4.649812253260610539e+00
-4.649761693676516927e+00
-4.649711173082068605e+00
-4.649660691514635680e+00
-4.649610249011558061e+00
-4.649559845610110820e+00
-4.649509481347538831e+00
-4.649459156261026571e+00
-4.649408870387726544e+00
-4.649358623764743292e+00
-4.649308416429130730e+00
-4.649258248417909911e+00
-4.649208119768047709e+00
-4.649158030516477247e+00
-4.649107980700082798e+00
-4.649057970355713110e+00
-4.649007999520176959e+00
-4.648958068230233387e+00
-4.648908176522607683e+00
-4.648858324433983391e+00
-4.648808512001006754e+00
-4.648758739260280493e+00
-4.648709006248377129e+00
-4.648659313001815896e+00
-4.648609659557096485e+00
-4.648560045950666186e+00
-4.648510472218946532e+00
-4.648460938398316422e+00
-4.648411444525113012e+00
-4.648361990635651253e+00
-4.648312576766207016e+00
-4.648263202953005546e+00
-4.648213869232258766e+00
-4.648164575640134188e+00
-4.648115322212762024e+00
-4.648066108986246725e+00
-4.648016935996650112e+00
-4.647967803280015353e+00
-4.647918710872340320e+00
-4.647869658809590021e+00
-4.647820647127706373e+00
-4.647771675862598428e+00
-4.647722745050131721e+00
-4.647673854726162013e+00
-4.647625004926491776e+00
-4.647576195686907496e+00
-4.647527427043165460e+00
-4.647478699030982874e+00
-4.647430011686058293e+00
-4.647381365044049417e+00
-4.647332759140598846e+00
-4.647284194011307434e+00
-4.647235669691756499e+00
-4.647187186217494492e+00
-4.647138743624044110e+00
-4.647090341946900516e+00
-4.647041981221531337e+00
-4.646993661483374893e+00
-4.646945382767849075e+00
-4.646897145110333582e+00
-4.646848948546196567e+00
-4.646800793110765326e+00
-4.646752678839354722e+00
-4.646704605767242313e+00
-4.646656573929686118e+00
-4.646608583361918399e+00
-4.646560634099146547e+00
-4.646512726176551311e+00
-4.646464859629290345e+00
-4.646417034492498210e+00
-4.646369250801278383e+00
-4.646321508590717464e+00
-4.646273807895874519e+00
-4.646226148751787299e+00
-4.646178531193468686e+00
-4.646130955255904915e+00
-4.646083420974066236e+00
-4.646035928382890923e+00
-4.645988477517299486e+00
-4.645941068412190234e+00
-4.645893701102438378e+00
-4.645846375622892488e+00
-4.645799092008378040e+00
-4.645751850293709850e+00
-4.645704650513668099e+00
-4.645657492703013425e+00
-4.645610376896486926e+00
-4.645563303128808386e+00
-4.645516271434672717e+00
-4.645469281848752630e+00
-4.645422334405706621e+00
-4.645375429140162993e+00
-4.645328566086728728e+00
-4.645281745279997487e+00
-4.645234966754536288e+00
-4.645188230544889052e+00
-4.645141536685584605e+00
-4.645094885211123348e+00
-4.645048276155988809e+00
-4.645001709554644975e+00
-4.644955185441530965e+00
-4.644908703851069909e+00
-4.644862264817660069e+00
-4.644815868375681944e+00
-4.644769514559492052e+00
-4.644723203403426481e+00
-4.644676934941802671e+00
-4.644630709208921182e+00
-4.644584526239051492e+00
-4.644538386066451530e+00
-4.644492288725353468e+00
-4.644446234249975269e+00
-4.644400222674504697e+00
-4.644354254033121521e+00
-4.644308328359970872e+00
-4.644262445689188112e+00
-4.644216606054880181e+00
-4.644170809491146912e+00
-4.644125056032048171e+00
-4.644079345711636719e+00
-4.644033678563938672e+00
-4.643988054622965933e+00
-4.643942473922705538e+00
-4.643896936497119654e+00
-4.643851442380155348e+00
-4.643805991605741035e+00
-4.643760584207777597e+00
-4.643715220220145490e+00
-4.643669899676713619e+00
-4.643624622611318919e+00
-4.643579389057778783e+00
-4.643534199049898170e+00
-4.643489052621450952e+00
-4.643443949806195015e+00
-4.643398890637866039e+00
-4.643353875150173060e+00
-4.643308903376818897e+00
-4.643263975351465511e+00
-4.643219091107765983e+00
-4.643174250679344972e+00
-4.643129454099812037e+00
-4.643084701402749204e+00
-4.643039992621717182e+00
-4.642995327790258919e+00
-4.642950706941891603e+00
-4.642906130110111107e+00
-4.642861597328388434e+00
-4.642817108630179490e+00
-4.642772664048904652e+00
-4.642728263617976303e+00
-4.642683907370775742e+00
-4.642639595340665615e+00
-4.642595327560976592e+00
-4.642551104065026912e+00
-4.642506924886109054e+00
-4.642462790057488853e+00
-4.642418699612407273e+00
-4.642374653584090183e+00
-4.642330652005727920e+00
-4.642286694910501055e+00
-4.642242782331548412e+00
-4.642198914302004376e+00
-4.642155090854965138e+00
-4.642111312023503800e+00
-4.642067577840676584e+00
-4.642023888339511295e+00
-4.641980243553005536e+00
-4.641936643514132932e+00
-4.641893088255856448e+00
-4.641849577811092864e+00
-4.641806112212748303e+00
-4.641762691493697801e+00
-4.641719315686787972e+00
-4.641675984824845003e+00
-4.641632698940667545e+00
-4.641589458067020502e+00
-4.641546262236657228e+00
-4.641503111482293775e+00
-4.641460005836619551e+00
-4.641416945332300870e+00
-4.641373930001975623e+00
-4.641330959878255058e+00
-4.641288034993720224e+00
-4.641245155380925524e+00
-4.641202321072402270e+00
-4.641159532100649798e+00
-4.641116788498138135e+00
-4.641074090297310661e+00
-4.641031437530582338e+00
-4.640988830230338813e+00
-4.640946268428938204e+00
-4.640903752158706652e+00
-4.640861281451944542e+00
-4.640818856340922061e+00
-4.640776476857875643e+00
-4.640734143035016857e+00
-4.640691854904527958e+00
-4.640649612498557453e+00
-4.640607415849220985e+00
-4.640565264988612881e+00
-4.640523159948786613e+00
-4.640481100761769895e+00
-4.640439087459558465e+00
-4.640397120074116089e+00
-4.640355198637378109e+00
-4.640313323181239902e+00
-4.640271493737573749e+00
-4.640229710338214630e+00
-4.640187973014967326e+00
-4.640146281799603756e+00
-4.640104636723862974e+00
-4.640063037819444958e+00
-4.640021485118027478e+00
-4.639979978651243897e+00
-4.639938518450702709e+00
-4.639897104547973328e+00
-4.639855736974594969e+00
-4.639814415762064215e+00
-4.639773140941851004e+00
-4.639731912545390635e+00
-4.639690730604076663e+00
-4.639649595149274219e+00
-4.639608506212309358e+00
-4.639567463824473492e+00
-4.639526468017020733e+00
-4.639485518821173216e+00
-4.639444616268106891e+00
-4.639403760388975506e+00
-4.639362951214883957e+00
-4.639322188776901612e+00
-4.639281473106067644e+00
-4.639240804233377702e+00
-4.639200182189789246e+00
-4.639159607006225983e+00
-4.639119078713569877e+00
-4.639078597342664700e+00
-4.639038162924315145e+00
-4.638997775489288600e+00
-4.638957435068316926e+00
-4.638917141692080470e+00
-4.638876895391231159e+00
-4.638836696196380061e+00
-4.638796544138087619e+00
-4.638756439246890295e+00
-4.638716381553265045e+00
-4.638676371087664840e+00
-4.638636407880494694e+00
-4.638596491962115209e+00
-4.638556623362846132e+00
-4.638516802112972570e+00
-4.638477028242724565e+00
-4.638437301782301070e+00
-4.638397622761856631e+00
-4.638357991211496056e+00
-4.638318407161285961e+00
-4.638278870641252993e+00
-4.638239381681368734e+00
-4.638199940311575453e+00
-4.638160546561755915e+00
-4.638121200461761795e+00
-4.638081902041393256e+00
-4.638042651330401611e+00
-4.638003448358503533e+00
-4.637964293155360629e+00
-4.637925185750593648e+00
-4.637886126173775381e+00
-4.637847114454428876e+00
-4.637808150622038106e+00
-4.637769234706031973e+00
-4.637730366735801191e+00
-4.637691546740681403e+00
-4.637652774749959406e+00
-4.637614050792885578e+00
-4.637575374898645464e+00
-4.637536747096389078e+00
-4.637498167415209593e+00
-4.637459635884156661e+00
-4.637421152532226643e+00
-4.637382717388366160e+00
-4.637344330481473875e+00
-4.637305991840399599e+00
-4.637267701493938077e+00
-4.637229459470828985e+00
-4.637191265799777362e+00
-4.637153120509419857e+00
-4.637115023628347821e+00
-4.637076975185101091e+00
-4.637038975208167102e+00
-4.637001023725978222e+00
-4.636963120766915303e+00
-4.636925266359305908e+00
-4.636887460531421645e+00
-4.636849703311487048e+00
-4.636811994727663588e+00
-4.636774334808061226e+00
-4.636736723580738406e+00
-4.636699161073696729e+00
-4.636661647314880064e+00
-4.636624182332177213e+00
-4.636586766153420136e+00
-4.636549398806388389e+00
-4.636512080318800244e+00
-4.636474810718319794e+00
-4.636437590032547185e+00
-4.636400418289039038e+00
-4.636363295515279148e+00
-4.636326221738698017e+00
-4.636289196986669303e+00
-4.636252221286503605e+00
-4.636215294665461784e+00
-4.636178417150724762e+00
-4.636141588769439714e+00
-4.636104809548672101e+00
-4.636068079515438534e+00
-4.636031398696686345e+00
-4.635994767119307802e+00
-4.635958184810131222e+00
-4.635921651795920084e+00
-4.635885168103379250e+00
-4.635848733759148743e+00
-4.635812348789807302e+00
-4.635776013221865277e+00
-4.635739727081773509e+00
-4.635703490395916226e+00
-4.635667303190616373e+00
-4.635631165492128503e+00
-4.635595077326639668e+00
-4.635559038720277414e+00
-4.635523049699097342e+00
-4.635487110289092882e+00
-4.635451220516185522e+00
-4.635415380406234576e+00
-4.635379589985030968e+00
-4.635343849278295458e+00
-4.635308158311675975e+00
-4.635272517110764490e+00
-4.635236925701071264e+00
-4.635201384108042610e+00
-4.635165892357053785e+00
-4.635130450473410768e+00
-4.635095058482348485e+00
-4.635059716409023700e+00
-4.635024424278535449e+00
-4.634989182115900164e+00
-4.634953989946067665e+00
-4.634918847793906060e+00
-4.634883755684222173e+00
-4.634848713641742002e+00
-4.634813721691116051e+00
-4.634778779856927322e+00
-4.634743888163681547e+00
-4.634709046635800078e+00
-4.634674255297642986e+00
-4.634639514173484187e+00
-4.634604823287525655e+00
-4.634570182663891202e+00
-4.634535592326626485e+00
-4.634501052299701662e+00
-4.634466562607004292e+00
-4.634432123272346438e+00
-4.634397734319461115e+00
-4.634363395772003180e+00
-4.634329107653542223e+00
-4.634294869987571452e+00
-4.634260682797505027e+00
-4.634226546106669176e+00
-4.634192459938313746e+00
-4.634158424315606872e+00
-4.634124439261631423e+00
-4.634090504799385002e+00
-4.634056620951786165e+00
-4.634022787741667315e+00
-4.633989005191777366e+00
-4.633955273324778190e+00
-4.633921592163248171e+00
-4.633887961729678651e+00
-4.633854382046475706e+00
-4.633820853135956597e+00
-4.633787375020350652e+00
-4.633753947721807265e+00
-4.633720571262374577e+00
-4.633687245664020793e+00
-4.633653970948624412e+00
-4.633620747137971563e+00
-4.633587574253759556e+00
-4.633554452317592443e+00
-4.633521381350989010e+00
-4.633488361375368569e+00
-4.633455392412062501e+00
-4.633422474482308928e+00
-4.633389607607256266e+00
-4.633356791807949904e+00
-4.633324027105352627e+00
-4.633291313520323307e+00
-4.633258651073628442e+00
-4.633226039785940387e+00
-4.633193479677837345e+00
-4.633160970769790943e+00
-4.633128513082184874e+00
-4.633096106635303357e+00
-4.633063751449330248e+00
-4.633031447544350812e+00
-4.632999194940352616e+00
-4.632966993657220200e+00
-4.632934843714744844e+00
-4.632902745132605027e+00
-4.632870697930386861e+00
-4.632838702127572539e+00
-4.632806757743539450e+00
-4.632774864797563730e+00
-4.632743023308821151e+00
-4.632711233296374687e+00
-4.632679494779189611e+00
-4.632647807776123727e+00
-4.632616172305930924e+00
-4.632584588387253177e+00
-4.632553056038629435e+00
-4.632521575278496506e+00
-4.632490146125170405e+00
-4.632458768596871224e+00
-4.632427442711702703e+00
-4.632396168487658450e+00
-4.632364945942625489e+00
-4.632333775094379824e+00
-4.632302655960581994e+00
-4.632271588558785069e+00
-4.632240572906427545e+00
-4.632209609020834229e+00
-4.632178696919219796e+00
-4.632147836618673686e+00
-4.632117028136188530e+00
-4.632086271488624618e+00
-4.632055566692738324e+00
-4.632024913765161678e+00
-4.631994312722412133e+00
-4.631963763580888127e+00
-4.631933266356876189e+00
-4.631902821066534948e+00
-4.631872427725910235e+00
-4.631842086350924426e+00
-4.631811796957377325e+00
-4.631781559560951500e+00
-4.631751374177206948e+00
-4.631721240821583763e+00
-4.631691159509389699e+00
-4.631661130255816161e+00
-4.631631153075935536e+00
-4.631601227984681657e+00
-4.631571354996873779e+00
-4.631541534127201487e+00
-4.631511765390224689e+00
-4.631482048800384277e+00
-4.631452384371983477e+00
-4.631422772119205611e+00
-4.631393212056098996e+00
-4.631363704196583164e+00
-4.631334248554448862e+00
-4.631304845143362492e+00
-4.631275493976843904e+00
-4.631246195068291271e+00
-4.631216948430972202e+00
-4.631187754078011309e+00
-4.631158612022408860e+00
-4.631129522277022126e+00
-4.631100484854576038e+00
-4.631071499767670296e+00
-4.631042567028748280e+00
-4.631013686650134353e+00
-4.630984858644001001e+00
-4.630956083022397252e+00
-4.630927359797220255e+00
-4.630898688980233935e+00
-4.630870070583057441e+00
-4.630841504617175808e+00
-4.630812991093929298e+00
-4.630784530024516066e+00
-4.630756121419989491e+00
-4.630727765291262621e+00
-4.630699461649106397e+00
-4.630671210504138102e+00
-4.630643011866841796e+00
-4.630614865747549658e+00
-4.630586772156446429e+00
-4.630558731103572967e+00
-4.630530742598816474e+00
-4.630502806651926484e+00
-4.630474923272491772e+00
-4.630447092469960779e+00
-4.630419314253622964e+00
-4.630391588632624789e+00
-4.630363915615959947e+00
-4.630336295212466702e+00
-4.630308727430831439e+00
-4.630281212279586889e+00
-4.630253749767114790e+00
-4.630226339901639676e+00
-4.630198982691227094e+00
-4.630171678143795155e+00
-4.630144426267102986e+00
-4.630117227068744512e+00
-4.630090080556164445e+00
-4.630062986736648512e+00
-4.630035945617314574e+00
-4.630008957205135722e+00
-4.629982021506909184e+00
-4.629955138529278535e+00
-4.629928308278730142e+00
-4.629901530761579842e+00
-4.629874805983985375e+00
-4.629848133951937506e+00
-4.629821514671266236e+00
-4.629794948147632816e+00
-4.629768434386536846e+00
-4.629741973393311838e+00
-4.629715565173123437e+00
-4.629689209730964983e+00
-4.629662907071671718e+00
-4.629636657199899474e+00
-4.629610460120144211e+00
-4.629584315836726027e+00
-4.629558224353794493e+00
-4.629532185675336642e+00
-4.629506199805155653e+00
-4.629480266746890393e+00
-4.629454386503998542e+00
-4.629428559079776129e+00
-4.629402784477336219e+00
-4.629377062699614243e+00
-4.629351393749381316e+00
-4.629325777629223815e+00
-4.629300214341551367e+00
-4.629274703888597742e+00
-4.629249246272423512e+00
-4.629223841494901848e+00
-4.629198489557733609e+00
-4.629173190462434917e+00
-4.629147944210344257e+00
-4.629122750802618036e+00
-4.629097610240230587e+00
-4.629072522523975941e+00
-4.629047487654459836e+00
-4.629022505632113038e+00
-4.628997576457176244e+00
-4.628972700129701856e+00
-4.628947876649566417e+00
-4.628923106016452849e+00
-4.628898388229859329e+00
-4.628873723289099296e+00
-4.628849111193295229e+00
-4.628824551941384868e+00
-4.628800045532111440e+00
-4.628775591964029879e+00
-4.628751191235512152e+00
-4.628726843344728614e+00
-4.628702548289666652e+00
-4.628678306068115589e+00
-4.628654116677680008e+00
-4.628629980115761100e+00
-4.628605896379576201e+00
-4.628581865466136591e+00
-4.628557887372273250e+00
-4.628533962094610210e+00
-4.628510089629583213e+00
-4.628486269973420164e+00
-4.628462503122166893e+00
-4.628438789071660509e+00
-4.628415127817539165e+00
-4.628391519355256278e+00
-4.628367963680044106e+00
-4.628344460786952830e+00
-4.628321010670826574e+00
-4.628297613326303406e+00
-4.628274268747824216e+00
-4.628250976929629168e+00
-4.628227737865753255e+00
-4.628204551550028079e+00
-4.628181417976080070e+00
-4.628158337137338485e+00
-4.628135309027014976e+00
-4.628112333638129350e+00
-4.628089410963484696e+00
-4.628066540995686928e+00
-4.628043723727126135e+00
-4.628020959149988123e+00
-4.627998247256257081e+00
-4.627975588037697818e+00
-4.627952981485872641e+00
-4.627930427592136020e+00
-4.627907926347628376e+00
-4.627885477743277853e+00
-4.627863081769804765e+00
-4.627840738417720701e+00
-4.627818447677318758e+00
-4.627796209538684202e+00
-4.627774023991690022e+00
-4.627751891025990716e+00
-4.627729810631031171e+00
-4.627707782796036895e+00
-4.627685807510033555e+00
-4.627663884761807012e+00
-4.627642014539948612e+00
-4.627620196832826771e+00
-4.627598431628585196e+00
-4.627576718915160647e+00
-4.627555058680270506e+00
-4.627533450911417212e+00
-4.627511895595869618e+00
-4.627490392720698509e+00
-4.627468942272743746e+00
-4.627447544238624921e+00
-4.627426198604745800e+00
-4.627404905357288989e+00
-4.627383664482210612e+00
-4.627362475965258071e+00
-4.627341339791949615e+00
-4.627320255947576122e+00
-4.627299224417214418e+00
-4.627278245185717509e+00
-4.627257318237707473e+00
-4.627236443557597667e+00
-4.627215621129563417e+00
-4.627194850937564219e+00
-4.627174132965329534e+00
-4.627153467196372105e+00
-4.627132853613970198e+00
-4.627112292201183585e+00
-4.627091782940839337e+00
-4.627071325815547809e+00
-4.627050920807684875e+00
-4.627030567899398150e+00
-4.627010267072622085e+00
-4.626990018309047770e+00
-4.626969821590146914e+00
-4.626949676897158525e+00
-4.626929584211102231e+00
-4.626909543512760514e+00
-4.626889554782688485e+00
-4.626869618001213880e+00
-4.626849733148441501e+00
-4.626829900204233681e+00
-4.626810119148234257e+00
-4.626790389959849037e+00
-4.626770712618259118e+00
-4.626751087102414672e+00
-4.626731513391034056e+00
-4.626711991462602036e+00
-4.626692521295379557e+00
-4.626673102867391307e+00
-4.626653736156432828e+00
-4.626634421140065179e+00
-4.626615157795616717e+00
-4.626595946100191092e+00
-4.626576786030653921e+00
-4.626557677563644333e+00
-4.626538620675558100e+00
-4.626519615342570724e+00
-4.626500661540622339e+00
-4.626481759245413272e+00
-4.626462908432418253e+00
-4.626444109076876643e+00
-4.626425361153797766e+00
-4.626406664637955579e+00
-4.626388019503884230e+00
-4.626369425725897599e+00
-4.626350883278066206e+00
-4.626332392134235860e+00
-4.626313952268010787e+00
-4.626295563652762510e+00
-4.626277226261636066e+00
-4.626258940067539349e+00
-4.626240705043139556e+00
-4.626222521160884504e+00
-4.626204388392975098e+00
-4.626186306711390195e+00
-4.626168276087863518e+00
-4.626150296493905856e+00
-4.626132367900784637e+00
-4.626114490279546132e+00
-4.626096663600991477e+00
-4.626078887835693543e+00
-4.626061162953991612e+00
-4.626043488925997593e+00
-4.626025865721577368e+00
-4.626008293310373887e+00
-4.625990771661793843e+00
-4.625973300745013894e+00
-4.625955880528974440e+00
-4.625938510982383178e+00
-4.625921192073715993e+00
-4.625903923771223170e+00
-4.625886706042910745e+00
-4.625869538856558272e+00
-4.625852422179719703e+00
-4.625835355979710961e+00
-4.625818340223612601e+00
-4.625801374878278693e+00
-4.625784459910335045e+00
-4.625767595286172984e+00
-4.625750780971952025e+00
-4.625734016933605197e+00
-4.625717303136831049e+00
-4.625700639547098092e+00
-4.625684026129646575e+00
-4.625667462849493816e+00
-4.625650949671416434e+00
-4.625634486559969005e+00
-4.625618073479476067e+00
-4.625601710394032118e+00
-4.625585397267502508e+00
-4.625569134063534094e+00
-4.625552920745533036e+00
-4.625536757276686117e+00
-4.625520643619952743e+00
-4.625504579738067612e+00
-4.625488565593532719e+00
-4.625472601148628904e+00
-4.625456686365414072e+00
-4.625440821205716979e+00
-4.625425005631141673e+00
-4.625409239603066602e+00
-4.625393523082657055e+00
-4.625377856030842061e+00
-4.625362238408332161e+00
-4.625346670175619401e+00
-4.625331151292967569e+00
-4.625315681720424621e+00
-4.625300261417811143e+00
-4.625284890344730115e+00
-4.625269568460566028e+00
-4.625254295724485765e+00
-4.625239072095429727e+00
-4.625223897532118933e+00
-4.625208771993069234e+00
-4.625193695436566443e+00
-4.625178667820684097e+00
-4.625163689103271025e+00
-4.625148759241978880e+00
-4.625133878194224835e+00
-4.625119045917219118e+00
-4.625104262367954355e+00
-4.625089527503215336e+00
-4.625074841279571913e+00
-4.625060203653375446e+00
-4.625045614580772124e+00
-4.625031074017690536e+00
-4.625016581919855874e+00
-4.625002138242778393e+00
-4.624987742941761404e+00
-4.624973395971895940e+00
-4.624959097288069643e+00
-4.624944846844955215e+00
-4.624930644597028184e+00
-4.624916490498555355e+00
-4.624902384503593922e+00
-4.624888326565993246e+00
-4.624874316639410843e+00
-4.624860354677293728e+00
-4.624846440632883748e+00
-4.624832574459225576e+00
-4.624818756109163154e+00
-4.624804985535336144e+00
-4.624791262690190585e+00
-4.624777587525962907e+00
-4.624763959994707463e+00
-4.624750380048265441e+00
-4.624736847638295956e+00
-4.624723362716247621e+00
-4.624709925233389640e+00
-4.624696535140782494e+00
-4.624683192389309916e+00
-4.624669896929647805e+00
-4.624656648712289098e+00
-4.624643447687532216e+00
-4.624630293805491732e+00
-4.624617187016083264e+00
-4.624604127269046572e+00
-4.624591114513927792e+00
-4.624578148700082103e+00
-4.624565229776687936e+00
-4.624552357692735427e+00
-4.624539532397032637e+00
-4.624526753838201998e+00
-4.624514021964689192e+00
-4.624501336724750722e+00
-4.624488698066476111e+00
-4.624476105937763037e+00
-4.624463560286338648e+00
-4.624451061059748902e+00
-4.624438608205371004e+00
-4.624426201670400083e+00
-4.624413841401857184e+00
-4.624401527346597263e+00
-4.624389259451296752e+00
-4.624377037662461554e+00
-4.624364861926428816e+00
-4.624352732189368709e+00
-4.624340648397279985e+00
-4.624328610495997971e+00
-4.624316618431186576e+00
-4.624304672148349837e+00
-4.624292771592831031e+00
-4.624280916709800238e+00
-4.624269107444272109e+00
-4.624257343741102311e+00
-4.624245625544987526e+00
-4.624233952800454794e+00
-4.624222325451889049e+00
-4.624210743443510907e+00
-4.624199206719387334e+00
-4.624187715223429862e+00
-4.624176268899397257e+00
-4.624164867690899960e+00
-4.624153511541392980e+00
-4.624142200394183000e+00
-4.624130934192428377e+00
-4.624119712879145361e+00
-4.624108536397192992e+00
-4.624097404689293533e+00
-4.624086317698025361e+00
-4.624075275365821192e+00
-4.624064277634968967e+00
-4.624053324447626956e+00
-4.624042415745803325e+00
-4.624031551471373014e+00
-4.624020731566071518e+00
-4.624009955971505548e+00
-4.623999224629140592e+00
-4.623988537480308025e+00
-4.623977894466211325e+00
-4.623967295527921628e+00
-4.623956740606380400e+00
-4.623946229642402095e+00
-4.623935762576670605e+00
-4.623925339349745478e+00
-4.623914959902063693e+00
-4.623904624173937883e+00
-4.623894332105552785e+00
-4.623884083636980336e+00
-4.623873878708169016e+00
-4.623863717258950068e+00
-4.623853599229033051e+00
-4.623843524558015616e+00
-4.623833493185382615e+00
-4.623823505050498106e+00
-4.623813560092624897e+00
-4.623803658250902338e+00
-4.623793799464370302e+00
-4.623783983671954090e+00
-4.623774210812473306e+00
-4.623764480824648082e+00
-4.623754793647085748e+00
-4.623745149218295047e+00
-4.623735547476672814e+00
-4.623725988360532391e+00
-4.623716471808078765e+00
-4.623706997757417447e+00
-4.623697566146558913e+00
-4.623688176913417713e+00
-4.623678829995820472e+00
-4.623669525331489893e+00
-4.623660262858066083e+00
-4.623651042513095888e+00
-4.623641864234040000e+00
-4.623632727958264965e+00
-4.623623633623059170e+00
-4.623614581165619519e+00
-4.623605570523073638e+00
-4.623596601632442571e+00
-4.623587674430691408e+00
-4.623578788854686650e+00
-4.623569944841234403e+00
-4.623561142327045737e+00
-4.623552381248774878e+00
-4.623543661542984573e+00
-4.623534983146176280e+00
-4.623526345994777742e+00
-4.623517750025146533e+00
-4.623509195173571840e+00
-4.623500681376271793e+00
-4.623492208569405015e+00
-4.623483776689063518e+00
-4.623475385671271809e+00
-4.623467035451999330e+00
-4.623458725967150684e+00
-4.623450457152574522e+00
-4.623442228944057319e+00
-4.623434041277336704e+00
-4.623425894088085464e+00
-4.623417787311932869e+00
-4.623409720884449570e+00
-4.623401694741157364e+00
-4.623393708817527425e+00
-4.623385763048988295e+00
-4.623377857370911670e+00
-4.623369991718634608e+00
-4.623362166027442655e+00
-4.623354380232582272e+00
-4.623346634269260846e+00
-4.623338928072639575e+00
-4.623331261577848572e+00
-4.623323634719975317e+00
-4.623316047434073539e+00
-4.623308499655163217e+00
-4.623300991318230579e+00
-4.623293522358234320e+00
-4.623286092710092277e+00
-4.623278702308707189e+00
-4.623271351088944492e+00
-4.623264038985646529e+00
-4.623256765933636991e+00
-4.623249531867698714e+00
-4.623242336722617196e+00
-4.623235180433137970e+00
-4.623228062933998572e+00
-4.623220984159906344e+00
-4.623213944045571289e+00
-4.623206942525666996e+00
-4.623199979534869719e+00
-4.623193055007832619e+00
-4.623186168879207969e+00
-4.623179321083627613e+00
-4.623172511555722508e+00
-4.623165740230119169e+00
-4.623159007041428126e+00
-4.623152311924265234e+00
-4.623145654813238359e+00
-4.623139035642954475e+00
-4.623132454348025000e+00
-4.623125910863055132e+00
-4.623119405122661618e+00
-4.623112937061454986e+00
-4.623106506614062639e+00
-4.623100113715106652e+00
-4.623093758299225975e+00
-4.623087440301063999e+00
-4.623081159655278327e+00
-4.623074916296534553e+00
-4.623068710159520478e+00
-4.623062541178923901e+00
-4.623056409289457491e+00
-4.623050314425857898e+00
-4.623044256522862661e+00
-4.623038235515251060e+00
-4.623032251337800602e+00
-4.623026303925333202e+00
-4.623020393212680546e+00
-4.623014519134701850e+00
-4.623008681626288308e+00
-4.623002880622354205e+00
-4.622997116057842248e+00
-4.622991387867734225e+00
-4.622985695987030574e+00
-4.622980040350775255e+00
-4.622974420894040648e+00
-4.622968837551939103e+00
-4.622963290259614944e+00
-4.622957778952256902e+00
-4.622952303565088350e+00
-4.622946864033374403e+00
-4.622941460292425475e+00
-4.622936092277592834e+00
-4.622930759924268607e+00
-4.622925463167899096e+00
-4.622920201943969687e+00
-4.622914976188021718e+00
-4.622909785835638274e+00
-4.622904630822459282e+00
-4.622899511084177071e+00
-4.622894426556533709e+00
-4.622889377175321002e+00
-4.622884362876401809e+00
-4.622879383595680736e+00
-4.622874439269133440e+00
-4.622869529832786206e+00
-4.622864655222726604e+00
-4.622859815375111481e+00
-4.622855010226150085e+00
-4.622850239712123610e+00
-4.622845503769378084e+00
-4.622840802334322596e+00
-4.622836135343440844e+00
-4.622831502733278697e+00
-4.622826904440455742e+00
-4.622822340401663510e+00
-4.622817810553665474e+00
-4.622813314833297937e+00
-4.622808853177470034e+00
-4.622804425523177940e+00
-4.622800031807480003e+00
-4.622795671967524278e+00
-4.622791345940534313e+00
-4.622787053663812706e+00
-4.622782795074749984e+00
-4.622778570110809504e+00
-4.622774378709551435e+00
-4.622770220808611441e+00
-4.622766096345714004e+00
-4.622762005258674201e+00
-4.622757947485394148e+00
-4.622753922963859452e+00
-4.622749931632159637e+00
-4.622745973428464161e+00
-4.622742048291038408e+00
-4.622738156158247236e+00
-4.622734296968540768e+00
-4.622730470660476598e+00
-4.622726677172700249e+00
-4.622722916443958496e+00
-4.622719188413102920e+00
-4.622715493019076582e+00
-4.622711830200928240e+00
-4.622708199897809678e+00
-4.622704602048975708e+00
-4.622701036593780621e+00
-4.622697503471695946e+00
-4.622694002622285581e+00
-4.622690533985232442e+00
-4.622687097500318920e+00
-4.622683693107445535e+00
-4.622680320746614058e+00
-4.622676980357945276e+00
-4.622673671881667445e+00
-4.622670395258126952e+00
-4.622667150427777649e+00
-4.622663937331196848e+00
-4.622660755909070218e+00
-4.622657606102203331e+00
-4.622654487851522553e+00
-4.622651401098071489e+00
-4.622648345783012758e+00
-4.622645321847629774e+00
-4.622642329233328518e+00
-4.622639367881635764e+00
-4.622636437734204407e+00
-4.622633538732810798e+00
-4.622630670819356524e+00
-4.622627833935868402e+00
-4.622625028024499372e+00
-4.622622253027531158e+00
-4.622619508887379602e+00
-4.622616795546577784e+00
-4.622614112947801779e+00
-4.622611461033854674e+00
-4.622608839747661236e+00
-4.622606249032298997e+00
-4.622603688830962732e+00
-4.622601159086990208e+00
-4.622598659743845317e+00
-4.622596190745140277e+00
-4.622593752034616976e+00
-4.622591343556155863e+00
-4.622588965253775051e+00
-4.622586617071628545e+00
-4.622584298954018678e+00
-4.622582010845388112e+00
-4.622579752690308297e+00
-4.622577524433505225e+00
-4.622575326019840780e+00
-4.622573157394327836e+00
-4.622571018502115159e+00
-4.622568909288501615e+00
-4.622566829698931734e+00
-4.622564779678992153e+00
-4.622562759174418723e+00
-4.622560768131101838e+00
-4.622558806495068673e+00
-4.622556874212500944e+00
-4.622554971229728693e+00
-4.622553097493236507e+00
-4.622551252949659961e+00
-4.622549437545776740e+00
-4.622547651228528842e+00
-4.622545893945002149e+00
-4.622544165642438863e+00
-4.622542466268241945e+00
-4.622540795769956468e+00
-4.622539154095291813e+00
-4.622537541192111910e+00
-4.622535957008435226e+00
-4.622534401492438327e+00
-4.622532874592456764e+00
-4.622531376256980629e+00
-4.622529906434660774e+00
-4.622528465074303483e+00
-4.622527052124891789e+00
-4.622525667535541061e+00
-4.622524311255551410e+00
-4.622522983234368610e+00
-4.622521683421615180e+00
-4.622520411767061077e+00
-4.622519168220648567e+00
-4.622517952732479785e+00
-4.622516765252822069e+00
-4.622515605732107957e+00
-4.622514474120929862e+00
-4.622513370370053387e+00
-4.622512294430399571e+00
-4.622511246253068862e+00
-4.622510225789314475e+00
-4.622509232990566375e+00
-4.622508267808416171e+00
-4.622507330194628672e+00
-4.622506420101136548e+00
-4.622505537480030569e+00
-4.622504682283588018e+00
-4.622503854464240725e+00
-4.622503053974596376e+00
-4.622502280767437632e+00
-4.622501534795707911e+00
-4.622500816012531821e+00
-4.622500124371198282e+00
-4.622499459825169410e+00
-4.622498822328076962e+00
-4.622498211833736548e+00
-4.622497628296120986e+00
-4.622497071669388724e+00
-4.622496541907863410e+00
-4.622496038966047216e+00
-4.622495562798617286e+00
-4.622495113360417740e+00
-4.622494690606474776e+00
-4.622494294491986899e+00
-4.622493924972331136e+00
-4.622493582003054158e+00
-4.622493265539882046e+00
-4.622492975538719406e+00
-4.622492711955642264e+00
-4.622492474746907831e+00
-4.622492263868944740e+00
-4.622492079278362809e+00
-4.622491920931952158e+00
-4.622491788786674327e+00
-4.622491682799671153e+00
-4.622491602928265664e+00
-4.622491549129953192e+00
-4.622491521362412925e+00
